3 0.33984375 0.7236328125 0.3486328125 0.712890625 0.35888671875 0.7197265625 0.3701171875 0.7138671875 0.3681640625 0.705078125 0.359375 0.6962890625 0.35693359375 0.689453125 0.357421875 0.6767578125 0.35546875 0.66796875 0.35009765625 0.6591796875 0.3291015625 0.66015625 0.32373046875 0.6708984375 0.3203125 0.6875 0.322265625 0.7255859375 0.31884765625 0.732421875 0.32080078125 0.7353515625 0.33984375 0.7236328125
4 0.46337890625 0.265625 0.470703125 0.255859375 0.47314453125 0.2451171875 0.46826171875 0.228515625 0.46044921875 0.224609375 0.44921875 0.2314453125 0.4462890625 0.23828125 0.44580078125 0.24609375 0.45068359375 0.2607421875 0.4580078125 0.2666015625 0.46337890625 0.265625
4 0.552734375 0.44140625 0.55712890625 0.4443359375 0.5726215828125001 0.4374716796875 0.5769638671874999 0.42553124999999997 0.576171875 0.408203125 0.5771484375 0.4013671875 0.57568359375 0.3916015625 0.57275390625 0.3896484375 0.57177734375 0.380859375 0.5609521484375 0.3755966796875 0.5541674796875 0.376681640625 0.54901123125 0.376681640625 0.54575439375 0.378310546875 0.5430405265625 0.3804814453125 0.541955078125 0.38210937500000003 0.5405981453125001 0.3907939453125 0.54150390625 0.3994140625 0.54443359375 0.423828125 0.552734375 0.44140625
4 0.70849609375 0.4638671875 0.72802734375 0.435546875 0.72900390625 0.4091796875 0.72412109375 0.3837890625 0.72021484375 0.38671875 0.7099609375 0.3740234375 0.69677734375 0.3720703125 0.69287109375 0.3759765625 0.693359375 0.3798828125 0.68896484375 0.3876953125 0.6884765625 0.404296875 0.6943359375 0.4384765625 0.70458984375 0.462890625 0.70849609375 0.4638671875
4 0.3994140625 0.3017578125 0.40234375 0.28515625 0.39990234375 0.28125 0.39208984375 0.2783203125 0.38427734375 0.28125 0.37841796875 0.2900390625 0.37939453125 0.3076171875 0.3828125 0.3125 0.388671875 0.3134765625 0.3994140625 0.3017578125
4 0.56298828125 0.529296875 0.568359375 0.5166015625 0.56787109375 0.5126953125 0.57080078125 0.505859375 0.5738095703125 0.4802890625 0.568359375 0.46484375 0.55224609375 0.4658203125 0.541015625 0.505859375 0.53955078125 0.5126953125 0.541015625 0.5283203125 0.5564213859375 0.5319833984375 0.56298828125 0.529296875
4 0.48388671875 0.3349609375 0.48388671875 0.330078125 0.4873046875 0.32421875 0.48681640625 0.3017578125 0.48291015625 0.287109375 0.47900390625 0.28125 0.470703125 0.2822265625 0.46630859375 0.294921875 0.462890625 0.294921875 0.45947265625 0.306640625 0.45703125 0.322265625 0.4638671875 0.341796875 0.47412109375 0.3447265625 0.48388671875 0.3349609375
4 0.263671875 0.3173828125 0.26171875 0.3193359375 0.26171875 0.3251953125 0.259765625 0.3251953125 0.267578125 0.328125 0.265625 0.341796875 0.2705078125 0.3466796875 0.267578125 0.3544921875 0.26318359375 0.3515625 0.26318359375 0.361328125 0.26513671875 0.357421875 0.275390625 0.359375 0.27685546875 0.3681640625 0.275390625 0.373046875 0.27783203125 0.3798828125 0.27734375 0.3857421875 0.27392578125 0.390625 0.2685546875 0.390625 0.26806640625 0.3955078125 0.29052734375 0.4296875 0.3095703125 0.4638671875 0.31103515625 0.46484375 0.314453125 0.458984375 0.31884765625 0.466796875 0.318359375 0.4697265625 0.322265625 0.4736328125 0.330078125 0.470703125 0.33349609375 0.4736328125 0.333984375 0.478515625 0.33837890625 0.4755859375 0.34423828125 0.4814453125 0.35009765625 0.4814453125 0.380859375 0.46484375 0.39404296875 0.4609375 0.396484375 0.4541015625 0.3955078125 0.451171875 0.39794921875 0.4482421875 0.39697265625 0.439453125 0.39404296875 0.435546875 0.39453125 0.4306640625 0.388671875 0.4111328125 0.3896484375 0.408203125 0.37841796875 0.3798828125 0.3779296875 0.3720703125 0.36474609375 0.3447265625 0.33837890625 0.3017578125 0.322265625 0.2890625 0.30224609375 0.2802734375 0.28271484375 0.279296875 0.2802734375 0.2822265625 0.27978515625 0.287109375 0.26806640625 0.30859375 0.259765625 0.310546875 0.263671875 0.3173828125
4 0.220703125 0.4716796875 0.220703125 0.4873046875 0.22314453125 0.4951171875 0.24365234375 0.52734375 0.25927734375 0.5283203125 0.26708984375 0.5234375 0.27099609375 0.5166015625 0.2705078125 0.5048828125 0.2744140625 0.498046875 0.2734375 0.4931640625 0.275390625 0.490234375 0.27587890625 0.4736328125 0.271484375 0.4716796875 0.2666015625 0.455078125 0.267578125 0.4501953125 0.25927734375 0.443359375 0.25732421875 0.4365234375 0.24755859375 0.4267578125 0.24267578125 0.42578125 0.236328125 0.4326171875 0.22705078125 0.4345703125 0.21826171875 0.4541015625 0.21630859375 0.462890625 0.21923828125 0.4677734375 0.216796875 0.470703125 0.220703125 0.4716796875
4 0.4814453125 0.423828125 0.4892578125 0.4443359375 0.51220703125 0.4453125 0.5166015625 0.443359375 0.52001953125 0.4375 0.52197265625 0.4150390625 0.51904296875 0.4111328125 0.51513671875 0.3935546875 0.51611328125 0.388671875 0.505859375 0.3681640625 0.49365234375 0.3642578125 0.4794921875 0.373046875 0.48095703125 0.376953125 0.47607421875 0.3935546875 0.48193359375 0.4189453125 0.4814453125 0.423828125
4 0.43505859375 0.345703125 0.43408203125 0.3291015625 0.4306640625 0.32421875 0.416015625 0.326171875 0.41162109375 0.3330078125 0.41162109375 0.3544921875 0.41796875 0.361328125 0.43115234375 0.353515625 0.43505859375 0.345703125
4 0.46240234375 0.4033203125 0.45849609375 0.37109375 0.443359375 0.3701171875 0.43798828125 0.3828125 0.4384765625 0.4013671875 0.44287109375 0.41796875 0.45263671875 0.4169921875 0.46240234375 0.4033203125