4 0.60980213125 0.5560281109375 0.5989474640625 0.55659698125 0.5882736203125 0.5606161984375 0.5869716796875 0.5735352109375 0.6010450359374999 0.5777402656249999 0.6069657625 0.5774299734375 0.625482246875 0.5720112187499999 0.6290160859375 0.5639178453125 0.6198250062499999 0.5584684 0.60980213125 0.5560281109375
4 0.2400975875 0.5630469875 0.22230957031249998 0.5634849562500001 0.21062310625 0.5670629828125 0.20171618125 0.5670355140625001 0.201116875 0.574480834375 0.2052190203125 0.5772314140625 0.2100754640625 0.5754941171875 0.21809893125 0.577544928125 0.23092717343750002 0.5768726281250001 0.24939199531249998 0.5704680609375 0.2491853375 0.5665248046875 0.2400975875 0.5630469875
4 0.2096569796875 0.397582165625 0.19682873437499998 0.398254465625 0.18818013125 0.40315606875 0.1915279765625 0.41039452499999995 0.204537046875 0.41317257500000004 0.21341814062500003 0.41270713593749997 0.22702651718750003 0.408039865625 0.22884509999999997 0.40497899375 0.22365283906250003 0.40030849999999996 0.2096569796875 0.397582165625
4 0.187384503125 0.46349758124999996 0.1676487421875 0.4645318875 0.175594709375 0.465103978125 0.16788123125 0.46896804999999997 0.18623239062500002 0.498156215625 0.1860515640625 0.494705865625 0.18989538749999998 0.492527375 0.20560649999999997 0.490221209375 0.206753446875 0.47434475625 0.187384503125 0.46349758124999996
4 0.641059028125 0.3972150796875 0.63319055625 0.398121709375 0.6254254125 0.4009999671875 0.6209047875 0.40914505468750006 0.6261745453125 0.41529426875000003 0.6380934984375 0.4161524046875 0.65364961875 0.410888796875 0.65637749375 0.4062974875 0.6551840484375 0.402405946875 0.6480698734375 0.3988246984375 0.641059028125 0.3972150796875
4 0.5511734828125 0.34360300781249997 0.5294641453125 0.344740746875 0.5238017375 0.3499801078125 0.5290714953125 0.356129321875 0.545924390625 0.35672888125 0.5547021546875001 0.3542918140625 0.5564690734375 0.35024512812499997 0.5511734828125 0.34360300781249997
4 0.74919756875 0.3648576953125 0.7403423078125 0.365816040625 0.7347057328125 0.371548309375 0.7360283390625 0.37790438437499996 0.757138371875 0.3842119671875 0.7738621046875 0.382346990625 0.776744971875 0.380713125 0.7756031906249999 0.3778073984375 0.76121985 0.367687459375 0.74919756875 0.3648576953125
4 0.335092725 0.261017771875 0.3291978265625 0.26182097187500003 0.32052339218750003 0.266229665625 0.32400039999999997 0.275932659375 0.33404910625 0.27886585468749997 0.3487992625 0.27710430937499997 0.3526172546875 0.2744329125 0.35212644375 0.2650676796875 0.335092725 0.261017771875
4 0.5089327484374999 0.12290513750000001 0.4940792625 0.1226950546875 0.487223409375 0.12404287656249999 0.4756661078125 0.13008543749999998 0.45104807031250005 0.13236413593750002 0.448165203125 0.13399800312500001 0.443644575 0.142143090625 0.44688909531250004 0.1474099203125 0.45299064843750003 0.15054997812499998 0.46877925625000005 0.1497225328125 0.474829146875 0.15187677500000002 0.48373607031250004 0.1519042421875 0.4875282296875 0.148739940625 0.4925655 0.1504529921875 0.49726695000000004 0.1457582515625 0.512874734375 0.14148045781250002 0.51921394375 0.1302744953125 0.5089327484374999 0.12290513750000001
4 0.33544920624999996 0.19229684062500002 0.32867085 0.1951233828125 0.3012681078125 0.21978975625000002 0.308485609375 0.22534263281250003 0.32019790625 0.2222575140625 0.3239384015625 0.21810739687499997 0.350349190625 0.21227491875 0.3478589703125 0.20252020937499998 0.337655271875 0.19662957187500002 0.33544920624999996 0.19229684062500002
4 0.2829841125 0.229644675 0.279088625 0.23083735 0.265609409375 0.23796915625 0.2543620921875 0.2499266015625 0.26926724218750003 0.2511224984375 0.30180541562499996 0.248922984375 0.310324859375 0.241556846875 0.30910558125 0.2371724 0.303004028125 0.23403234374999998 0.28716375312500003 0.23387397499999998 0.2829841125 0.229644675
4 0.5982964843749999 0.1854412484375 0.5707955796874999 0.18935381406250001 0.5701704421875 0.196306228125 0.57640115625 0.20191081875 0.59037118125 0.20414424687500002 0.5955634453124999 0.2088147390625 0.614415746875 0.209803775 0.6172986140625001 0.20816990781250003 0.6301785234375 0.20848342187500002 0.640955696875 0.2064358328125 0.5982964843749999 0.1854412484375
4 0.651417715625 0.21725553749999998 0.6454194906249999 0.216087109375 0.634719815625 0.21961342187500002 0.6242009640624999 0.22659008125 0.619732003125 0.23572098437500003 0.62229971875 0.2469544125 0.6451508375 0.24872240156249997 0.6519291921875 0.24589585937499997 0.6656925625000001 0.24418602968749997 0.6781849890625 0.23710593906250002 0.6823387984375 0.2408423328125 0.6852991640625 0.2406871875 0.6862084546875 0.2391567515625 0.682287134375 0.23985651875 0.6802102296875 0.237988321875 0.6850408421874999 0.2357581171875 0.682912271875 0.23290410625 0.6653102453125 0.2180102453125 0.6582219046875 0.21492190312499998 0.651417715625 0.21725553749999998
4 0.2068154421875 0.3433624 0.2019073328125 0.3441138828125 0.189492403125 0.35267269375 0.1774907875 0.36911801875 0.17616301406249998 0.38154412187500003 0.17922670937500002 0.3833606046875 0.18309636406250002 0.38167502343750004 0.194937821875 0.3810544375 0.20688260781249998 0.38240548125 0.21454442187499997 0.3775555953125 0.219530025 0.37828283125 0.216517996875 0.377452165625 0.217375625 0.37493591406250004 0.22605006093750002 0.37052722031249996 0.2238439953125 0.3661944875 0.2313508171875 0.358387159375 0.2307050125 0.3460644859375 0.22369416874999998 0.344454865625 0.21304615624999998 0.34896699062500003 0.2068154421875 0.3433624
4 0.7389060484375001 0.6782641265625 0.726232796875 0.6818938671875 0.7205962203125 0.6876261375 0.7218413296875 0.6925034906249999 0.7338377796875 0.69484035 0.7434990046875 0.690379940625 0.7460202218750001 0.681845375 0.7389060484375001 0.6782641265625