4 0.39674188125 0.44255675937500005 0.40764793125 0.4421759109375 0.418432803125 0.43832495624999995 0.4199656296875 0.4253667421875 0.4059120890625 0.4208941609375 0.399963334375 0.42110189687500005 0.3812814125 0.426221290625 0.37759255468749997 0.434291453125 0.38672342187500003 0.43992860624999996 0.39674188125 0.44255675937500005
4 0.7679803875 0.44200117656250004 0.7858439625 0.4418737015625 0.7976376046875 0.438483853125 0.8065780484375 0.43866798124999995 0.8073098390625001 0.4311974140625 0.8032401359374999 0.42836152656250004 0.798334771875 0.430021828125 0.7903165421875 0.42782015937500006 0.7774275734375 0.428270253125 0.7587802734375 0.43438110625000004 0.7589187640625 0.4383469421875 0.7679803875 0.44200117656250004
4 0.79564369375 0.6087960781249999 0.8085326625 0.6083459859375 0.8172999937500001 0.6035728171875 0.814065946875 0.5962407421875 0.8010557984375 0.5932207265625 0.7921326671875 0.593532328125 0.778390728125 0.59798288125 0.776511678125 0.6010265031250001 0.7816420859375001 0.6058106875 0.79564369375 0.6087960781249999
4 0.81915385625 0.54295531875 0.8389830390625 0.54226286875 0.83101674375 0.5415483890624999 0.8388272390625 0.537801303125 0.8209164453125 0.5081503796875 0.821037625 0.5116204890625 0.8171410343750001 0.5137418968749999 0.8013296203125 0.5157830453125001 0.7999006625 0.5317156359374999 0.81915385625 0.54295531875
4 0.3625884953125 0.601583665625 0.3705028578125 0.6008109562499999 0.378347975 0.5980553265624999 0.38302828906249997 0.5899505421875 0.37784594843749997 0.5836791703124999 0.365896503125 0.5826074515624999 0.350188959375 0.587622978125 0.3473703828125 0.5921884125 0.3485003328125 0.596119625 0.3555790359375 0.5998431046875 0.3625884953125 0.601583665625
4 0.4518796296875 0.6570329734375 0.47369173125 0.656271278125 0.47946737187500005 0.651106246875 0.47428503125 0.644834875 0.4573782921875 0.64393626875 0.4485244046875 0.6462307890625001 0.44667997656249997 0.6502658718750001 0.4518796296875 0.6570329734375
4 0.2534713375 0.6321961609375 0.2623771578125 0.6313888296875 0.2681354890625 0.62572806875 0.266918984375 0.61931820625 0.2458386734375 0.6126093359375 0.2290184890625 0.6141893781250001 0.2260960453125 0.615780434375 0.2271913734375 0.6187201890625 0.2414526484375 0.629141525 0.2534713375 0.6321961609375
4 0.667341028125 0.743812375 0.6732724703125 0.743108909375 0.6820571140625 0.7388314703125001 0.6787365109375 0.7290207453125 0.6687007406250001 0.7258968640625 0.653863475 0.7274076625 0.6499841953125001 0.7300247984375 0.6503131093750001 0.7394436625 0.667341028125 0.743812375
4 0.49042224062499995 0.8795337156249999 0.50532875 0.8800058359375 0.5122343421875 0.8787720203125 0.523941428125 0.8729035234375001 0.548693284375 0.8710465015625 0.551615728125 0.8694554453125001 0.55629604375 0.861350659375 0.5531312421875 0.8560015015625 0.5470613078125 0.8527391296875001 0.5311979625000001 0.853293090625 0.5251626500000001 0.8510221765624999 0.5162222078125 0.8508380499999999 0.5123602390625 0.8539509187500001 0.5073336984375 0.8521411109375 0.502532203125 0.856775790625 0.48679003437499996 0.8607998578125 0.48023066875 0.8719482656249999 0.49042224062499995 0.8795337156249999
4 0.66578145625 0.8128572765625 0.6726351125 0.8101362703125 0.7005738 0.7858329265624999 0.69342585 0.7801265296875 0.681614896875 0.7830206484375 0.67778755 0.787124975 0.6511739546875 0.7925213484375 0.653503096875 0.8023666953124999 0.6636427359375 0.8084649546874999 0.66578145625 0.8128572765625
4 0.719099921875 0.7762519671875 0.7230311359375 0.7751220171875 0.7366865171875 0.76819281875 0.74818586875 0.75637556875 0.733244734375 0.7549119859375 0.7005438953125 0.7565502609375 0.6918631203125 0.7638020765625 0.6930103796875 0.7682290203125001 0.6990803140625 0.7714913921875 0.7149782828125 0.771928890625 0.719099921875 0.7762519671875
4 0.40181096250000004 0.8151266500000001 0.4294852640625 0.8116785734375 0.43023436562499995 0.8047037359375 0.42407787499999994 0.7989627171875 0.41009357968750004 0.7964730546875 0.40496317187499997 0.7916888703125 0.386056203125 0.7903637796874999 0.3831337578125 0.7919548359374999 0.370210165625 0.7914134703125 0.3593560484375 0.7932815062499999 0.40181096250000004 0.8151266500000001
4 0.3490432984375 0.7822259515625001 0.3550439875 0.7835054046875001 0.365846171875 0.7801501796875 0.376527175 0.7733248484375 0.38117286875 0.7642286031250001 0.37879179218750003 0.7528960671875 0.3558843625 0.7507180078125 0.34903070625 0.7534390140625 0.3351849 0.7549151875 0.32252097812499997 0.7618097640625 0.31841664999999997 0.7579824187499999 0.31544227343750003 0.7580862859375 0.3145027484375 0.759608096875 0.3184512734375 0.7589738781250001 0.32050343593749997 0.7608875515625 0.3156153859375 0.76304358125 0.3177021703125 0.7659487140625 0.3351109375 0.781223478125 0.34217233125 0.7844512265625 0.3490432984375 0.7822259515625001
4 0.7975479328125 0.66332633125 0.802487915625 0.662657490625 0.8150999046875 0.654275725 0.8274349125 0.6379622859375 0.8289850515625 0.6254998015625 0.825941428125 0.6236207484375 0.822027525 0.625246428125 0.810130015625 0.6256618984375 0.7981632609375 0.6240944500000001 0.7903873890625001 0.628832996875 0.7853954703125 0.62801465 0.7884044703125 0.6289022421875 0.7874995671875 0.6314155109375 0.778714925 0.6356929515624999 0.7808536453125 0.6400852734375 0.7731816390625 0.647798196875 0.773614421875 0.6601914359375 0.78062388125 0.661931996875 0.7913914421875 0.6575853125 0.7975479328125 0.66332633125
4 0.269282709375 0.31746453125 0.282067809375 0.3140400609375 0.287826140625 0.3083793015625 0.28666156875 0.303456628125 0.274660190625 0.3008977203125 0.26488409062499996 0.30520978125 0.26220400312500003 0.313741053125 0.269282709375 0.31746453125