4 0.5810546875 0.615234375 0.58544921875 0.5966796875 0.58544921875 0.5908203125 0.58056640625 0.5771484375 0.56787109375 0.5791015625 0.564453125 0.58984375 0.564453125 0.6005859375 0.5673828125 0.6103515625 0.5732421875 0.619140625 0.5810546875 0.615234375
4 0.5654296875 0.2255859375 0.5654296875 0.212890625 0.56298828125 0.205078125 0.564453125 0.2001953125 0.5615234375 0.1962890625 0.55419921875 0.197265625 0.5546875 0.2060546875 0.5517578125 0.2177734375 0.55224609375 0.2353515625 0.55615234375 0.244140625 0.56005859375 0.244140625 0.5654296875 0.2255859375
4 0.3984375 0.23046875 0.40234375 0.216796875 0.40234375 0.2080078125 0.39892578125 0.1953125 0.3916015625 0.1923828125 0.38720703125 0.201171875 0.38720703125 0.2138671875 0.390625 0.2275390625 0.3955078125 0.232421875 0.3984375 0.23046875
4 0.47998046875 0.189453125 0.48193359375 0.185546875 0.4853515625 0.185546875 0.45556640625 0.1689453125 0.4521484375 0.1767578125 0.451171875 0.1689453125 0.451171875 0.1884765625 0.462890625 0.20703125 0.478515625 0.205078125 0.47998046875 0.189453125
4 0.4189453125 0.654296875 0.42333984375 0.6513671875 0.427734375 0.6357421875 0.42626953125 0.6240234375 0.419921875 0.619140625 0.412109375 0.6240234375 0.40966796875 0.6318359375 0.4091796875 0.6396484375 0.4111328125 0.646484375 0.4150390625 0.6533203125 0.4189453125 0.654296875
4 0.3642578125 0.5478515625 0.36279296875 0.53125 0.3564453125 0.5263671875 0.3515625 0.5322265625 0.3515625 0.5537109375 0.3583984375 0.55859375 0.3623046875 0.556640625 0.3642578125 0.5478515625
4 0.39990234375 0.7744140625 0.4013671875 0.771484375 0.40234375 0.7548828125 0.39501953125 0.734375 0.388671875 0.7333984375 0.38330078125 0.7392578125 0.3828125 0.748046875 0.38623046875 0.759765625 0.39697265625 0.7734375 0.39990234375 0.7744140625
4 0.275390625 0.357421875 0.2763671875 0.3427734375 0.27294921875 0.3330078125 0.26318359375 0.330078125 0.25927734375 0.3388671875 0.2587890625 0.3447265625 0.263671875 0.361328125 0.27294921875 0.361328125 0.275390625 0.357421875
4 0.1533203125 0.5107421875 0.15771484375 0.505859375 0.15576171875 0.5009765625 0.15869140625 0.4970703125 0.158203125 0.48828125 0.15576171875 0.482421875 0.15576171875 0.466796875 0.15234375 0.4609375 0.14697265625 0.4580078125 0.13916015625 0.462890625 0.1376953125 0.4658203125 0.13671875 0.490234375 0.13134765625 0.501953125 0.13037109375 0.5087890625 0.13134765625 0.5234375 0.13916015625 0.533203125 0.14990234375 0.5263671875 0.1533203125 0.5107421875
4 0.21142578125 0.3623046875 0.2158203125 0.3359375 0.2197265625 0.33203125 0.22216796875 0.3203125 0.21630859375 0.3134765625 0.193359375 0.341796875 0.19091796875 0.3486328125 0.1953125 0.3505859375 0.20166015625 0.3603515625 0.21142578125 0.3623046875
4 0.23388671875 0.3203125 0.23828125 0.3212890625 0.2451171875 0.3125 0.24560546875 0.2802734375 0.24365234375 0.265625 0.232421875 0.27734375 0.22607421875 0.291015625 0.22509765625 0.294921875 0.2294921875 0.298828125 0.23046875 0.314453125 0.23388671875 0.3203125
4 0.22119140625 0.6259765625 0.22265625 0.623046875 0.220703125 0.6044921875 0.2158203125 0.599609375 0.212890625 0.5859375 0.20703125 0.580078125 0.2001953125 0.5810546875 0.19775390625 0.6083984375 0.220703125 0.6494140625 0.22216796875 0.638671875 0.22119140625 0.6259765625
4 0.2490234375 0.689453125 0.251953125 0.69140625 0.25390625 0.6865234375 0.255859375 0.6884765625 0.25537109375 0.6923828125 0.2568359375 0.69140625 0.2568359375 0.6884765625 0.2529296875 0.6845703125 0.25927734375 0.671875 0.26025390625 0.658203125 0.2626953125 0.6513671875 0.259765625 0.62890625 0.24853515625 0.626953125 0.23974609375 0.6318359375 0.2333984375 0.642578125 0.23046875 0.6533203125 0.23193359375 0.6591796875 0.22998046875 0.666015625 0.2333984375 0.6728515625 0.2490234375 0.689453125
4 0.33740234375 0.2373046875 0.349609375 0.2373046875 0.35693359375 0.2294921875 0.361328125 0.2314453125 0.365234375 0.22265625 0.36767578125 0.2216796875 0.36865234375 0.224609375 0.36767578125 0.2197265625 0.3720703125 0.2119140625 0.3701171875 0.2001953125 0.3701171875 0.1884765625 0.37158203125 0.1845703125 0.36962890625 0.181640625 0.357421875 0.18359375 0.341796875 0.1962890625 0.333984375 0.208984375 0.33349609375 0.2138671875 0.33935546875 0.2197265625 0.33544921875 0.23046875 0.33740234375 0.2373046875
4 0.7080078125 0.7158203125 0.705078125 0.7041015625 0.7001953125 0.703125 0.69482421875 0.708984375 0.69189453125 0.7216796875 0.69580078125 0.728515625 0.7041015625 0.7255859375 0.7080078125 0.7158203125