4 0.41489780156249995 0.2992956015625 0.415016915625 0.304460609375 0.4193950953125 0.308833403125 0.4282962453125 0.31091731718750004 0.43073366718750006 0.3087750984375 0.42641230781250006 0.298239515625 0.41489780156249995 0.2992956015625
4 0.3863171484375 0.6774844421874999 0.3780317734375 0.671908303125 0.370129415625 0.6700005046874999 0.366988253125 0.6761338390625 0.372013353125 0.6826783046875 0.380826534375 0.6852611093750001 0.3840868109375 0.68429278125 0.3863171484375 0.6774844421874999
4 0.3830274109375 0.77206846875 0.37800231093750003 0.7655240015625 0.3589684640625 0.768340628125 0.35835269062499997 0.771832853125 0.3637296609375 0.7763817625 0.3747163609375 0.7783190140625 0.38223570156250003 0.7765584734375001 0.3830274109375 0.77206846875
4 0.444393490625 0.7803169609375 0.4474466828125 0.7746825140625 0.443068503125 0.7703097203125 0.43607696718750005 0.769076925 0.42656004375 0.7704852375 0.42285993125 0.7739480109375 0.4241537703125 0.778291353125 0.436962115625 0.7815786124999999 0.444393490625 0.7803169609375
4 0.4708385078125 0.805555953125 0.47280494375000004 0.8002442828125 0.46451956718750004 0.7946681421874999 0.4536208359375 0.7922320015625 0.4492738015625 0.7935231046875 0.4469554953125 0.8008303328125 0.4523324671875 0.805379240625 0.46223240781249997 0.8076392671875 0.4708385078125 0.805555953125
4 0.5553106203125 0.7762122203125 0.5564542 0.7697266578125 0.542264046875 0.762594946875 0.5331869625000001 0.7615088125 0.5228783296875 0.7674071296875 0.5222625562500001 0.7708993546875 0.52863831875 0.7756243781250001 0.5454418265625 0.779616090625 0.5553106203125 0.7762122203125
4 0.5279695109375 0.7034903781249999 0.522416603125 0.699939246875 0.514162375 0.7000270046875 0.5114610515625 0.70366589375 0.5169571375 0.7133798109375 0.5215992203125001 0.7162559374999999 0.52994141875 0.7156692890625 0.5279695109375 0.7034903781249999
4 0.5622179765624999 0.6961548921875 0.5514951796875 0.6927209734375 0.5408914984375001 0.6944520609375 0.536456496875 0.696242053125 0.5376623703125001 0.701084284375 0.5456526953124999 0.7024931953125 0.55934071875 0.700791559375 0.5622179765624999 0.6961548921875
4 0.6053621203125 0.6734127375 0.6027176203125 0.6708888390625 0.5897333390624999 0.6685993609375 0.586944046875 0.6727371375 0.589324646875 0.67675770625 0.5981378281249999 0.679340509375 0.603483653125 0.6782255187499999 0.6053621203125 0.6734127375
4 0.5356117546875 0.62510583125 0.522627475 0.6228163531249999 0.5194863125 0.6289496875 0.5325585609375 0.630740278125 0.5356117546875 0.62510583125
4 0.6895227687500001 0.58743003125 0.684968653125 0.584055015625 0.66846019375 0.58423053125 0.667668484375 0.5887205359375 0.676041828125 0.5937977875 0.6809478140625 0.59517724375 0.6885551249999999 0.592917815625 0.6895227687500001 0.58743003125
4 0.7171168375 0.6236740421875 0.712562721875 0.6202990265625 0.6998734921875001 0.6221767765624999 0.6966443625000001 0.6288090000000001 0.6992008968750001 0.6318317890625 0.7091888046875 0.6335929265625 0.7171479859375001 0.6293379390625 0.7171168375 0.6236740421875
4 0.7895853625 0.440465603125 0.785031246875 0.4370905875 0.774044546875 0.4351533359375 0.76916970625 0.43943777500000003 0.7694647578125 0.44360500312499995 0.7833598609375 0.44656948593749995 0.7888816203125 0.44445671718749996 0.7895853625 0.440465603125
4 0.8356564296875 0.2901538171875 0.8295188953125001 0.2957588109375 0.8361897078125 0.30465106249999996 0.848175196875 0.30676442812500004 0.8500536656250001 0.301951646875 0.8482888390625 0.294438853125 0.8356564296875 0.2901538171875