4 0.6566614078125 0.389722334375 0.6517630671875 0.3908821328125 0.6484825171875 0.39594041562500004 0.6482996046875 0.40484550468749997 0.6508349890625 0.40673445625 0.6600004484374999 0.4004819234375 0.6566614078125 0.389722334375
4 0.2904417390625 0.43909455781249995 0.2940776296875 0.43006888906249996 0.2942950265625 0.42215133906249996 0.2878133796875 0.42040019375000004 0.282594184375 0.42651492031249993 0.2819179890625 0.435437234375 0.28350129375 0.43834817812500004 0.2904417390625 0.43909455781249995
4 0.1996327453125 0.4551193578125 0.2048519421875 0.44900463124999995 0.1983118078125 0.431435615625 0.194858828125 0.431556196875 0.1916127640625 0.43760201875 0.19199210625000002 0.4484649625 0.1951932015625 0.4552743890625 0.1996327453125 0.4551193578125
4 0.204202784375 0.5152731890625 0.21019115 0.517041559375 0.2134717015625 0.511983278125 0.21323030156249997 0.5050704953125 0.2099602328125 0.4962859875 0.2059105140625 0.4934611734375 0.20203322343750002 0.495574059375 0.201494971875 0.5084465359375 0.204202784375 0.5152731890625
4 0.185506046875 0.54558843125 0.19096664218749998 0.5463864875 0.1946025328125 0.5373608187500001 0.1947164734375 0.52648065 0.19260539999999998 0.5225993921875001 0.185171671875 0.5218702390625001 0.1819256078125 0.5279160609375 0.18177718125 0.537808690625 0.185506046875 0.54558843125
4 0.23058375781249998 0.62014761875 0.2369964328125 0.619923684375 0.24091869375 0.6049555468750001 0.24011503906249998 0.5960849078125 0.23240542656250002 0.5874554328125 0.22895244843749998 0.5875760125 0.22574086875 0.5946093765625 0.22534055937500003 0.6114320140625 0.23058375781249998 0.62014761875
4 0.2943521375 0.5793597375 0.29661163749999997 0.5733483671874999 0.2948559046875 0.565499721875 0.29084067187499996 0.5636624484375 0.28269626406250004 0.5708680687500001 0.2808955625 0.5758746734375 0.283144578125 0.5837060921874999 0.2943521375 0.5793597375
4 0.30828103125 0.6105131578125 0.3093815359375 0.5995985359375 0.3055837015625 0.5898437140625 0.3029793453125 0.58597968125 0.2986087703125 0.5881097953125 0.29888465625 0.5960101171875001 0.30327923125 0.6087103359375 0.30828103125 0.6105131578125
4 0.33869516875 0.64702336875 0.34056484062500003 0.6439918437500001 0.340116528125 0.6311538203125 0.3356080125 0.6293337703125 0.3322584890625 0.6324169734375 0.331582296875 0.6413392875 0.3337278546875 0.6462080859375 0.33869516875 0.64702336875
4 0.3706040484375 0.5707644953125001 0.3701557359375 0.557926471875 0.3636740875 0.556175325 0.364615684375 0.5689961234375 0.3706040484375 0.5707644953125001
4 0.437689125 0.7098123109375 0.43998311093750003 0.70478848125 0.4364716421875 0.689091190625 0.4320320984375 0.6892462234375001 0.4288894890625 0.698254665625 0.4285686359375 0.70320959375 0.4322630140625 0.7100017953125 0.437689125 0.7098123109375
4 0.40873690468749996 0.7434519171875 0.4110308890625 0.7384280875 0.4066708 0.726715409375 0.39969586874999996 0.7249814890625 0.39733291406250004 0.7280302390625 0.39767777031249996 0.73790564375 0.4033452796875 0.744628940625 0.40873690468749996 0.7434519171875
4 0.59802256875 0.77540295625 0.6003165546875 0.7703791265625 0.5999372109375 0.75951618125 0.5948664406249999 0.7557382796875001 0.590954665625 0.756863625 0.5909441828124999 0.7707064171875 0.5940763062500001 0.7755407625 0.59802256875 0.77540295625
4 0.7506088796875 0.788860671875 0.7440237749999999 0.7841469062499999 0.7369004203125 0.792305615625 0.7373142484375 0.8041560999999999 0.7422815609375 0.8049713828125 0.7490840609375 0.8017676 0.7506088796875 0.788860671875