4 0.65869140625 0.392578125 0.65380859375 0.3935546875 0.650390625 0.3984375 0.64990234375 0.4072265625 0.65234375 0.4091796875 0.66162109375 0.4033203125 0.65869140625 0.392578125
4 0.298828125 0.419921875 0.29931640625 0.412109375 0.29296875 0.41015625 0.28759765625 0.416015625 0.28662109375 0.4248046875 0.2880859375 0.427734375 0.294921875 0.4287109375 0.298828125 0.419921875
4 0.2099609375 0.435546875 0.2041015625 0.41796875 0.20068359375 0.41796875 0.197265625 0.423828125 0.197265625 0.4345703125 0.2001953125 0.44140625 0.20458984375 0.44140625 0.2099609375 0.435546875
4 0.21630859375 0.498046875 0.21630859375 0.4912109375 0.21337890625 0.482421875 0.20947265625 0.4794921875 0.20556640625 0.4814453125 0.20458984375 0.494140625 0.20703125 0.5009765625 0.212890625 0.5029296875 0.21630859375 0.498046875
4 0.19677734375 0.5224609375 0.197265625 0.51171875 0.1953125 0.5078125 0.18798828125 0.5068359375 0.1845703125 0.5126953125 0.18408203125 0.5224609375 0.1875 0.5302734375 0.19287109375 0.53125 0.19677734375 0.5224609375
4 0.240234375 0.5908203125 0.23974609375 0.58203125 0.232421875 0.5732421875 0.22900390625 0.5732421875 0.2255859375 0.580078125 0.224609375 0.5966796875 0.2294921875 0.60546875 0.23583984375 0.60546875 0.240234375 0.5908203125
4 0.29638671875 0.5615234375 0.294921875 0.5537109375 0.291015625 0.5517578125 0.28271484375 0.55859375 0.28076171875 0.5634765625 0.28271484375 0.5712890625 0.2939453125 0.5673828125 0.29638671875 0.5615234375
4 0.30810546875 0.587890625 0.3046875 0.578125 0.30224609375 0.57421875 0.2978515625 0.576171875 0.2978515625 0.583984375 0.3017578125 0.5966796875 0.306640625 0.5986328125 0.30810546875 0.587890625
4 0.33740234375 0.6328125 0.33740234375 0.6201171875 0.3330078125 0.6181640625 0.32958984375 0.62109375 0.32861328125 0.6298828125 0.33056640625 0.634765625 0.33544921875 0.6357421875 0.33740234375 0.6328125
4 0.36328125 0.546875 0.36376953125 0.5595703125 0.36962890625 0.5615234375 0.36962890625 0.548828125 0.36328125 0.546875
4 0.43359375 0.6962890625 0.4306640625 0.6806640625 0.42626953125 0.6806640625 0.4228515625 0.689453125 0.42236328125 0.6943359375 0.42578125 0.701171875 0.43115234375 0.701171875 0.43359375 0.6962890625
4 0.40380859375 0.728515625 0.39990234375 0.716796875 0.39306640625 0.71484375 0.390625 0.7177734375 0.390625 0.7275390625 0.39599609375 0.734375 0.4013671875 0.7333984375 0.40380859375 0.728515625
4 0.58984375 0.7666015625 0.58984375 0.755859375 0.5849609375 0.751953125 0.5810546875 0.7529296875 0.58056640625 0.7666015625 0.58349609375 0.771484375 0.58740234375 0.771484375 0.58984375 0.7666015625
4 0.73779296875 0.7900390625 0.7314453125 0.78515625 0.72412109375 0.79296875 0.72412109375 0.8046875 0.72900390625 0.8056640625 0.73583984375 0.802734375 0.73779296875 0.7900390625