3 0.5322265625 0.326171875 0.53173828125 0.3173828125 0.52978515625 0.314453125 0.52294921875 0.3134765625 0.51904296875 0.31640625 0.517578125 0.322265625 0.52490234375 0.333984375 0.52880859375 0.333984375 0.5322265625 0.326171875
3 0.568359375 0.357421875 0.576171875 0.337890625 0.56689453125 0.3193359375 0.5615234375 0.31640625 0.556640625 0.3173828125 0.5517578125 0.3232421875 0.5478515625 0.3359375 0.5478515625 0.349609375 0.5537109375 0.357421875 0.55908203125 0.359375 0.568359375 0.357421875
3 0.58740234375 0.3466796875 0.59130859375 0.345703125 0.59326171875 0.3330078125 0.58740234375 0.3232421875 0.58251953125 0.3212890625 0.57177734375 0.326171875 0.57421875 0.3271484375 0.5810546875 0.3408203125 0.58740234375 0.3466796875
4 0.44091796875 0.4599609375 0.44677734375 0.4443359375 0.447265625 0.4384765625 0.44580078125 0.4345703125 0.4404296875 0.4326171875 0.43115234375 0.4365234375 0.4296875 0.4423828125 0.42919921875 0.4619140625 0.43115234375 0.466796875 0.43505859375 0.466796875 0.44091796875 0.4599609375
4 0.44384765625 0.357421875 0.44287109375 0.3466796875 0.43603515625 0.337890625 0.42724609375 0.3369140625 0.42041015625 0.3505859375 0.41943359375 0.3564453125 0.427734375 0.365234375 0.439453125 0.365234375 0.44384765625 0.357421875
4 0.56201171875 0.626953125 0.56591796875 0.6337890625 0.564453125 0.6552734375 0.57080078125 0.6611328125 0.57958984375 0.6611328125 0.58154296875 0.6484375 0.5771484375 0.6240234375 0.57763671875 0.6103515625 0.56591796875 0.5859375 0.5595703125 0.5849609375 0.556640625 0.5888671875 0.55419921875 0.5947265625 0.55419921875 0.6015625 0.5625 0.6220703125 0.56201171875 0.626953125
4 0.59765625 0.3701171875 0.60009765625 0.3740234375 0.607421875 0.3720703125 0.60986328125 0.357421875 0.6083984375 0.341796875 0.603515625 0.3369140625 0.5966796875 0.341796875 0.5966796875 0.345703125 0.59375 0.349609375 0.5966796875 0.353515625 0.59765625 0.3701171875
4 0.48484912031249994 0.36114648437499997 0.49560546875 0.3671875 0.5 0.3623046875 0.49951171875 0.353515625 0.49560546875 0.3486328125 0.49211328125 0.342880859375 0.4912109375 0.333984375 0.48360351562500004 0.33582421875 0.4777919921875 0.3416357421875 0.4765625 0.357421875 0.47998046875 0.3642578125 0.48484912031249994 0.36114648437499997
4 0.56494140625 0.5615234375 0.564453125 0.55078125 0.55908203125 0.544921875 0.5556640625 0.5439453125 0.5517578125 0.5517578125 0.5517578125 0.560546875 0.5546875 0.5654296875 0.560546875 0.5654296875 0.56494140625 0.5615234375
4 0.59130859375 0.689453125 0.599609375 0.68359375 0.603515625 0.67578125 0.6044921875 0.6689453125 0.599609375 0.662109375 0.5947265625 0.662109375 0.59130859375 0.671875 0.583984375 0.673828125 0.5849609375 0.6767578125 0.58349609375 0.681640625 0.58642578125 0.6875 0.59130859375 0.689453125
4 0.40625 0.4609375 0.40576171875 0.451171875 0.400390625 0.4375 0.39599609375 0.4462890625 0.39501953125 0.4580078125 0.396484375 0.4638671875 0.4033203125 0.46484375 0.40625 0.4609375
4 0.3466796875 0.4541015625 0.35400390625 0.4560546875 0.3564453125 0.4541015625 0.35693359375 0.439453125 0.3569951171875 0.4296396484375 0.357421875 0.416015625 0.35888671875 0.4052734375 0.35658007812500003 0.39476953125 0.3534663078125 0.39144921875 0.3513911125 0.3935244140625 0.34814453125 0.408203125 0.3509760734375 0.42133691406249996 0.35118359374999997 0.433375 0.3486328125 0.4423828125 0.3466796875 0.4541015625
3 0.48486328125 0.302734375 0.4833984375 0.2978515625 0.478515625 0.2958984375 0.4736328125 0.3017578125 0.47265625 0.3056640625 0.47607421875 0.3134765625 0.48291015625 0.3095703125 0.48486328125 0.302734375