3 0.5222962156250001 0.33473566718750003 0.5263186515625 0.33445439062500004 0.52927573125 0.326163403125 0.5281400546875 0.3171480828125 0.52591788125 0.31427189375000003 0.5188083 0.31375851875 0.5149968203124999 0.317056621875 0.513910321875 0.3231957515625 0.5222962156250001 0.33473566718750003
3 0.546068665625 0.3350943890625 0.54705313125 0.3491729140625 0.5536493359375 0.3567958703125 0.5593208234375 0.358420334375 0.5687334703125 0.355741084375 0.5753719609375 0.3350663546875 0.564482615625 0.31662781562500003 0.5587408093749999 0.31399774375 0.5537830828125 0.315354946875 0.549176953125 0.321740196875 0.546068665625 0.3350943890625
3 0.5725872328125 0.32414529375 0.5806109625 0.33773158593749997 0.5875693359375 0.343308165625 0.5915214515625 0.3420212796875 0.5926185234375 0.3288077265625 0.585881678125 0.3191735515625 0.5807129953125 0.317513928125 0.5700028921875 0.3233154828125 0.5725872328125 0.32414529375
4 0.43205475781249997 0.45321436249999997 0.43295833437500003 0.4733617 0.43532114687499995 0.47824910625 0.439343584375 0.47796782968749996 0.444885003125 0.470506653125 0.44979355312499997 0.4539949984375 0.44987444375 0.447926184375 0.44808475468750003 0.444009228125 0.4424132671875 0.44238476406249994 0.43314125781249996 0.4470752296875 0.43205475781249997 0.45321436249999997
4 0.4244883375 0.3739118953125 0.43655564375000006 0.3730680671875 0.4405183328125 0.3647067609375 0.43873921562499996 0.35371538125 0.43106708125 0.345157134375 0.42194628125 0.344784396875 0.41589148593749997 0.3593551546875 0.415307790625 0.36545912812500003 0.4244883375 0.3739118953125
4 0.5969810437499999 0.6296394484375 0.5964993828125 0.6155257640625 0.5826741 0.5912293703125 0.5760673234375 0.5906808359375 0.5733317718750001 0.594914228125 0.5712396640625 0.601123678125 0.571731896875 0.6081629421875 0.5817562734374999 0.6286830171875 0.5816050625 0.6337462203124999 0.5861197312499999 0.6405042078125 0.5861583375 0.6627330812500001 0.593116709375 0.6683096609375 0.6021671890625 0.6676767906250001 0.6032642609375001 0.6544632359375 0.5969810437499999 0.6296394484375
4 0.596771025 0.337612090625 0.5970523 0.341634525 0.5943167500000001 0.34586791875 0.597614853125 0.3496793984375 0.599815884375 0.36670443124999996 0.6026111843749999 0.37055106875 0.6100126125 0.3680124578125 0.6114718484375 0.3527525265625 0.6088383328125 0.3367682609375 0.6034586921875 0.33209181249999997 0.596771025 0.337612090625
4 0.48760270937500005 0.3371616734375 0.4799014953125 0.3396040265625 0.47433558593749997 0.34600687343750003 0.47420623125 0.3623510734375 0.47821809687499994 0.36914421875 0.483007521875 0.3655897734375 0.494518796875 0.37103594218749997 0.498692440625 0.3656914609375 0.497556765625 0.35667614062499997 0.49318273437500004 0.351929371875 0.4891724984375 0.3462577953125 0.48760270937500005 0.3371616734375
4 0.5696328984375 0.5709202515625 0.5756665515625 0.5704983375 0.579910515625 0.5661594671875 0.5786342015625 0.5551329265625 0.5726814375 0.5494860296875 0.5690914890625 0.5487265359375 0.5656316046875001 0.557052684375 0.5662644765625 0.5661031640624999 0.5696328984375 0.5709202515625
4 0.61500800625 0.6778946593749999 0.6076065765625 0.6804332703125 0.60882314375 0.6833797781250001 0.6076663250000001 0.6885133015625 0.6111050671875 0.6943359984375 0.6162737484374999 0.6959956218750001 0.6243995109375 0.68936425625 0.62785939375 0.681038109375 0.62837276875 0.673928528125 0.6228524921874999 0.6672408609375 0.617824446875 0.6675924546875 0.61500800625 0.6778946593749999
4 0.40652065625 0.47824198124999995 0.4092562046875 0.4740085890625 0.4080502109375 0.46398765937500003 0.401534896875 0.4502958890625 0.3976425265625 0.4596628046875 0.397480746875 0.47180043125 0.399411075 0.47772860625 0.40652065625 0.47824198124999995
4 0.3564759890625 0.420099353125 0.3533443890625 0.4094491171875 0.3498989203125 0.406254259375 0.34791142812500003 0.40854060625 0.34562524843750003 0.4238896890625 0.34948673124999996 0.4372102328125 0.35056724687499996 0.44959143125 0.34858921718749997 0.4590508421875 0.3474218296875 0.47125878749999994 0.3551045328125 0.47274261093750003 0.35747791875 0.470555596875 0.3569259359375 0.45543630312500005 0.35628265312499996 0.44532650937499996 0.355741084375 0.4312665296875 0.3564759890625 0.420099353125
3 0.47729705781250004 0.3126191625 0.4788160421875 0.30543926250000003 0.47695603281250004 0.30051669531249997 0.47178735156249996 0.2988570734375 0.4671812203125 0.305242321875 0.4664568875 0.3093350765625 0.47053907187500005 0.31713383125 0.47729705781250004 0.3126191625