3 0.694507175 0.4744307 0.69553226875 0.47854212343749997 0.7046520703125 0.48008943281249994 0.7137746328125 0.47726904687499994 0.7163456546875 0.474444515625 0.715579596875 0.46699325312499995 0.7114709390625 0.46365065000000005 0.70491939375 0.4636465046875 0.694507175 0.4744307
3 0.698473884375 0.49909785468749995 0.6840839046875 0.5026856796875 0.6773986984375 0.5109029984375 0.676752490625 0.5170687515625 0.681242796875 0.526320834375 0.7038500953125 0.5294182140625 0.7209447578125 0.514784396875 0.722618821875 0.5083623703125 0.7203095984375001 0.5034793640624999 0.7128611 0.499877725 0.698473884375 0.49909785468749995
3 0.7146439609375 0.5245434984374999 0.70204789375 0.5353263125 0.6975465359374999 0.5435450140625 0.699599484375 0.5474001625 0.7134741546875001 0.546124321875 0.722215071875 0.5373944578125001 0.7229894171875 0.53174263125 0.715031134375 0.5217175859375 0.7146439609375 0.5245434984374999
4 0.5554285625000001 0.4026611 0.5347433125000001 0.4072726359375 0.5301165812499999 0.4106097125 0.531141675 0.41472113593750004 0.5398743031250001 0.41909435625 0.55785763125 0.42116112031249997 0.564152903125 0.420137409375 0.5678799156250001 0.4175705328125 0.5685261234375 0.4114047796875 0.5619801062499999 0.40266524375 0.5554285625000001 0.4026611
4 0.6361166109374999 0.38035980625 0.6391918890625 0.3926940734375 0.6485679640625001 0.3952692390625 0.659618103125 0.3914223796875 0.6670748921875 0.3819209296875 0.6657962875 0.37241395625 0.649612396875 0.368806790625 0.643188990625 0.369316575 0.6361166109374999 0.38035980625
4 0.40294466562500003 0.6055341171874999 0.41746278124999997 0.6024602203125 0.4400838921875 0.583719121875 0.43944597500000004 0.5767817875000001 0.43456573125000003 0.5747233125 0.427757915625 0.5736913125 0.42056292500000003 0.575485225 0.4011562796875 0.589603734375 0.3958888640625 0.5903711734375 0.389718965625 0.5962765078125 0.3667217328125 0.6003727343749999 0.3622203765625 0.6085914359375 0.364526834375 0.6178421375 0.378401503125 0.6165662968750001 0.40294466562500003 0.6055341171874999
4 0.7051204109375 0.5520282765625 0.7010089875000001 0.55305336875 0.6961287453125 0.55099489375 0.6927861421875 0.5551035546875001 0.6755688703125 0.5604880546875 0.6720981312500001 0.5640827859375 0.6760758906250001 0.5712791578124999 0.6921344078125 0.5700046984375 0.7081956890625001 0.56436254375 0.7120536000000001 0.5579418984375 0.7051204109375 0.5520282765625
4 0.68566575 0.43896968125 0.681732903125 0.4314455046875 0.67409105 0.4268538171875 0.657153115625 0.429702403125 0.6508550843750001 0.435093809375 0.6554074812499999 0.43940169687499997 0.6518718875 0.4523083203125 0.6581643953125 0.4556523046875 0.6672869593749999 0.45283191718750004 0.67140114375 0.4474391296875 0.6765387828125 0.4422540671875 0.68566575 0.43896968125
4 0.4587217203125 0.56651704375 0.4602593609375 0.572684178125 0.46552401093749995 0.5762844359375 0.47670228750000004 0.572951503125 0.48145991875 0.5657606578125 0.48159081718749996 0.5619068890625 0.4723428796875 0.559845653125 0.46309217968749994 0.5621521125 0.4587217203125 0.56651704375
4 0.3562957015625 0.632995409375 0.35231793906250003 0.6257990390625 0.349490646875 0.6275957140624999 0.343966959375 0.6273352953125 0.33856864375 0.631956503125 0.33779429843750003 0.6376083265625 0.34613975468749997 0.6448074609375001 0.3553876921875 0.646868696875 0.3628389546875 0.646102640625 0.3687525796875 0.63916945 0.3674712140625 0.634030171875 0.3562957015625 0.632995409375
4 0.52486850625 0.38080328125 0.5297487484375 0.38286175624999996 0.53989916875 0.37978509531250004 0.5528796453125 0.3705440640625 0.5424757140625001 0.3682251734375 0.529885175 0.37027259687499997 0.52410245 0.37335201875 0.52486850625 0.38080328125
4 0.5759072703125 0.31840318437500004 0.58635756875 0.313218915625 0.5890351500000001 0.30907026875 0.5863063765625001 0.30743065625 0.5700046984375 0.3078655921875 0.55692413125 0.31429247656250003 0.5443082140625 0.3176699765625 0.5341578874999999 0.31734908281249996 0.5213110734375 0.31836865 0.5211774109375 0.32659011250000003 0.5238738046875 0.32864720625 0.5394197765625 0.3253170359375 0.54976484375 0.3228065015625 0.5642164484375 0.31968040625 0.5759072703125 0.31840318437500004
3 0.7091838187499999 0.423826078125 0.7168913546875 0.4240878765625 0.721646221875 0.421264728125 0.7224205687499999 0.415612903125 0.7149720687500001 0.4120112640625 0.7106043734374999 0.4120085015625 0.703278484375 0.41765618125000004 0.7091838187499999 0.423826078125