4 0.6855332921875 0.43935650937500004 0.6834002375 0.4473045265625 0.6852894453125 0.4533264375 0.691629678125 0.46142235625000005 0.6981092484375 0.46153545781250005 0.7093881921875 0.4437655234375 0.7095449515625 0.43478485625 0.705662028125 0.4287281421875 0.6932361484375 0.4265149359375 0.6897123140625 0.4284497390625 0.6855332921875 0.43935650937500004
4 0.14595228124999998 0.531750003125 0.15942727031249998 0.5309870546875 0.16198908437499998 0.5270391453125 0.15919010625000002 0.5160105734375 0.1557707765625 0.511958265625 0.145819621875 0.510786409375 0.14224353437499998 0.5157147703125 0.1410725015625 0.525675890625 0.14595228124999998 0.531750003125
4 0.1494398515625 0.38907456875 0.151625159375 0.378132996875 0.147951246875 0.36010206093749997 0.143001796875 0.35801935625 0.1398718859375 0.3659499703125 0.1381675875 0.37789809375 0.140502971875 0.3869222625 0.1494398515625 0.38907456875
4 0.27379909062499996 0.3483245578125 0.2786092015625 0.358390078125 0.292530365625 0.3606293859375 0.2960716171875 0.35769673125 0.2989817828125 0.333791784375 0.2927286390625 0.32070660625 0.28532188125 0.316584696875 0.2812996171875 0.3185108 0.2755208046875 0.3353785828125 0.27379909062499996 0.3483245578125
4 0.5039752625 0.32938470937500003 0.5077362625 0.34242638593749997 0.5136303171875001 0.34752004687500004 0.5390368109375 0.40585656875 0.5404275921874999 0.41186978124999996 0.5368515046875 0.4167981390625 0.5354258875 0.41278063125 0.5224841640625 0.411556578125 0.5272942734375 0.4216220984375 0.5265868328125001 0.433587621875 0.5333558234375 0.44568364687499995 0.537441075 0.46871254375 0.542958625 0.466812540625 0.546036284375 0.46187548125 0.55040021875 0.468938746875 0.5497972843750001 0.474917159375 0.546771878125 0.47686066250000003 0.5496927781250001 0.4809042703125 0.5537672953125 0.4759846109375 0.55610268125 0.4850087796875 0.5585948234375 0.48505227968750003 0.5601946140625 0.47909126874999997 0.5636661968750001 0.48015002031250004 0.5650569765625 0.48616323437500003 0.573565096875 0.48431543125000004 0.5786364703125 0.4794131734375 0.5810241078125 0.485443784375 0.5919024484375 0.49062444687499995 0.6008915796875 0.48978319687500005 0.6059977890625 0.48288523281250006 0.60014525 0.4468494609375 0.5933240078125 0.437746990625 0.5945298765625 0.42579016875000003 0.5908211296875 0.4097549359375 0.588809996875 0.4107179875 0.5874018000000001 0.4057026265625 0.585408084375 0.4056678265625 0.5870078765625 0.3997068140625 0.5867010406250001 0.3887217421875 0.5858086890624999 0.3827172296875 0.5809463265625 0.375645265625 0.5797471390625 0.35865568125 0.5613534796875 0.2984452578125 0.554601909375 0.2853513796875 0.5513219203124999 0.2733162546875 0.5222522484375001 0.2248973546875 0.517714140625 0.227812609375 0.514566809375 0.23674107656249999 0.50911893125 0.2346496703125 0.50652228125 0.2405932828125 0.5066549421875 0.2615568734375 0.5051074046874999 0.2645243296875 0.507512459375 0.269557090625 0.5034031078125001 0.27647245468750004 0.501629140625 0.2924119859375 0.49956575625 0.29636859375 0.500991371875 0.3003861015625 0.5002839328124999 0.312351625 0.5046827015625001 0.3174191859375 0.5039752625 0.32938470937500003
4 0.45649880468750004 0.6499622421875 0.4585621890625 0.6460056359374999 0.456261640625 0.6349857609375 0.4502979140625 0.633883509375 0.4432328265625 0.6387509687499999 0.4299253328125 0.6584818046875001 0.4267083328125 0.6714016796875 0.4254502109375 0.686352059375 0.42830144375 0.6943870765625 0.42766367499999997 0.7023611921875 0.4329896296875 0.7114375609375 0.43843750937500003 0.713528965625 0.45157082812500005 0.70377665 0.456196025 0.6958721328124999 0.4568163765625 0.68889586875 0.45584361875 0.6589342109375 0.45649880468750004 0.6499622421875
4 0.48429699218750005 0.7712243390625 0.483485046875 0.789176975 0.4876573890625 0.8072166125000001 0.49160998125 0.8092819171875 0.49616550937500004 0.8053688093750001 0.5085284 0.7826270156249999 0.5112643875 0.7687005890624999 0.506900453125 0.7616373234375 0.49555851874999995 0.75445225625 0.48749657500000004 0.7593023156250001 0.48429699218750005 0.7712243390625
4 0.57957845 0.5682655 0.5841058234375 0.5374016890625 0.562383978125 0.5250446609375 0.5439421203125 0.52472275625 0.5438550328125 0.5297120171875 0.5332312734375 0.5385099828125 0.5290522515625 0.5494167531249999 0.52889549375 0.558397421875 0.525730746875 0.568323740625 0.5271737812499999 0.571343396875 0.5259679125 0.5833002203125 0.5262224953125 0.5972788484375 0.53001833125 0.6083248218749999 0.542270034375 0.6205165484374999 0.55973245 0.6198232 0.5674178890625 0.6079794765625001 0.57957845 0.5682655
4 0.5729668343750001 0.7144508203125 0.5783398953125001 0.733082359375 0.5917443296875 0.7404461625 0.6011250593749999 0.7334800765625 0.6036594375 0.7107094625 0.600472403125 0.689264346875 0.58910469375 0.68764055625 0.5769500953125 0.6902801296875001 0.5729668343750001 0.7144508203125
4 0.6720247640625 0.670550178125 0.6725472906250001 0.6406146171875 0.669036778125 0.6377016109375 0.6561952953125 0.638903825 0.6529491609375 0.6616620171875 0.6613190484375 0.6717896734375 0.6720247640625 0.670550178125
4 0.7414428546875 0.3252590015625 0.7308366625 0.320796771875 0.7255538046875001 0.33781494843750004 0.7344124890625 0.360785428125 0.7446796515624999 0.343853253125 0.7573220671875001 0.35405548750000004 0.7712640796875 0.3714102359375 0.7774738265625001 0.382925553125 0.7827815734375 0.36448144375 0.7831796875 0.3416735421875 0.769825015625 0.331458875 0.75344815 0.331173015625 0.7414428546875 0.3252590015625