4 0.68603515625 0.4521484375 0.69677734375 0.4345703125 0.69677734375 0.42578125 0.69287109375 0.419921875 0.6806640625 0.41796875 0.67724609375 0.419921875 0.67333984375 0.4306640625 0.67138671875 0.4384765625 0.67333984375 0.4443359375 0.6796875 0.4521484375 0.68603515625 0.4521484375
4 0.162109375 0.525390625 0.1591796875 0.5146484375 0.15576171875 0.5107421875 0.14599609375 0.509765625 0.142578125 0.5146484375 0.1416015625 0.5244140625 0.146484375 0.5302734375 0.15966796875 0.529296875 0.162109375 0.525390625
4 0.1494140625 0.3798828125 0.1455078125 0.3623046875 0.140625 0.3603515625 0.1376953125 0.3681640625 0.13623046875 0.3798828125 0.138671875 0.388671875 0.1474609375 0.390625 0.1494140625 0.3798828125
4 0.29052734375 0.357421875 0.29296875 0.333984375 0.28662109375 0.3212890625 0.279296875 0.3173828125 0.275390625 0.3193359375 0.27001953125 0.3359375 0.2685546875 0.3486328125 0.2734375 0.3583984375 0.287109375 0.3603515625 0.29052734375 0.357421875
4 0.4921875 0.2744140625 0.49072265625 0.2900390625 0.48876953125 0.2939453125 0.490234375 0.2978515625 0.48974609375 0.3095703125 0.494140625 0.314453125 0.49365234375 0.326171875 0.49755859375 0.3388671875 0.50341796875 0.34375 0.529296875 0.400390625 0.53076171875 0.40625 0.52734375 0.4111328125 0.52587890625 0.4072265625 0.51318359375 0.40625 0.51806640625 0.416015625 0.517578125 0.427734375 0.5244140625 0.439453125 0.52880859375 0.4619140625 0.5341796875 0.4599609375 0.537109375 0.455078125 0.54150390625 0.4619140625 0.541015625 0.4677734375 0.5380859375 0.4697265625 0.541015625 0.4736328125 0.544921875 0.46875 0.54736328125 0.4775390625 0.5498046875 0.4775390625 0.55126953125 0.4716796875 0.5546875 0.47265625 0.55615234375 0.478515625 0.564453125 0.4765625 0.5693359375 0.4716796875 0.57177734375 0.4775390625 0.58251953125 0.482421875 0.59130859375 0.4814453125 0.59619140625 0.474609375 0.58984375 0.439453125 0.5830078125 0.4306640625 0.583984375 0.4189453125 0.580078125 0.4033203125 0.578125 0.404296875 0.57666015625 0.3994140625 0.57470703125 0.3994140625 0.576171875 0.3935546875 0.57568359375 0.3828125 0.57470703125 0.376953125 0.56982421875 0.3701171875 0.568359375 0.353515625 0.54931640625 0.294921875 0.54248046875 0.2822265625 0.5390625 0.2705078125 0.509765625 0.2236328125 0.50537109375 0.2265625 0.50244140625 0.2353515625 0.4970703125 0.2333984375 0.49462890625 0.2392578125 0.4951171875 0.259765625 0.49365234375 0.2626953125 0.49609375 0.267578125 0.4921875 0.2744140625
4 0.4306640625 0.701171875 0.43603515625 0.703125 0.44873046875 0.693359375 0.453125 0.685546875 0.45361328125 0.6787109375 0.4521484375 0.6494140625 0.45263671875 0.640625 0.45458984375 0.63671875 0.4521484375 0.6259765625 0.4462890625 0.625 0.439453125 0.6298828125 0.4267578125 0.6494140625 0.423828125 0.662109375 0.4228515625 0.6767578125 0.42578125 0.6845703125 0.42529296875 0.6923828125 0.4306640625 0.701171875
4 0.494140625 0.7919921875 0.505859375 0.76953125 0.50830078125 0.755859375 0.50390625 0.7490234375 0.49267578125 0.7421875 0.48486328125 0.7470703125 0.48193359375 0.7587890625 0.4814453125 0.7763671875 0.48583984375 0.7939453125 0.48974609375 0.7958984375 0.494140625 0.7919921875
4 0.51953125 0.57421875 0.52001953125 0.587890625 0.52392578125 0.5986328125 0.5361328125 0.6103515625 0.55322265625 0.609375 0.560546875 0.59765625 0.57177734375 0.55859375 0.57568359375 0.5283203125 0.55419921875 0.5166015625 0.5361328125 0.5166015625 0.5361328125 0.521484375 0.52587890625 0.5302734375 0.52197265625 0.541015625 0.52197265625 0.5498046875 0.51904296875 0.5595703125 0.5205078125 0.5625 0.51953125 0.57421875
4 0.5866352546875 0.726841796875 0.595703125 0.7198662109375 0.5977958984375 0.697544921875 0.59430810625 0.6766181640625 0.5831474609375 0.6752236328125 0.5712890625 0.678013671875 0.56780126875 0.7017294921875 0.5733818359375 0.7198662109375 0.5866352546875 0.726841796875
4 0.6640625 0.6570869140625 0.6640625 0.6277900390625 0.66057470625 0.625 0.64801904375 0.6263955078125 0.6452290046875 0.648716796875 0.6535991203125 0.658482421875 0.6640625 0.6570869140625
4 0.7561381828125 0.3627236328125 0.7624165046875 0.3738837890625 0.7672993171875 0.355748046875 0.7672993171875 0.3334267578125 0.7540458984375 0.3236611328125 0.7380024421875 0.3236611328125 0.72614404375 0.318080078125 0.7156806640625 0.3138955078125 0.7107978515625 0.3306357421875 0.7198662109375 0.3529580078125 0.7296318359375 0.336216796875 0.7421875 0.345982421875 0.7561381828125 0.3627236328125