4 0.454629453125 0.6757540546875 0.4468960734375 0.6784223421875 0.4363707578125 0.6833266 0.43469680625 0.6869585390624999 0.43775418281249995 0.6991392140625 0.44402976875 0.702573584375 0.45292436562500005 0.7017954078125 0.46976245156249996 0.6893678828125 0.469200434375 0.6829440078125 0.4607321125 0.6772118468749999 0.454629453125 0.6757540546875
4 0.49469209531249997 0.1319987671875 0.484895675 0.13385169531250002 0.48025685781250005 0.137743025 0.4821097859375 0.14753944375 0.4863655640625 0.1506525984375 0.497496128125 0.1526663578125 0.501233121875 0.14984978124999998 0.5010541453124999 0.1364214234375 0.49469209531249997 0.1319987671875
4 0.3479498609375 0.1393598578125 0.336220096875 0.1418798578125 0.32857318125 0.145536434375 0.3309820796875 0.15030495 0.349117125 0.15270175 0.3598153703125 0.14977406875 0.35706061718750004 0.1410524015625 0.3479498609375 0.1393598578125
4 0.32804050937499996 0.27603978281249997 0.31532245625 0.27864624843749997 0.29899710625 0.285551721875 0.29736638593750003 0.28967780468750004 0.30196801875 0.2967441109375 0.3153777828125 0.302043953125 0.3388805453125 0.29749809531250004 0.3415427859375 0.29377969375 0.33835571249999996 0.28011658437500003 0.32804050937499996 0.27603978281249997
4 0.2581659203125 0.5131909171875 0.23736863281249998 0.5145125171875 0.2316550625 0.517502021875 0.234107190625 0.52276468125 0.2254719859375 0.5265077218750001 0.22289621093749998 0.5312144109375 0.27292797343749997 0.5567127890625 0.285090059375 0.5591342312500001 0.29854305625 0.5649282171875 0.3595264078125 0.579012 0.3764570078125 0.5790245421875 0.3838073453125 0.5833607375 0.389823540625 0.583830240625 0.40073794375 0.58337328125 0.4065379796875 0.5813720640625 0.40671090625 0.5833486406249999 0.41178204531249996 0.584398753125 0.41096668437500006 0.5864617937500001 0.42712515624999997 0.5890315234375 0.4388981515625 0.587005665625 0.4483979953125 0.593145509375 0.48453839375 0.596456678125 0.49102409218750004 0.5909099875 0.49123420468749995 0.581928928125 0.48534165781249994 0.5714900765625 0.4791957671875 0.5695381390625001 0.4837048890625 0.5641643765625 0.484946521875 0.5555909984375 0.47888709531250007 0.55462735 0.47759618281250005 0.551254803125 0.48339621718750003 0.5492535859375 0.48318005781249995 0.5467828671875 0.47406930156250005 0.545090321875 0.4786648875 0.5407048484375 0.4744523421875 0.5380858390625 0.47273515625 0.5412236328125 0.466848659375 0.5422365609375001 0.4595415515625 0.5383945109375 0.46422360156250003 0.534997325 0.4657246265625 0.5293888109375 0.44260490468749997 0.5269301859375 0.4301401953125 0.5210497375 0.41832396875000005 0.5225814484375 0.4080087625 0.5185046468750001 0.41012108437499994 0.5312659328125 0.41420393281249995 0.532402509375 0.409565115625 0.5362938374999999 0.403505690625 0.5353301890625 0.34389366718750003 0.5141554609375001 0.33843344062499997 0.5086580515625 0.325239834375 0.5058289296875 0.31342360625 0.5073606421875 0.308093075 0.5033456640625 0.2962768484375 0.504877378125 0.292193996875 0.5037408015625 0.28841377343749997 0.5060632328125 0.27273085468749997 0.5089290906249999 0.266158690625 0.51348749375 0.26100108906249997 0.5114490921875 0.2581659203125 0.5131909171875
4 0.673766725 0.40313743437499994 0.6590288640625 0.40542268437500006 0.64644050625 0.40951157968749996 0.627798771875 0.42408861093750005 0.623462578125 0.43143894843749997 0.6249696499999999 0.43728221562499997 0.63605698125 0.43880183281249996 0.6398372078125 0.4364793984375 0.6486885703125 0.4352070796875 0.67846691875 0.43409559062499997 0.68534170625 0.43299619843750004 0.692858925 0.4278571890625 0.701617775 0.4141448 0.6991656468749999 0.408882140625 0.6897954984375 0.40422473124999997 0.6819324234375 0.40541058750000003 0.673766725 0.40313743437499994
4 0.7797599828124999 0.45361540624999996 0.762014025 0.455665903125 0.7504139546874999 0.45966833593749995 0.7461642265624999 0.4680069640625 0.7540765796875 0.47876703281250005 0.7613836875 0.48260908125 0.775003565625 0.4789278640625 0.7966966296875 0.46507973125 0.8002606953125 0.46028657656250005 0.7979382609375001 0.45650635156249997 0.7797599828124999 0.45361540624999996
4 0.5540653343749999 0.5146890296875 0.5451707375 0.5154672062500001 0.534645421875 0.5203714640625 0.5266586984375 0.53152666875 0.52171725625 0.5319589890625 0.523316840625 0.5502423234375 0.5370785109375 0.5709470999999999 0.56736959375 0.5643135625 0.60590679375 0.5494896828125 0.6171177734375 0.5410399531250001 0.6165929421875 0.5236584421875 0.6036526796875 0.5123424062499999 0.5924356515625 0.50934035625 0.578556384375 0.5100567078125 0.5667833859375 0.5120825640625 0.5636888250000001 0.5108595234375 0.5540653343749999 0.5146890296875
4 0.688180196875 0.5532460765625 0.6864065890625 0.565493890625 0.6888060203124999 0.5766650734375001 0.7102928578125 0.5783419078125001 0.7326968734375 0.574247696875 0.7389533546875 0.564453334375 0.7307205640625 0.5516583890625 0.7118719734375001 0.5476166250000001 0.688180196875 0.5532460765625
4 0.6427358453124999 0.6354676078125 0.64243525 0.6482975890625 0.645567596875 0.6515802328125 0.6752162484374999 0.6489863125 0.6757020921875 0.6382737390625 0.665078125 0.630667759375 0.6427358453124999 0.6354676078125
4 0.372376384375 0.732387396875 0.34898318281249996 0.7251865453125 0.33247426406249997 0.731610153125 0.33763549843749996 0.7418286703125 0.3443334984375 0.7533353140625 0.34575397343750003 0.7695714109375 0.3568103046875 0.782119325 0.3793996125 0.7801430171875 0.397320796875 0.7735958515625 0.385470759375 0.7682302562500001 0.3672933484375 0.7555943171874999 0.356298796875 0.7437525328125 0.372376384375 0.732387396875