4 0.23046875 0.611328125 0.22998046875 0.599609375 0.228515625 0.5947265625 0.22021484375 0.5947265625 0.21533203125 0.603515625 0.21630859375 0.6064453125 0.2119140625 0.6123046875 0.2119140625 0.623046875 0.22119140625 0.6298828125 0.228515625 0.6220703125 0.23046875 0.611328125
4 0.18212890625 0.4990234375 0.18310546875 0.4853515625 0.18115234375 0.4599609375 0.17138671875 0.4609375 0.1708984375 0.4658203125 0.1669921875 0.4697265625 0.1650390625 0.4775390625 0.16455078125 0.4931640625 0.166015625 0.498046875 0.17724609375 0.501953125 0.18212890625 0.4990234375
4 0.56494140625 0.6767578125 0.57177734375 0.6787109375 0.580078125 0.6728515625 0.58154296875 0.6455078125 0.57861328125 0.6376953125 0.57568359375 0.6337890625 0.56591796875 0.630859375 0.5595703125 0.638671875 0.56005859375 0.642578125 0.55712890625 0.6533203125 0.56201171875 0.671875 0.56494140625 0.6767578125
4 0.49267578125 0.599609375 0.4970703125 0.5791015625 0.494140625 0.564453125 0.48583984375 0.560546875 0.4755859375 0.5615234375 0.47216796875 0.5732421875 0.47265625 0.5908203125 0.484375 0.6015625 0.48974609375 0.6025390625 0.49267578125 0.599609375
4 0.373376465625 0.6994013671875 0.385408203125 0.6900859374999999 0.38385546875 0.6815478515625 0.3803623046875 0.6706796875000001 0.3718237296875 0.6893095703125 0.36474609375 0.68359375 0.3583984375 0.693359375 0.3583984375 0.7001953125 0.3642578125 0.7138671875 0.37060546875 0.712890625 0.373376465625 0.6994013671875
4 0.5732421875 0.4853515625 0.57177734375 0.47265625 0.56787109375 0.4638671875 0.56494140625 0.466796875 0.5634765625 0.4736328125 0.56396484375 0.490234375 0.572265625 0.4970703125 0.5732421875 0.4853515625
4 0.455078125 0.6572265625 0.45556640625 0.63671875 0.453125 0.6298828125 0.44482421875 0.6279296875 0.4365234375 0.6328125 0.435546875 0.6435546875 0.43798828125 0.6572265625 0.44580078125 0.6630859375 0.455078125 0.6572265625
4 0.4638671875 0.689453125 0.462890625 0.673828125 0.46044921875 0.6669921875 0.45458984375 0.6640625 0.44970703125 0.669921875 0.44873046875 0.685546875 0.45166015625 0.6904296875 0.45654296875 0.693359375 0.4638671875 0.689453125
4 0.46240234375 0.7177734375 0.46484375 0.70703125 0.46337890625 0.69921875 0.45556640625 0.6962890625 0.4501953125 0.7001953125 0.4501953125 0.712890625 0.4521484375 0.7177734375 0.45654296875 0.720703125 0.46240234375 0.7177734375
4 0.314453125 0.703125 0.3125 0.6865234375 0.3076171875 0.6845703125 0.30517578125 0.6875 0.3037109375 0.701171875 0.3056640625 0.708984375 0.3115234375 0.7119140625 0.314453125 0.703125
4 0.3955078125 0.6572265625 0.39501953125 0.6494140625 0.38916015625 0.6337890625 0.3837890625 0.6298828125 0.37939453125 0.638671875 0.37841796875 0.6552734375 0.38037109375 0.6650390625 0.3916015625 0.6640625 0.3955078125 0.6572265625
4 0.5751953125 0.7900390625 0.5751953125 0.7724609375 0.572265625 0.765625 0.5615234375 0.7666015625 0.55322265625 0.77734375 0.552734375 0.7841796875 0.55810546875 0.79296875 0.57177734375 0.794921875 0.5751953125 0.7900390625