4 0.43455471562500003 0.171617903125 0.4228722625 0.1705958203125 0.41455526562499995 0.18003479687499999 0.42235472031250004 0.1887434375 0.4338513421875 0.191889603125 0.4466422953125 0.1924735828125 0.4520918765625 0.1913451015625 0.4528816671875 0.18231775156250002 0.44378787812500003 0.176171296875 0.4405088390625 0.1769545890625 0.43455471562500003 0.171617903125
4 0.5855764046874999 0.133462409375 0.5686302015625 0.1314447234375 0.5631806203124999 0.132573203125 0.557863915625 0.1444150109375 0.56058545625 0.1500039671875 0.5753611171874999 0.152366840625 0.6031600218750001 0.15265858906250002 0.6030271484374999 0.141945259375 0.5977634000000001 0.14094965625 0.5938869015625 0.136329825 0.5855764046874999 0.133462409375
4 0.3806936734375 0.5548424437499999 0.3728013015625 0.5471958421875 0.3685066796875 0.547355196875 0.357102975 0.543146990625 0.3364596078125 0.5466917828125 0.3308706515625 0.5494133234375 0.3280961546875 0.5566617796875 0.3336786109375 0.566246628125 0.363276390625 0.5704413546875 0.3720514703125 0.5679985640625 0.3765783859375 0.56518410625 0.3806936734375 0.5548424437499999
4 0.43311089843749995 0.4572270828125 0.420313446875 0.468949496875 0.4187403640625 0.47469780625 0.4216477375 0.4781626796875 0.44353247968750004 0.4848931140625 0.4597418484375 0.48310073750000004 0.46477980468749996 0.4744450546875 0.46469338593750004 0.46320070468749996 0.4522741 0.4583685609375 0.43311089843749995 0.4572270828125
4 0.33246780625 0.323212015625 0.3250335171875 0.3225616 0.309607440625 0.32763301562499997 0.3100655234375 0.3346292015625 0.3244718484375 0.3389262 0.33345788125000003 0.352897409375 0.3428910453125 0.35202113437500004 0.355042865625 0.34925628125 0.3355947203125 0.338197753125 0.3424842609375 0.33104445 0.33246780625 0.323212015625
4 0.5255893687500001 0.57447528125 0.538240946875 0.5766523218749999 0.5521868578125 0.5762671765625 0.5621168953125 0.572855259375 0.559209521875 0.5693903859375 0.551914609375 0.5671469078125 0.53381345 0.5660983484375001 0.5255893687500001 0.57447528125
4 0.3641906328125 0.4132062921875 0.35707505156249997 0.421145121875 0.3625645921875 0.4317920125 0.38482099999999997 0.4342742828125 0.3924875796875 0.4322695953125 0.39540145312499997 0.4234280765625 0.3908810375 0.41393614375 0.3792915 0.41185202031249996 0.3641906328125 0.4132062921875
4 0.326780396875 0.42491570625 0.32312969062499997 0.4299471625 0.32668098125 0.4382841375 0.34376655624999997 0.4387087625 0.3514331375 0.436704075 0.3551767609375 0.4306105765625 0.34926909687499996 0.4247428703125 0.332369353125 0.42219416406250004 0.326780396875 0.42491570625
4 0.296996784375 0.4228450625 0.293392534375 0.4273454984375 0.296021159375 0.43399649531250006 0.307471321875 0.43767368125 0.3161070265625 0.4368239515625 0.3200364828125 0.42860637187500006 0.316299359375 0.42239347968749996 0.3024928234375 0.4211855640625 0.296996784375 0.4228450625
4 0.3167490171875 0.2704686203125 0.3260286390625 0.27449099375 0.344269171875 0.27394649375 0.3468578390625 0.26882212031249997 0.34390400625 0.26588826718749997 0.329174803125 0.2629943734375 0.320492640625 0.26437512343749997 0.3167490171875 0.2704686203125
4 0.36117637812500003 0.349802525 0.3611698796875 0.362108915625 0.368232503125 0.367007496875 0.37677529062500004 0.367219809375 0.39432545 0.3623342265625 0.39908465625 0.35686466562499997 0.389944409375 0.35124923125 0.371982625 0.3486076078125 0.36117637812500003 0.349802525
4 0.2051381578125 0.5309219625 0.20171324531249998 0.5456047078124999 0.20669824375 0.549786434375 0.225814984375 0.5514589328125 0.23352802343749998 0.548923225 0.23348806406249997 0.5371478546875 0.222595403125 0.527098421875 0.21520757031249999 0.5259169859374999 0.2051381578125 0.5309219625