4 0.20890318593749999 0.6518425953125 0.20911185625 0.663797296875 0.21955795 0.671224815625 0.227548271875 0.662388365625 0.22951082500000003 0.6503957671875 0.228740378125 0.63736375 0.2270171125 0.63195821875 0.21778941875000002 0.6321192890625 0.2125320953125 0.6419951546875 0.213674615625 0.645236578125 0.20890318593749999 0.6518425953125
4 0.15417599843750002 0.5027750140625 0.15393671250000002 0.52017314375 0.1556599796875 0.525578675 0.16822038749999998 0.5297079203124999 0.17359153125 0.5263528 0.1744115625 0.511118778125 0.1717471203125 0.48290011093749996 0.1609099796875 0.48417639687499997 0.160462025 0.489619825 0.1561954609375 0.4940427875 0.15417599843750002 0.5027750140625
4 0.6027975890625 0.6656224640625 0.595892878125 0.6744399624999999 0.5965115640625 0.6787776531249999 0.5934634015625 0.6907892015625 0.5992518859375 0.7113434828125 0.60260356875 0.7167205890624999 0.610240784375 0.718761525 0.619354659375 0.712079709375 0.620451915625 0.6816211375 0.617043321875 0.672983659375 0.613710609375 0.6686933421875 0.6027975890625 0.6656224640625
4 0.49834397187499996 0.622873703125 0.5115799734375 0.6346010109375 0.5175698046874999 0.6355835796875 0.5207697265625 0.6322663578125 0.5252566062499999 0.6093584765625 0.5217152234375 0.593113459375 0.5124116515625 0.588927365625 0.50103170625 0.590213125 0.4974597078125 0.603320940625 0.49834397187499996 0.622873703125
4 0.373319340625 0.7392038359375 0.3734521296875 0.746811371875 0.380231378125 0.76191275 0.387268878125 0.7607027875 0.39008726718750003 0.7456371749999999 0.40328158125 0.735036809375 0.40138960625 0.7255651265624999 0.3972952578125 0.7135380109375 0.388165109375 0.7344364062500001 0.3801861125 0.7282127546875 0.373319340625 0.7392038359375
4 0.6072551703125 0.5166089296874999 0.608113140625 0.5035484890624999 0.6062381140624999 0.48944863125 0.601724940625 0.479743309375 0.5985250171875001 0.48306053125000004 0.597029390625 0.490696490625 0.5978946875 0.5091624625 0.6072551703125 0.5166089296874999
4 0.46109474375000004 0.6974481921875 0.4698934515625 0.70381734375 0.4800929359375 0.6971165781249999 0.4802373703125 0.67428449375 0.47739055312499995 0.66672433125 0.46812492031249997 0.6647118171875 0.458992078125 0.6703068421875 0.4581151375 0.6822804921875 0.46109474375000004 0.6974481921875
4 0.476938278125 0.73413379375 0.4824232421875 0.7372994203125 0.49048944375000003 0.7328101359375 0.4891003140625 0.7154404296875 0.48625349531250006 0.707880265625 0.47968292031250004 0.704733590625 0.4743686859375 0.7113490828125 0.47358659375 0.7287566890625 0.476938278125 0.73413379375
4 0.47801224218750005 0.7645544671875 0.48295440312500004 0.7677295671875 0.4894111578125 0.7643554984375001 0.491916515625 0.7523534234375 0.4901363390625 0.7436875203125 0.48139454062500003 0.7405787421875 0.4754995609375 0.745030128125 0.4757461703125 0.7591584109375 0.47801224218750005 0.7645544671875
4 0.3215704453125 0.7607624359375 0.324656546875 0.7509244703125 0.322162834375 0.732486921875 0.31669684062500003 0.7304080859375001 0.3140397234375 0.7337158328125 0.3126768875 0.7489593296875 0.31499986875 0.7576157609374999 0.3215704453125 0.7607624359375
4 0.3971954578125 0.7072605359375 0.4096610125 0.705955828125 0.4138706671875 0.6982724921875 0.4131761015625 0.6895876390625 0.406358915625 0.6723126796875001 0.4003121765625 0.6680697390625 0.39559765625 0.6779361296874999 0.3948345359375 0.696430525 0.3971954578125 0.7072605359375
4 0.5972617234375 0.8461813609375 0.612498215625 0.8480896515625 0.6162030046875 0.8425893734375001 0.61586154375 0.8230271359374999 0.612471921875 0.8154764468750001 0.6005491703125 0.81677168125 0.5915301484375 0.828887453125 0.5911201328125 0.8365044640624999 0.5972617234375 0.8461813609375