4 0.5689494078124999 0.702726384375 0.5783772671875 0.698873165625 0.5803946984375 0.69356844375 0.5559436921875001 0.682929275 0.527457821875 0.682899546875 0.520139346875 0.6867159468749999 0.5213411609375 0.695126178125 0.5309253390625 0.7002283921875 0.5467916890625 0.702586196875 0.5689494078124999 0.702726384375
4 0.40695537187499997 0.8509923796875001 0.3996552875 0.8558623578125 0.39221727500000003 0.8528304859375 0.3901262828125 0.853920884375 0.3964912125 0.8559175874999999 0.390218234375 0.8591887874999999 0.3902734046875 0.862349528125 0.43078385937499997 0.8864090953125 0.44035884062499997 0.8909845203125 0.4445592171875 0.8898573000000001 0.45285882343750006 0.8818081703124999 0.4505839265625 0.8723627671875 0.4367533984375 0.8657538203125 0.432433484375 0.86003276875 0.42501386406249997 0.8580544765625 0.421748640625 0.8523150140625001 0.415383709375 0.8503183109375 0.40695537187499997 0.8509923796875001
4 0.3632716453125 0.82646125 0.378046525 0.8267303046875 0.383283203125 0.8245310953124999 0.38744679843749996 0.8212967156250001 0.38939067031249996 0.8117776734375 0.3871525546875 0.8044394296874999 0.3690848671875 0.79685054375 0.3585655375 0.7986150109375 0.3533656390625 0.80292138125 0.3536322984375 0.8181982953125001 0.3632716453125 0.82646125
4 0.27961817031249997 0.56708085625 0.2713645390625 0.5777639375 0.2714656859375 0.583558628125 0.28856143749999996 0.5959070375 0.29596266875 0.59683175 0.3022632328125 0.595140921875 0.30951734375 0.587636990625 0.33147276875 0.5761877937500001 0.331325646875 0.5677591515625 0.327014928125 0.5625648890625 0.30895643906250003 0.5555027921875 0.2994734078125 0.55619526875 0.2890000515625 0.5605936875 0.27961817031249997 0.56708085625
4 0.17242950937499998 0.47041207187499995 0.16400117187500002 0.4710861390625 0.16091985312499998 0.47588247812500006 0.163424628125 0.49849763593749996 0.1699090953125 0.507342609375 0.17628322031250002 0.5098661015625 0.1774022796875 0.513535225 0.180520378125 0.51084604375 0.18686691875 0.5117891671875 0.19210359531250001 0.5095899562499999 0.19827542812500001 0.5005240671875 0.202016046875 0.47305733906249997 0.1945688390625 0.4694986765625 0.18081187031249998 0.4671040515625 0.17242950937499998 0.47041207187499995
4 0.2415150359375 0.4391699921875 0.238553253125 0.4508146046875 0.2439186640625 0.45599045625 0.255557053125 0.45789511093749996 0.2734500296875 0.455474984375 0.28912328125000003 0.446770196875 0.2900124609375 0.437269565625 0.283546384375 0.4294781703125 0.2845275140625 0.425245440625 0.28031794374999996 0.42584586875 0.27704352656250003 0.419579615625 0.258160221875 0.4257056828125 0.2415150359375 0.4391699921875
4 0.5332287609375 0.529983128125 0.5216271531250001 0.530185634375 0.517481946875 0.53447359375 0.5165100109375 0.539233115625 0.5218662265625 0.543882178125 0.515630028125 0.5492605375 0.5116043593749999 0.5603967703125 0.5149615328125 0.571404134375 0.524462953125 0.5717652359375001 0.5486564953124999 0.5676542812500001 0.552902846875 0.5691610140625001 0.5602672984375 0.5679785640625 0.5675949703125001 0.56468895625 0.575876184375 0.5555862453125 0.5736104828124999 0.546667634375 0.5660805203125 0.538367859375 0.5543961546875 0.533829253125 0.5332287609375 0.529983128125
4 0.738146075 0.42312395468749997 0.7529393437499999 0.42444658906250005 0.7699063625 0.4294199359375 0.78358976875 0.427600240625 0.78786370625 0.43068734218750004 0.791009390625 0.42957853281249997 0.791834203125 0.41639036875 0.7757471703125 0.4013896 0.757605921875 0.3895863921875 0.7448852578125 0.386119778125 0.72742445 0.41329903906250004 0.72963498125 0.4190569125 0.738146075 0.42312395468749997
4 0.703074590625 0.40845456249999995 0.6967740265625 0.410145390625 0.6968200015625 0.41277934062500005 0.704239625 0.4147576328125 0.6990305328125 0.4185372140625 0.7169786796875 0.4192778296875 0.7115856859374999 0.4125216046875 0.703074590625 0.40845456249999995
4 0.756524134375 0.5175789281250001 0.7730450171875 0.514279559375 0.7758097421875 0.49992827812499996 0.762064615625 0.4896291875 0.7394778203125 0.4907764546875 0.7259701921875 0.49402322656250003 0.7261409546875 0.503806246875 0.7428457421875 0.5110426796875001 0.756524134375 0.5175789281250001
4 0.746765371875 0.562916315625 0.7616225234375 0.550612471875 0.755372709375 0.537924565625 0.7312382890625 0.536839809375 0.7026512578124999 0.5395973078125 0.7043018515624999 0.5478489984375 0.7150195390625 0.5574484484375 0.7393105296875 0.5675634609375 0.746765371875 0.562916315625
4 0.7436373765625001 0.6427665250000001 0.7618493171875 0.6499766515625 0.779706584375 0.6368674265625 0.7600410937500001 0.6326941953125 0.7435191546875 0.6359935828125 0.7436373765625001 0.6427665250000001