4 0.3369140625 0.517578125 0.33740234375 0.4912109375 0.333984375 0.484375 0.326171875 0.4853515625 0.3212890625 0.494140625 0.31884765625 0.5087890625 0.318359375 0.529296875 0.32177734375 0.5380859375 0.32666015625 0.5400390625 0.3369140625 0.517578125
4 0.1630859375 0.4169921875 0.16943359375 0.404296875 0.1748046875 0.400390625 0.1767578125 0.3935546875 0.18212890625 0.390625 0.18408203125 0.384765625 0.18359375 0.376953125 0.17919921875 0.3701171875 0.18212890625 0.36328125 0.18115234375 0.361328125 0.17919921875 0.3671875 0.17626953125 0.361328125 0.17333984375 0.361328125 0.150390625 0.3984375 0.14599609375 0.4072265625 0.14697265625 0.4111328125 0.154296875 0.4189453125 0.1630859375 0.4169921875
4 0.22021484375 0.361328125 0.22705078125 0.359375 0.234375 0.3427734375 0.23291015625 0.3330078125 0.22900390625 0.328125 0.21484375 0.328125 0.20703125 0.3369140625 0.20654296875 0.3505859375 0.20849609375 0.35546875 0.21142578125 0.359375 0.22021484375 0.361328125
4 0.439453125 0.3115234375 0.447265625 0.3115234375 0.4521484375 0.3076171875 0.458984375 0.291015625 0.45849609375 0.2822265625 0.45458984375 0.2724609375 0.44873046875 0.263671875 0.43896484375 0.255859375 0.43359375 0.255859375 0.421875 0.271484375 0.4208984375 0.2783203125 0.42236328125 0.2841796875 0.42919921875 0.291015625 0.439453125 0.3115234375
4 0.50146484375 0.1787109375 0.50341796875 0.18359375 0.51171875 0.189453125 0.537109375 0.193359375 0.54052734375 0.1865234375 0.54296875 0.173828125 0.5400390625 0.166015625 0.53955078125 0.158203125 0.53515625 0.1552734375 0.51416015625 0.1572265625 0.505859375 0.1630859375 0.50341796875 0.1689453125 0.5 0.169921875 0.50244140625 0.1728515625 0.50146484375 0.1787109375
4 0.56884765625 0.275390625 0.576171875 0.26953125 0.580078125 0.2705078125 0.57958984375 0.2666015625 0.58544921875 0.263671875 0.580078125 0.24609375 0.56787109375 0.23046875 0.55712890625 0.2275390625 0.55224609375 0.232421875 0.55029296875 0.2431640625 0.55224609375 0.259765625 0.56005859375 0.2744140625 0.56884765625 0.275390625
4 0.443359375 0.5234375 0.4462890625 0.5302734375 0.45458984375 0.5380859375 0.462890625 0.5361328125 0.470703125 0.529296875 0.47509765625 0.5185546875 0.47900390625 0.4990234375 0.47900390625 0.48828125 0.47509765625 0.484375 0.470703125 0.4833984375 0.46630859375 0.48828125 0.46142578125 0.482421875 0.451171875 0.478515625 0.44091796875 0.4814453125 0.4404296875 0.490234375 0.44384765625 0.5126953125 0.4423828125 0.5166015625 0.443359375 0.5234375
4 0.580078125 0.740234375 0.59423828125 0.7255859375 0.60546875 0.708984375 0.60888671875 0.697265625 0.583984375 0.6806640625 0.57861328125 0.6826171875 0.57470703125 0.6904296875 0.5732421875 0.7041015625 0.568359375 0.7197265625 0.56982421875 0.732421875 0.56689453125 0.736328125 0.56787109375 0.7392578125 0.580078125 0.740234375
4 0.58740234375 0.65234375 0.5849609375 0.65234375 0.5830078125 0.6591796875 0.57958984375 0.654296875 0.57861328125 0.6708984375 0.5849609375 0.666015625 0.5888671875 0.658203125 0.58740234375 0.65234375
4 0.5029296875 0.7240517578125 0.5126953125 0.7114951171875 0.5119975578125 0.6905693359375 0.50920751875 0.678013671875 0.5001396484375 0.678013671875 0.4931640625 0.693359375 0.48688623125 0.7059150390625 0.48967626875 0.7212607421875 0.5029296875 0.7240517578125
4 0.468052246875 0.7045205078125 0.469447753125 0.6821982421875 0.46735498125 0.6556923828125 0.459682128125 0.6570869140625 0.45061376875 0.6668525390625 0.44084814375 0.689173828125 0.445033690625 0.6961494140625 0.45619433593750003 0.7101005859375 0.468052246875 0.7045205078125
4 0.37737158125 0.6919638671875 0.37109375 0.6919638671875 0.3641181640625 0.708705078125 0.3759765625 0.7254462890625 0.380161621875 0.707310546875 0.37737158125 0.6919638671875