4 0.526277521875 0.32018270000000004 0.5049914328125 0.3210609125 0.4898249734375 0.3238589578125 0.48078698593749997 0.32908334375 0.4799144 0.3372051796875 0.48707459843749995 0.3406268375 0.5144449546875001 0.33964242499999997 0.5375823093750001 0.3285986421875 0.5354658078125001 0.3235689578125 0.526277521875 0.32018270000000004
4 0.3964010609375 0.143597740625 0.38735423281250003 0.14831561875 0.34923608125 0.1727941234375 0.349289128125 0.175833175 0.3554264421875 0.178766025 0.3493775390625 0.18089825937499998 0.3514233109375 0.181875875 0.3584685734375 0.1787129234375 0.3656464546875 0.1831475984375 0.3737676515625 0.18351250624999998 0.3798165515625 0.18138026875 0.3827614328125 0.17575557656250002 0.38982437812500004 0.17360564218750002 0.393783303125 0.167963246875 0.40685094375 0.1611485359375 0.40871989218750004 0.15199598125 0.400474921875 0.14453995625 0.3964010609375 0.143597740625
4 0.3386827921875 0.2074314015625 0.3244950125 0.2081857125 0.315510071875 0.2164491515625 0.315766465625 0.2311378953125 0.32090741562499997 0.2351014625 0.33107438125 0.236443984375 0.34818051875 0.2285454546875 0.35008483125 0.2214189359375 0.3478976015625 0.21233718437500002 0.343788378125 0.20936893437499998 0.3386827921875 0.2074314015625
4 0.26752477343750003 0.43109842968749995 0.26044414374999997 0.43223534687500004 0.2444316234375 0.44467475468749995 0.2445288765625 0.45024634687500004 0.2528180515625 0.46023491562499996 0.26205054375 0.46615371562499996 0.272261715625 0.4700287796875 0.28139695625 0.47037598750000004 0.298511934375 0.462983965625 0.3024797 0.45784807968749996 0.3023382421875 0.44974394375 0.28085764687500003 0.43947897031250005 0.27363556093749997 0.432511753125 0.26752477343750003 0.43109842968749995
4 0.15544596093750002 0.5186807828125 0.1494059015625 0.5213195265625 0.143471934375 0.5300363703125 0.141824015625 0.551851634375 0.1449457171875 0.556357109375 0.1530669140625 0.5567220171875 0.161232315625 0.5596194671875 0.1743706859375 0.5568568218750001 0.18140710625 0.5531873609375 0.176891190625 0.5269197218749999 0.170656625 0.5184152796875 0.1655510390625 0.5164777468749999 0.15948445625000002 0.5175969640625 0.15639811718750002 0.5151175234375 0.15544596093750002 0.5186807828125
4 0.2333620796875 0.565960378125 0.2222429546875 0.5681811140625 0.21726114531250001 0.5733347 0.220497784375 0.5844247859375 0.23694352031250002 0.59680429375 0.2552935703125 0.6020572828125 0.2582296109375 0.5959260796875 0.2622946296875 0.5963617890624999 0.26120985625 0.592327421875 0.2671615046875 0.5846235937500001 0.2659883203125 0.5755241421874999 0.2506361953125 0.5676855093750001 0.2333620796875 0.565960378125
4 0.48792603437500004 0.4475178234375 0.47880847656250003 0.44818363281250007 0.4759520078125 0.4588734109375 0.4801938484375 0.4694392890625 0.48636652500000005 0.474398171875 0.481375875 0.47904524843749996 0.4824694890625 0.483586125 0.4865963953125 0.48756739062500004 0.497750884375 0.4873726890625 0.517961040625 0.4829666171875 0.52903595625 0.47821333906249996 0.5359928093749999 0.4699853015625 0.5378705984375001 0.46133925781249996 0.5296079453125 0.45287021562499996 0.5224565875 0.44995506562500004 0.5153405953125 0.44906595156250007 0.5113109421875001 0.45065627656249996 0.48792603437500004 0.4475178234375
4 0.741751925 0.5773529125 0.7285428265625 0.5760634890625 0.712406528125 0.5814117765625 0.69823643125 0.5831791046875 0.69019480625 0.587372775 0.6882639703125 0.59297976875 0.7059536203125 0.618510796875 0.7180602656249999 0.6147528343750001 0.7350956734375 0.6028022359375 0.75004994375 0.5878479875 0.748814871875 0.5752029765625 0.7457550562499999 0.5742430609375 0.741751925 0.5773529125
4 0.6780262734375 0.587585178125 0.6608052046874999 0.588899096875 0.6659373140625 0.5923561562499999 0.6588743671875 0.594506090625 0.6589185734375 0.5970386328124999 0.6650293625 0.5984519578125 0.6730709874999999 0.5942582890625 0.6780262734375 0.587585178125
4 0.6998020953124999 0.49853909218750003 0.68399370625 0.5060532140625 0.6841578953125 0.5154595828125 0.69724598125 0.5181262 0.71898755625 0.5184707203125 0.7318493171875 0.5081129625 0.728711203125 0.49441539062500006 0.7127259921875 0.4917993421875 0.6998020953124999 0.49853909218750003
4 0.6945086359375 0.4443461203125 0.671507446875 0.45488086406250006 0.6615312015625 0.464464740625 0.660222075 0.472449290625 0.687783159375 0.47413976562500004 0.7109369156249999 0.4722875734375 0.716516459375 0.45988587656249996 0.701827740625 0.44856147812499997 0.6945086359375 0.4443461203125
4 0.7134001984375 0.3643978578125 0.696142740625 0.371937271875 0.6962564109375 0.3784494515625 0.7122426359375 0.38106548125 0.730998675 0.3763954875 0.7134001984375 0.3643978578125