4 0.44775390625 0.7646484375 0.4541015625 0.755859375 0.45458984375 0.7392578125 0.451171875 0.7255859375 0.43896484375 0.712890625 0.43212890625 0.71484375 0.43115234375 0.720703125 0.42041015625 0.7392578125 0.42041015625 0.74609375 0.4267578125 0.7607421875 0.4296875 0.7626953125 0.44775390625 0.7646484375
4 0.61767578125 0.7119140625 0.6220703125 0.7109375 0.626953125 0.7041015625 0.63134765625 0.68359375 0.63134765625 0.677734375 0.62939453125 0.6748046875 0.615234375 0.666015625 0.60546875 0.677734375 0.60400390625 0.68359375 0.60546875 0.69921875 0.60791015625 0.705078125 0.61767578125 0.7119140625
4 0.73828125 0.6015625 0.7373046875 0.6142578125 0.744140625 0.6259765625 0.7548828125 0.6123046875 0.75732421875 0.6064453125 0.75732421875 0.599609375 0.75537109375 0.5927734375 0.74755859375 0.583984375 0.7392578125 0.5849609375 0.736328125 0.5908203125 0.73779296875 0.5947265625 0.736328125 0.5986328125 0.73828125 0.6015625
4 0.70458984375 0.634765625 0.7001953125 0.625 0.6953125 0.6220703125 0.68408203125 0.626953125 0.6845703125 0.6533203125 0.697265625 0.6630859375 0.70361328125 0.6435546875 0.70458984375 0.634765625
4 0.6884765625 0.7041015625 0.6923828125 0.681640625 0.67822265625 0.68359375 0.67529296875 0.685546875 0.67041015625 0.6962890625 0.6708984375 0.7099609375 0.67333984375 0.71484375 0.677734375 0.7138671875 0.6884765625 0.7041015625
4 0.541015625 0.736328125 0.54052734375 0.7236328125 0.533203125 0.7138671875 0.52099609375 0.7138671875 0.51708984375 0.7197265625 0.515625 0.7275390625 0.51611328125 0.73828125 0.521484375 0.744140625 0.53271484375 0.7431640625 0.541015625 0.736328125
4 0.5556640625 0.6591796875 0.55810546875 0.6416015625 0.5556640625 0.6298828125 0.5478515625 0.6259765625 0.53564453125 0.6318359375 0.52587890625 0.646484375 0.525390625 0.6552734375 0.52880859375 0.6669921875 0.54541015625 0.6669921875 0.5556640625 0.6591796875
4 0.4951171875 0.7138671875 0.501953125 0.7080078125 0.50634765625 0.685546875 0.498046875 0.6826171875 0.48388671875 0.6962890625 0.4833984375 0.7021484375 0.48681640625 0.7041015625 0.494140625 0.7177734375 0.4951171875 0.7138671875
4 0.212890625 0.5126953125 0.22021484375 0.5185546875 0.22509765625 0.5166015625 0.22998046875 0.5 0.22998046875 0.490234375 0.22216796875 0.4794921875 0.212890625 0.4814453125 0.20849609375 0.486328125 0.2109375 0.49609375 0.2099609375 0.501953125 0.212890625 0.5126953125
4 0.42333984375 0.404296875 0.42529296875 0.396484375 0.42578125 0.3681640625 0.42333984375 0.36328125 0.4111328125 0.3671875 0.40966796875 0.3876953125 0.41259765625 0.4072265625 0.4169921875 0.408203125 0.42333984375 0.404296875
4 0.7978515625 0.6142578125 0.79931640625 0.6201171875 0.79736328125 0.630859375 0.79931640625 0.6357421875 0.79736328125 0.6376953125 0.80615234375 0.6455078125 0.81005859375 0.642578125 0.814453125 0.630859375 0.8125 0.609375 0.81005859375 0.6025390625 0.802734375 0.59375 0.79833984375 0.599609375 0.79931640625 0.603515625 0.79736328125 0.607421875 0.79931640625 0.609375 0.7978515625 0.6142578125
4 0.5859375 0.7255859375 0.58251953125 0.72265625 0.5732421875 0.7236328125 0.5712890625 0.7265625 0.5712890625 0.7333984375 0.57958984375 0.7431640625 0.5869140625 0.7314453125 0.5859375 0.7255859375
4 0.52001953125 0.7822265625 0.517578125 0.7607421875 0.51171875 0.7587890625 0.50732421875 0.76171875 0.50634765625 0.779296875 0.5078125 0.7841796875 0.513671875 0.7861328125 0.52001953125 0.7822265625