4 0.5373895796875 0.755889146875 0.538602690625 0.7490092515625 0.5310949359375 0.728430834375 0.5311528828125 0.7223606546875 0.5246264515625 0.71918306875 0.510100253125 0.7297959046875 0.5042375140625001 0.74294974375 0.50178231875 0.7597446234375 0.5066047078125 0.7697155390625 0.5251157609375 0.7709527375 0.5284079515625 0.7695064390625 0.5373895796875 0.755889146875
4 0.3638907921875 0.660439040625 0.363457809375 0.6542822953125 0.35571880624999996 0.6407569015625 0.339922090625 0.6470921125 0.3374384625 0.6496943828124999 0.336398653125 0.655591434375 0.3371776984375 0.677010196875 0.3408738984375 0.6847557359375 0.3451189765625 0.6865176578125001 0.356150709375 0.68136905 0.359645175 0.6759048203125 0.3638907921875 0.660439040625
4 0.24731211874999998 0.5436100921875 0.2454063421875 0.537193653125 0.23723381406250002 0.5347392156249999 0.227819203125 0.5421997640625 0.22464236875000002 0.5487334015625 0.22342925781249998 0.555613296875 0.224844103125 0.5619431703125 0.2332183640625 0.5776073765625 0.24217101875 0.5670251734375 0.24344207812500002 0.554075096875 0.24592570625 0.5514728296875 0.2451461203125 0.5472817671875 0.24731211874999998 0.5436100921875
4 0.2882595140625 0.6156878109374999 0.2934295859375 0.5892376390625 0.283004678125 0.5823324484375 0.2775754640625 0.58441533125 0.27142406874999997 0.5934646703124999 0.2708462171875 0.602483378125 0.2737622890625 0.62326555625 0.2882595140625 0.6156878109374999
4 0.2919540921875 0.6751164546874999 0.29487124531250003 0.6614432296875 0.2918682515625 0.6497663218749999 0.28926926875 0.6472812515624999 0.2753788703125 0.6428052015625 0.27532038281250004 0.666103084375 0.28438785 0.6778359203125001 0.2886329296875 0.6795978421875 0.2919540921875 0.6751164546874999
4 0.4425534984375 0.7310597875 0.44495074843750004 0.7203350890625 0.4448643671875 0.712212659375 0.44197672812500005 0.7056230921875 0.42970345156249995 0.7034589812500001 0.42060646874999996 0.7119889374999999 0.4178626171875 0.72467931875 0.42499533593749994 0.7330308078125001 0.43611344843750005 0.7360046312499999 0.4425534984375 0.7310597875
4 0.44795644375 0.6458734875000001 0.4490252265625 0.6369413453125 0.4418061265625 0.6204674265625 0.4305726609375 0.6124062640625 0.4220245578125 0.6149526015625 0.41749028125 0.626313884375 0.416825509375 0.6444378640624999 0.42574864999999995 0.6541184531249999 0.44244030624999997 0.6570616421875 0.44795644375 0.6458734875000001
4 0.481858040625 0.700494446875 0.48240691875 0.694510828125 0.47059613906250003 0.678240671875 0.46173040624999995 0.6797176031250001 0.46216285 0.7031020515625 0.46799607656250003 0.7102110046875 0.46828473125 0.7143155015625 0.4780749203125 0.7018541796875 0.481858040625 0.700494446875
4 0.7965518874999999 0.532022103125 0.793000015625 0.5263288125 0.7840189296875 0.5227184046875 0.7742577140625 0.5321446375 0.7725246984374999 0.541973059375 0.7744878828124999 0.5595470171875 0.7790505890625 0.5623783453125 0.787454365625 0.557779759375 0.7923062703125 0.5474878828125 0.7923642171874999 0.5414177015625 0.7965518874999999 0.532022103125
4 0.611791740625 0.3970905234375 0.61395828125 0.37619114531250003 0.6023782109375 0.37009566875 0.5990570453124999 0.37457705625000004 0.59452223125 0.40316604062500006 0.59509954375 0.41137503437499995 0.6007884406249999 0.41643174062500005 0.6053801234375 0.41622797812499995 0.611791740625 0.3970905234375
4 0.18172908906250002 0.54522023125 0.1834041578125 0.5414619921875 0.1800255875 0.5347858609375 0.17110190625 0.5423329734375 0.1674341390625 0.5487800468749999 0.16165778125000002 0.5700563140625 0.16399654218749998 0.5826294984375 0.1674040859375 0.5862705390625 0.1776272578125 0.5799659625 0.1760101375 0.5776540203125 0.17884036875 0.5730860671875 0.1787829625 0.5619285484375001 0.1812955640625 0.5562911890625 0.18068927968749998 0.551117284375 0.18299960625 0.5494978578125 0.18172908906250002 0.54522023125
4 0.38794479531250003 0.7163638 0.38915790625 0.7094839046875 0.3877140859375 0.7061891218749999 0.37855969843750004 0.70356155625 0.374603275 0.7059041328125 0.372581603125 0.7116280546875 0.37786595156249997 0.7247206265624999 0.38794479531250003 0.7163638
4 0.44509345624999996 0.7740704421875 0.44723102187499997 0.75620615625 0.4433325453125 0.75247855 0.4370947703125 0.7534054625 0.43082747968749996 0.774595165625 0.436516378125 0.7796518703124999 0.442754153125 0.7787249593750001 0.44509345624999996 0.7740704421875