4 0.7644990828125 0.3881733203125 0.7571163984375 0.39001403125 0.7399670859375 0.4065990078125 0.73390174375 0.409230284375 0.7336311156249999 0.41713087031249996 0.75062523125 0.4268814609375 0.7663099546875001 0.426887375 0.784107996875 0.4218903171875 0.7918926453124999 0.4126757828125 0.7849238546875 0.393711503125 0.782026496875 0.39107685000000003 0.7644990828125 0.3881733203125
4 0.7463827859375 0.6030652062499999 0.7404487796875 0.6062232437499999 0.7304194796875 0.6199139890625001 0.7437202640625 0.6328234609375001 0.7474096171875 0.6341416343749999 0.7537376328125001 0.6325638828125 0.7747036578125 0.6223008937500001 0.780772978125 0.6151925625 0.7806456171875 0.6101887453125 0.770636203125 0.601494215625 0.7636515046875 0.6004381546875 0.7463827859375 0.6030652062499999
4 0.6817814078125 0.770798790625 0.6762414109375 0.7755371156249999 0.6774194625 0.7847550296875 0.6890128703125 0.7908165953124999 0.6969209015625 0.791082934375 0.7043035875 0.7892422234375001 0.7099749203125 0.7850306625 0.721850884375 0.7697604765625 0.7073561421875 0.765541309375 0.693908115625 0.7700132953125001 0.6902187609375 0.7686951234375 0.6863940937499999 0.77132724375 0.6817814078125 0.770798790625
4 0.7353585671875 0.6981326625000001 0.7067511609375 0.704705784375 0.7044985546875 0.7181361046875 0.708975928125 0.7226148484375 0.72070465 0.7247261218750001 0.729934 0.7213059703125 0.7493200109375 0.709198890625 0.7353585671875 0.6981326625000001
4 0.7928519625 0.668131728125 0.7779552562500001 0.6712863859375 0.767667259375 0.6794465515625 0.7663459390625 0.683133040625 0.7680453609375 0.6989350578125 0.7912520625 0.6886729140625001 0.7989093515625 0.6744545625 0.7987819921875 0.6694507468750001 0.7928519625 0.668131728125
4 0.7818036890625 0.4935223546875 0.7700709906250001 0.4958881359375 0.762027646875 0.49957209062499996 0.7567503234374999 0.5053639390625 0.7600337374999999 0.518532990625 0.7725504765625 0.5238048375 0.7863925140625 0.5209131359375 0.791542478125 0.510117471875 0.7895764062499999 0.4977389859375 0.7818036890625 0.4935223546875
4 0.6946521953125 0.5258823140625 0.685291509375 0.5287757015625 0.6720982015625 0.5432553234374999 0.6690535984375 0.558002125 0.6753736609375001 0.5653784843749999 0.688686375 0.564856790625 0.7070137390625 0.5574897265625001 0.712693025 0.5443240546875 0.7082275828125 0.5264141453125 0.6946521953125 0.5258823140625
4 0.7339813796875 0.4679587625 0.7277847000000001 0.4700632765625 0.7168280890625 0.48902079687500005 0.72222481875 0.49718687656249994 0.7453001828125 0.4863979703125 0.7497894875 0.47744555 0.753745490625 0.475340190625 0.7370100734375 0.47112018125 0.7339813796875 0.4679587625
4 0.4269570015625 0.22950556562500002 0.42286568437499994 0.23556121718749998 0.42325174062500004 0.2460956140625 0.4369544875 0.2516312625 0.44750117968750003 0.2490016765625 0.4641171921875 0.2392637609375 0.46491316562499996 0.23347022343749999 0.45661510156249996 0.22714654374999999 0.4442257203125 0.226878515625 0.43816037812499997 0.2295097921875 0.4269570015625 0.22950556562500002
4 0.37454605937499996 0.4730903546875 0.35279201250000003 0.480192771875 0.35185674843750003 0.49441365781249996 0.35778677812500004 0.495732675 0.38824084999999997 0.4875801125 0.396152859375 0.48336939687499997 0.3986641609375 0.47546965625000004 0.3964274625 0.47099175468750004 0.37454605937499996 0.4730903546875
4 0.7124345203125 0.8353326359375 0.7079531703125 0.8353309484375 0.7028071828125 0.8416495562499999 0.7142692546875 0.8471843609375 0.722308621875 0.8479774609374999 0.7460366921875 0.844299421875 0.7575106953125 0.836403059375 0.759624009375 0.8314000859374999 0.7488225984375 0.8240220390624999 0.74723860625 0.8266550031250001 0.7414399140625 0.8258627484375 0.7303638984374999 0.830862340625 0.7236418734375001 0.83085980625 0.7187625359375 0.833754884375 0.7161278515625 0.8321737546874999 0.7124345203125 0.8353326359375
4 0.7913713718750001 0.5543612609374999 0.7839886875000001 0.556201971875 0.781350025 0.55909789375 0.78279075 0.5693693328125 0.7868741140625 0.572267790625 0.793464803125 0.5717435640625 0.8041507859375001 0.5606866296875 0.7913713718750001 0.5543612609374999
4 0.8234730671875001 0.471942853125 0.8047516937499999 0.47772963125 0.802769715625 0.48325936562500005 0.8064550921875 0.48905459375 0.8303144984375 0.4859033140625 0.8328258015625 0.478003571875 0.8291404234374999 0.4722083453125 0.8234730671875001 0.471942853125