4 0.39233903125 0.6428718578125 0.4012365296875 0.63518153125 0.39531379375000003 0.6282561249999999 0.3667286109375 0.6296936359374999 0.35525889843749997 0.6322921578125 0.356182159375 0.6428450671875 0.3682519890625 0.6471059375 0.3820630984375 0.646960990625 0.39233903125 0.6428718578125
4 0.40768667656249996 0.0768804546875 0.3592485328125 0.1066390859375 0.3564981265625 0.1116648734375 0.37109400625 0.1204899 0.3848589515625 0.1198173078125 0.3983930828125 0.11650648593749999 0.40848436406250005 0.110306771875 0.424129075 0.10681130000000001 0.42687948125 0.10178551250000001 0.43889669218750005 0.0932905640625 0.4401301765625 0.0830806484375 0.4250329609375 0.0806796921875 0.4161290046875 0.076141846875 0.40768667656249996 0.0768804546875
4 0.45508148750000005 0.15674005468750002 0.45580717968749995 0.14072603749999998 0.45126287343750004 0.13740182343750001 0.4438758375 0.1380481046875 0.42066589375 0.15230745 0.41901694218749996 0.15776855781250002 0.434298809375 0.1622800921875 0.4417320078125 0.16216145625 0.45508148750000005 0.15674005468750002
4 0.2757872609375 0.19794710937499999 0.26844638593750003 0.19912103750000001 0.2600566796875 0.21261546406249998 0.2647920953125 0.2302784328125 0.2726407609375 0.23490860625 0.2821845421875 0.2346053171875 0.29434024375 0.2276933046875 0.29856140625 0.227324 0.30732041718750003 0.21805073749999998 0.30690495 0.2133019296875 0.291069128125 0.20245864687499998 0.2916627890625 0.197089865625 0.28707232031249996 0.19323800625 0.27950063125 0.19177370625 0.2757872609375 0.19794710937499999
4 0.261387034375 0.3858281328125 0.26964471093750003 0.38297894375 0.275560990625 0.377676178125 0.27473005625 0.368178559375 0.2540794078125 0.3630733625 0.23714858906249997 0.36402293281250003 0.2244915546875 0.3773590171875 0.22734074531249998 0.3856166921875 0.23606005156249998 0.3880439578125 0.261387034375 0.3858281328125
4 0.191335278125 0.411629184375 0.1809670203125 0.41466302656250004 0.182305746875 0.42996474687499997 0.1868038890625 0.432761315625 0.2019472671875 0.4356899140625 0.209288140625 0.43451598750000003 0.239285003125 0.41275096875 0.24079546562499998 0.40570692656249996 0.229233428125 0.4072501578125 0.220560284375 0.4053505390625 0.2134040625 0.4086350484375 0.21799453125 0.4124869078125 0.2097830171875 0.41586374375 0.2034051078125 0.41589005312499994 0.191335278125 0.411629184375
4 0.556367178125 0.3664009265625 0.547832525 0.36608424375 0.5438883375 0.3696194203125 0.5392978703125 0.365767559375 0.5312710093749999 0.37125497812499997 0.51869984375 0.3734181796875 0.5085624 0.37909025 0.504802865625 0.38473600937499997 0.5058646140625 0.39687185468749997 0.5075200265625 0.40363892031250004 0.5141287484375 0.4062508375 0.5259677640625 0.40787347812499997 0.5353268953125 0.4054596078125 0.5522577140625 0.4045100375 0.5708836484375001 0.39862700625 0.572479978125 0.38041008125000003 0.56270538125 0.3780751421875 0.5654096234375 0.372521709375 0.5630220640625 0.3695404875 0.55659799375 0.369039153125 0.556367178125 0.3664009265625
4 0.5753162515625 0.3642114125 0.576740846875 0.36834025000000004 0.5943641109375 0.3753053625 0.6143684781250001 0.3730235234375 0.636892434375 0.36307766875 0.633720103125 0.35112647343750003 0.6283974859375 0.351060459375 0.621650271875 0.3468656046875 0.606783871875 0.34710287812499996 0.601276603125 0.34492628125 0.5928804375000001 0.34619253437499997 0.58265066875 0.35080931249999997 0.5753162515625 0.3642114125
4 0.5805797921875 0.33929343749999996 0.5934279359375 0.3402961078125 0.6205423609375 0.3342021125 0.625396890625 0.3167635015625 0.5992851359375 0.3100093515625 0.5803360609375 0.312198865625 0.56281158125 0.318517215625 0.5593751874999999 0.32785649375000003 0.567085365625 0.33090372968750004 0.5674546703125001 0.3351248953125 0.5805797921875 0.33929343749999996
4 0.3490740140625 0.4765181 0.34443738281249997 0.4721385953125 0.309428128125 0.473074771875 0.2747484734375 0.48993263750000005 0.27296103125000004 0.49381080937500005 0.2608976578125 0.5017781109375 0.25539684687499997 0.5118296859375 0.259301328125 0.5199950375 0.271786625 0.529004715625 0.293354075 0.53243465 0.30285169375 0.531603715625 0.3172103 0.5255623421875 0.3383096625 0.5114876500000001 0.34615187187499996 0.50388965 0.3457364046875 0.4991408421875 0.35504937187499996 0.49619932499999997 0.3477943671875 0.48620037031249996 0.35586738906250004 0.4812406 0.35444279375 0.4771117625 0.3490740140625 0.4765181
3 0.1719697796875 0.49413945000000004 0.1860514078125 0.4849322046875 0.1871399453125 0.4609111796875 0.182595640625 0.4575869640625 0.15736098437499998 0.46085807812499996 0.15437976250000002 0.46324563906250005 0.145165578125 0.47947061875 0.1443475609375 0.49442934374999997 0.147651921875 0.495735303125 0.1719697796875 0.49413945000000004
4 0.4744347859375 0.5724189859375 0.49554060624999996 0.570572465625 0.505770375 0.5659556859375 0.50856694375 0.5614575453125 0.507089728125 0.5445728890625 0.4926323375 0.5373308 0.48313471874999997 0.538161734375 0.460294078125 0.5566422421875 0.4597004171875 0.5620110234375 0.465623153125 0.5689364296874999 0.4744347859375 0.5724189859375
4 0.549583846875 0.64134345625 0.5459628015625 0.6485721515625 0.5528087984375001 0.66605046875 0.584975321875 0.6690847890625 0.6019061390625 0.66813521875 0.6110806171875 0.6636107671875 0.6118127671875 0.6598249218750001 0.6159877703125 0.6589279718750001 0.6164891046875 0.6525039015625 0.60813264375 0.6420696265625 0.602994678125 0.64411419375 0.5940907203125 0.6395763453125001 0.5725232703125 0.6361464125 0.549583846875 0.64134345625
4 0.605460690625 0.7087639218749999 0.618948659375 0.70492545625 0.6257355765625 0.6974197828124999 0.61416708125 0.6867348421874999 0.6076045203125 0.684650571875 0.602328065625 0.6851122015625 0.59044934375 0.6951900859375 0.5898095203125 0.700031221875 0.5968798750000001 0.70791959375 0.605460690625 0.7087639218749999
4 0.484707846875 0.8235385375 0.483751340625 0.8369143265625001 0.48724035312499997 0.8403308656249999 0.5044019890625 0.8420195250000001 0.5122506546875 0.846649696875 0.5238588546875 0.8456341109375 0.5330794953125 0.8416373046875 0.542577115625 0.8408063703125 0.5512899625000001 0.8310054625 0.5508283328125 0.8257290078124999 0.537518559375 0.8194498828125001 0.5260488484375 0.8220484046875001 0.506499653125 0.8173785265625 0.49062412499999997 0.8182357703124999 0.484707846875 0.8235385375
4 0.406735428125 0.7952690796875 0.41269141249999997 0.7782657875 0.4102115265625 0.7742292749999999 0.392271578125 0.7757988171875 0.375070240625 0.7858106874999999 0.3793901890625 0.7987248484375 0.388247984375 0.8027350484375001 0.3966903125 0.8019964406250001 0.406735428125 0.7952690796875
4 0.6530439828125 0.450455859375 0.67520509375 0.4485170125 0.6949786453125 0.4435969453125 0.6998857968750001 0.4389141515625 0.693501428125 0.426712290625 0.6816624124999999 0.42508964687499995 0.6533080453125 0.4291653875 0.6454658359375001 0.4367633859375 0.6507949125 0.44905757343749997 0.6530439828125 0.450455859375
4 0.7579775078125001 0.6167311625 0.763801459375 0.61037310625 0.7653119234375 0.6033290625000001 0.7607214546875001 0.599477203125 0.73993231875 0.5927890687499999 0.711300971875 0.593698934375 0.701578996875 0.6041198140625 0.7160825515625 0.6118895484375 0.731272090625 0.61534579375 0.7579775078125001 0.6167311625
4 0.4119640484375 0.356703825 0.41017660781250004 0.3605819953125 0.41068439999999995 0.3663860953125 0.42064364843749996 0.3708316171875 0.4365653390625 0.37050201718750003 0.44587830625 0.3675605015625 0.4495916765625 0.36138709687500004 0.4630796453125 0.35754863124999997 0.4668853421875 0.35243051875 0.4583506875 0.3521138359375 0.4458718484375 0.3553323296875 0.4360972515625 0.3529973890625 0.41907410624999997 0.35289166875 0.4119640484375 0.356703825
4 0.19854924062499998 0.544610825 0.198942071875 0.5183139140625 0.22328421718749997 0.504063446875 0.236890028125 0.4826111375 0.22646914843750002 0.4728891625 0.20109600312499998 0.47457734062499995 0.171877453125 0.49308415937500005 0.154992796875 0.4945613765625 0.1473749453125 0.4925694296875 0.143384596875 0.49557696250000005 0.14582477656249998 0.5113139999999999 0.1603809515625 0.531839553125 0.15479427343750002 0.553064009375 0.1559945109375 0.5667827937500001 0.1610466078125 0.5759111078125 0.166092246875 0.57281125 0.175543703125 0.5714526703125 0.1784787625 0.568537465625 0.184948996875 0.5695664453125 0.1868287625 0.5667435671875001 0.195825046875 0.572336703125 0.2007783625 0.56818155625 0.19715085937500001 0.5631820796875 0.19332006875000002 0.546415075 0.19854924062499998 0.544610825
4 0.24516995000000003 0.26123778125 0.24658808593749998 0.25313844531249996 0.2324538359375 0.249589875 0.22405767187499998 0.250856128125 0.21415104375 0.2591664265625 0.21585261562500002 0.2664611359375 0.2244334328125 0.2673054640625 0.233977215625 0.267002175 0.24516995000000003 0.26123778125