4 0.6007242515625 0.33804292187499996 0.59221615625 0.3451342484375 0.59768085625 0.3517482234375 0.624630871875 0.3508631390625 0.6354778515625 0.3486054796875 0.6347823734375 0.33865967656249996 0.6234833328125 0.3344525640625 0.6104713375 0.3343630078125 0.6007242515625 0.33804292187499996
4 0.5769242015625 0.8704117171875 0.623042553125 0.8432001609374999 0.6257163078125 0.8385157 0.6121131546874999 0.8299722109375001 0.5991359328125 0.83037994375 0.58633258125 0.8332741296874999 0.576724590625 0.8389432015624999 0.56193009375 0.841976621875 0.5592563390625 0.8466610859375001 0.5477963 0.8544585546875 0.546465859375 0.8640463015625001 0.5606472953125 0.8665526921875 0.56895961875 0.8709686546875 0.5769242015625 0.8704117171875
4 0.533598153125 0.7944853281250001 0.532650225 0.8095432671875 0.5368759328125 0.8127458296875 0.54384494375 0.8122585093750001 0.5659433218750001 0.7992196390624999 0.567586728125 0.7941075015625 0.5532661937500001 0.789611953125 0.5462624093749999 0.7896019828124999 0.533598153125 0.7944853281250001
4 0.7031675453124999 0.7586412359375 0.7101017828125 0.757656625 0.7182273640625 0.7450951046875 0.71405833125 0.728396090625 0.7067415828125 0.7239105109375 0.6977466515625 0.7240397765625 0.6861822906249999 0.7303453734375001 0.6821999984375 0.73062384375 0.673796225 0.739207040625 0.6741091906250001 0.743682653125 0.6888470109375 0.754145684375 0.6881991765625 0.759188203125 0.6924596609375 0.76288805625 0.699567765625 0.7643898953125 0.7031675453124999 0.7586412359375
4 0.719833515625 0.582073490625 0.7120080265625 0.5846195890625 0.7063475546875 0.5895129046875 0.7069734859375 0.5984641265625 0.7263414328125 0.603606171875 0.742305371875 0.6029895859375001 0.7544480203124999 0.5906468874999999 0.7519004921875 0.5828294796875 0.7437272640625 0.580402678125 0.719833515625 0.582073490625
4 0.7862458375 0.5589397828125 0.7960624703125 0.55625445 0.795054028125 0.5418330359375 0.7908630921875 0.5391277640625 0.7766468796875 0.536124084375 0.7697126437499999 0.5371086953125 0.74109731875 0.5570996578125 0.7395582328125 0.5637036625 0.7504747609375 0.5624405828125 0.7586132140624999 0.5643700968750001 0.7654083546875 0.561396325 0.761147871875 0.557696471875 0.7689385843750001 0.554653084375 0.7749467953125 0.554732671875 0.7862458375 0.5589397828125
4 0.4416513875 0.59552921875 0.44968551874999996 0.5959668609375 0.4534591671875 0.5927046515625001 0.45771965000000003 0.596404503125 0.4653712671875 0.5913719546875 0.47724859531249997 0.5895419671875 0.48689135781250004 0.584370184375 0.4905259109375 0.5791188125 0.4897261109375 0.5676811390625 0.4882784765625 0.561285984375 0.482096396875 0.5587199468749999 0.470971225 0.5569992859374999 0.462115390625 0.5591177109375 0.44615145 0.5597342984375 0.4285093296875 0.5649657296874999 0.42670492343750005 0.5820824453125 0.43587372343749997 0.58443963125 0.4332347421875 0.589621384375 0.43543453281250005 0.592465890625 0.44147751875 0.5930427671875 0.4416513875 0.59552921875
4 0.42376585 0.59727961875 0.42249208437499997 0.5933709140625 0.40600653593749997 0.5865281484375 0.38712542499999997 0.588348165625 0.3657444296875 0.5973390968750001 0.368535375 0.6086375359375 0.3735480140625 0.608786740625 0.3798344171875 0.6128446484375 0.3938419859375 0.6128645875000001 0.3989937203125 0.6150029515625001 0.406923528125 0.6139487234375001 0.416635840625 0.6097715203125 0.42376585 0.59727961875
4 0.4183964390625 0.6206422859375 0.4063104671875 0.6194885328125 0.380668990625 0.6247796125 0.37580831875 0.6411106015625 0.400293225 0.6478937203124999 0.4181787625 0.6461433203125 0.4347905359375 0.640484215625 0.4381816734375 0.6317518125 0.43096924531249997 0.628758103125 0.430691053125 0.62477978125 0.4183964390625 0.6206422859375
4 0.6387323734375 0.49529610625 0.6430276296875 0.4994932484375 0.67602063125 0.4991850390625 0.7089659890625 0.483888509375 0.7107137171875 0.48026824375 0.7222085296875 0.47296806562500004 0.7275560375000001 0.4635991375 0.7240129359374999 0.455851346875 0.7124009296875 0.44716862500000004 0.6921417328125 0.4435880671875 0.6831815765625 0.44421462343749996 0.6695565203125 0.44966487656250004 0.6494492890625 0.4625645109375 0.6419367671875 0.4695862203125 0.6422497328125 0.4740618328125 0.6334286734375 0.4766775484375 0.6400975875 0.48620564843749997 0.6324111968749999 0.4907409078125 0.633684959375 0.49464961093750004 0.6387323734375 0.49529610625
3 0.805849525 0.48161124843750003 0.7924331140625 0.4900452421875 0.7910112203125 0.5126321515625001 0.7952369296875 0.5158347140624999 0.81906113125 0.5131693187499999 0.8219087546875 0.51097130625 0.8308560406250001 0.49585371875 0.8318735171875 0.48179036093749994 0.828782475 0.4805073421875 0.805849525 0.48161124843750003
4 0.522229796875 0.40299868125 0.5023183390625 0.4043910265625 0.49260602656249997 0.40856822968750006 0.4898975 0.4127554015625 0.49101026562500005 0.4286686875 0.5045090953125 0.4357203046875 0.5134692515625 0.4350937484375 0.5352894375 0.4180765578125 0.5359372703124999 0.41303404062500004 0.5304725718750001 0.4064200640625 0.522229796875 0.40299868125
4 0.4525796609375 0.3369086 0.4561098921875 0.33016535937499997 0.44994971406250006 0.3136055796875 0.41970001406249996 0.3102239046875 0.403736075 0.3108404890625 0.3950193359375 0.3149480765625 0.3942671796875 0.318498725 0.3903196625 0.3192744828125 0.3897413765625 0.3253115828125 0.3974406390625 0.3352673546875 0.40231418124999996 0.33342740000000004 0.41062650468750006 0.3378433625 0.43088570156249995 0.34142391875 0.4525796609375 0.3369086
4 0.4010584828125 0.2725491484375 0.3882899046875 0.27594062343750003 0.3817729546875 0.28289271562499996 0.392493709375 0.2931369265625 0.3986410171875 0.295205675 0.40361888125 0.2948575890625 0.4149746 0.2855682484375 0.41565720781250004 0.28102302031250004 0.4091273875 0.27348408125 0.4010584828125 0.2725491484375
4 0.5166982625000001 0.16651735781250002 0.517820059375 0.1539458703125 0.514589925 0.150673690625 0.49845211406249995 0.1488038234375 0.49113536562500004 0.14431824375 0.48018406406249997 0.145084034375 0.47143255 0.14869432968750002 0.46247239531249995 0.149320884375 0.4541033953125 0.1584013734375 0.454451134375 0.1633742734375 0.46688484218750004 0.1695009296875 0.47773182500000005 0.16724326875 0.49606942343749993 0.17195764062500002 0.511037790625 0.171410671875 0.5166982625000001 0.16651735781250002
4 0.5896790171874999 0.19439568437500002 0.5837879984375001 0.21029899843750002 0.5860573359375 0.2141380859375 0.602982075 0.2129545921875 0.61935043125 0.2038144578125 0.615494365625 0.19159105468749998 0.6072168171875 0.18767238125000002 0.5992522328125001 0.18822931874999999 0.5896790171874999 0.19439568437500002
4 0.3519726015625 0.5148485796875 0.331065571875 0.5163105421874999 0.3123583296875 0.5206170109375 0.30765865625 0.5249434171875 0.3134710953125 0.5365302953125 0.324596265625 0.53825095625 0.3513724125 0.534879421875 0.35888493593750004 0.5278577109375 0.35406806875 0.516201215625 0.3519726015625 0.5148485796875
4 0.25587351406250003 0.35666029374999997 0.2502825890625 0.3625481890625 0.2487435046875 0.3691521953125 0.25300398749999997 0.3728520484375 0.27247625468750003 0.3794859625 0.2994610453125 0.37909816875 0.30879084375 0.3694507734375 0.2952572390625 0.36190186406249997 0.281006253125 0.35840089375 0.25587351406250003 0.35666029374999997
4 0.5775142343749999 0.6070170781249999 0.5792619625000001 0.6033968125 0.57887945 0.5979266203125 0.5695715546875 0.593580275 0.5545684140625 0.593629953125 0.545747353125 0.5962456671874999 0.5421475734375 0.6019943296875 0.5293789953125 0.605385803125 0.52570966875 0.610139884375 0.5337438 0.6105775265625 0.5455515796875 0.6077529578124999 0.5547203796875 0.6101101453125 0.5707538671875 0.6104881390625 0.5775142343749999 0.6070170781249999
4 0.7816457140625 0.4336808703125 0.7808415859375 0.458420859375 0.757676859375 0.4714328515625 0.74450651875 0.491397709375 0.754162153125 0.50071695625 0.7780906765625 0.4995434328125 0.8059190718749999 0.48260582812499997 0.8218482390625 0.48149195312500004 0.82899111875 0.48349108281250003 0.8327995406250001 0.48072616406249996 0.8307607515625 0.46587707656250005 0.8173881453125 0.4463235859375 0.8230009734375001 0.42644194999999996 0.8220968515625 0.4135124046875 0.8174886296875 0.4048396515625 0.8126846343749999 0.40767418906249997 0.8037592515625 0.408798034375 0.800946403125 0.4114933359375 0.79486864375 0.4104191703125 0.7930513671874999 0.41304485468749996 0.784669496875 0.4076343109375 0.7799350515625 0.411463428125 0.7832695078125 0.416227478125 0.7866012046875 0.432068553125 0.7816457140625 0.4336808703125
4 0.7330527984375 0.6995831703125 0.731583259375 0.7071817593749999 0.7448386734375 0.7107523453125 0.7527684828125001 0.7096981171875 0.762237378125 0.7020398828125 0.7607549687499999 0.6951474375 0.7526860640625 0.6942125046875 0.743691134375 0.6943417703125 0.7330527984375 0.6995831703125