4 0.5478515625 0.3095703125 0.5419921875 0.294921875 0.537109375 0.2890625 0.53271484375 0.2890625 0.52734375 0.2978515625 0.52880859375 0.31640625 0.53662109375 0.3291015625 0.54150390625 0.328125 0.5478515625 0.3095703125
4 0.41162109375 0.376953125 0.40380859375 0.36328125 0.39990234375 0.365234375 0.39990234375 0.3935546875 0.4111328125 0.3994140625 0.41455078125 0.3955078125 0.41162109375 0.376953125
4 0.4443359375 0.41015625 0.447265625 0.396484375 0.443359375 0.3798828125 0.4404296875 0.3779296875 0.431640625 0.380859375 0.42822265625 0.3916015625 0.42724609375 0.4013671875 0.4287109375 0.4072265625 0.4345703125 0.416015625 0.4443359375 0.41015625
4 0.41259765625 0.421875 0.4072265625 0.4208984375 0.4013671875 0.4248046875 0.40087890625 0.4404296875 0.40380859375 0.451171875 0.41552734375 0.451171875 0.41259765625 0.421875
4 0.23193359375 0.4384765625 0.22802734375 0.427734375 0.22412109375 0.4287109375 0.2216796875 0.435546875 0.22119140625 0.439453125 0.22607421875 0.453125 0.23291015625 0.451171875 0.23193359375 0.4384765625
4 0.21923828125 0.5380859375 0.21826171875 0.521484375 0.216796875 0.5185546875 0.208984375 0.5185546875 0.20654296875 0.5244140625 0.208984375 0.546875 0.21240234375 0.5517578125 0.21533203125 0.55078125 0.21923828125 0.5380859375
4 0.1884765625 0.5830078125 0.1904296875 0.5615234375 0.1884765625 0.5537109375 0.18017578125 0.548828125 0.17724609375 0.5517578125 0.173828125 0.5634765625 0.17236328125 0.572265625 0.17333984375 0.5830078125 0.18017578125 0.5888671875 0.1884765625 0.5830078125
4 0.3017578125 0.60546875 0.30224609375 0.59375 0.298828125 0.5869140625 0.2900390625 0.583984375 0.2861328125 0.5888671875 0.2861328125 0.6044921875 0.28955078125 0.6123046875 0.29541015625 0.61328125 0.3017578125 0.60546875
4 0.291015625 0.7177734375 0.2958984375 0.7080078125 0.2978515625 0.6923828125 0.296875 0.6796875 0.294921875 0.67578125 0.28173828125 0.6845703125 0.2802734375 0.689453125 0.279296875 0.6982421875 0.28369140625 0.71875 0.287109375 0.720703125 0.291015625 0.7177734375
4 0.666015625 0.560546875 0.66845703125 0.5498046875 0.66015625 0.5439453125 0.6435546875 0.544921875 0.64404296875 0.5625 0.65380859375 0.576171875 0.66162109375 0.5634765625 0.666015625 0.560546875
4 0.7548828125 0.5595703125 0.7509765625 0.552734375 0.72998046875 0.552734375 0.72998046875 0.564453125 0.734375 0.5751953125 0.736328125 0.591796875 0.7548828125 0.5595703125
4 0.728515625 0.4873046875 0.7353515625 0.4814453125 0.736328125 0.4697265625 0.732421875 0.4560546875 0.7216796875 0.45703125 0.72021484375 0.4580078125 0.72021484375 0.4638671875 0.7255859375 0.484375 0.728515625 0.4873046875
4 0.8115234375 0.498046875 0.81201171875 0.4873046875 0.81005859375 0.4765625 0.79736328125 0.47265625 0.79296875 0.4775390625 0.79345703125 0.498046875 0.796875 0.5078125 0.802734375 0.509765625 0.8115234375 0.498046875
4 0.8291015625 0.6123046875 0.833984375 0.607421875 0.8408203125 0.5908203125 0.8408203125 0.58203125 0.83837890625 0.576171875 0.830078125 0.572265625 0.8212890625 0.57421875 0.81689453125 0.5712890625 0.80810546875 0.5849609375 0.80810546875 0.59765625 0.810546875 0.60546875 0.82421875 0.6123046875 0.8291015625 0.6123046875