4 0.6841676796875 0.469276240625 0.7028546015625 0.47042375937500003 0.711599828125 0.4648675390625 0.7115226812500001 0.4604477796875 0.70554395 0.4556398 0.6907085562499999 0.4500039453125 0.6721587875 0.45671377343749997 0.6712623375 0.46164175937499996 0.6841676796875 0.469276240625
4 0.6088393421875 0.6002768640625 0.6373222328125 0.5997796937500001 0.63921799375 0.59581673125 0.62533048125 0.5881993953125 0.6066178453125 0.585578621875 0.602749175 0.5890847890625001 0.6088393421875 0.6002768640625
4 0.6005019640625 0.57291329375 0.6103065078125 0.5717596859375 0.6210503593750001 0.5681335125 0.623842571875 0.5592425640625 0.6218268015625 0.5563303453125 0.6050613609375 0.552693115625 0.5913624296875 0.5558796359375 0.5856408562500001 0.565804184375 0.5945832375 0.5715429015625 0.6005019640625 0.57291329375
4 0.5616781015625001 0.6001175984375 0.577384228125 0.5993522140625 0.5812100390625 0.593390625 0.5801335796875 0.5880058421875 0.5506170890625001 0.5855736515625 0.550822815625 0.597359675 0.5616781015625001 0.6001175984375
4 0.5658147328124999 0.7808194890625 0.5697348359375 0.7802598281249999 0.57656715625 0.7776843999999999 0.57748075 0.7737385812500001 0.5666083203125 0.7699984890625 0.5538229828125 0.769239190625 0.5519786515625 0.776148659375 0.5658147328124999 0.7808194890625
4 0.457990478125 0.794982415625 0.4806232171875 0.7970435296875 0.48647336875 0.7944852453125 0.48633621875 0.786627896875 0.483363996875 0.785206075 0.46664998593749996 0.7845153500000001 0.45395036875 0.7886668953125 0.45301963125 0.7916305453125 0.457990478125 0.794982415625
4 0.4330969859375 0.83225948125 0.4419107875 0.8306319328124999 0.45363680781250004 0.8269886171874999 0.4565318828125 0.8239906796875 0.4514753171875 0.8157279656249999 0.4435836796875 0.813900778125 0.4220102578125 0.8162422796875 0.41626296875 0.8246935765625001 0.42227598593750004 0.8314658937500001 0.4330969859375 0.83225948125
4 0.398688165625 0.7184025765625 0.4144028640625 0.7181282765625 0.41924513125 0.714113884375 0.41614433125000005 0.7053257953125 0.409209146875 0.7020082125 0.3974316953125 0.7027050218750001 0.38968578125 0.7092262687499999 0.3907708125 0.7151021375 0.398688165625 0.7184025765625
4 0.3045199796875 0.7269235640625 0.3133423546875 0.7257871031249999 0.3182274828125 0.7242281296875 0.3268355578125 0.7108145578125 0.3228725953125 0.708918796875 0.31008725937500003 0.708159496875 0.2944068484375 0.7103981359375 0.28467088125 0.7154804171875 0.28179295 0.7194605234375 0.2838172921875 0.7228638265625 0.3045199796875 0.7269235640625
4 0.434638209375 0.3577005796875 0.45232581562499996 0.35788307656249996 0.453016540625 0.341169065625 0.44697780624999994 0.33292349374999997 0.436216809375 0.3355674984375 0.43334745156250004 0.3400386875 0.42071640937500004 0.3481189078125 0.434638209375 0.3577005796875
4 0.4311652140625 0.2713040265625 0.4429512390625 0.2710983 0.44258264843750006 0.2499816734375 0.4356388921875 0.24617300625 0.4035530578125 0.26539995625 0.4202842140625 0.2670728484375 0.4311652140625 0.2713040265625
4 0.5383930375 0.2792570359375 0.539349490625 0.2777666390625 0.5401430765625 0.2669456390625 0.5263241390625 0.2632569796875 0.514555259375 0.2644448734375 0.5087822546874999 0.2714229171875 0.5117801921875 0.274317990625 0.532500025 0.2793599 0.5383930375 0.2792570359375
4 0.49683833593750004 0.206297284375 0.51747245 0.20642834687499997 0.5223061453125 0.2019228703125 0.5181546015625 0.1892232515625 0.5073164578125 0.1874474953125 0.496521175 0.1881271625 0.4848894453125 0.1971724078125 0.48695664531249994 0.20303113125 0.49683833593750004 0.206297284375
4 0.39639997656250003 0.193313421875 0.40916816875000006 0.193090553125 0.42276423437500005 0.184011021875 0.41974058125 0.17964269375 0.42155062499999996 0.1707688890625 0.41747622812499996 0.16248903125 0.41154035625 0.160136471875 0.40270083906250004 0.1602907671875 0.386123978125 0.167457390625 0.381298853125 0.1724539546875 0.381384571875 0.177364796875 0.388499765625 0.1909951515625 0.39639997656250003 0.193313421875