4 0.49965453281250005 0.30803084062499997 0.504409903125 0.30607955625 0.507187328125 0.2860279703125 0.49836485 0.272338903125 0.4922630453125 0.26736338125 0.4878101 0.268228946875 0.484098740625 0.27819275 0.4892376625 0.29670555625 0.49965453281250005 0.30803084062499997
4 0.3824180015625 0.3811389890625 0.371808784375 0.3688241609375 0.36823530625 0.3715726390625 0.3738133921875 0.4002694015625 0.3863472296875 0.40399466406249995 0.3890412390625 0.399363271875 0.3824180015625 0.3811389890625
4 0.4030593921875 0.4028000109375 0.4056977953125 0.4084487515625 0.41336618593749996 0.4162005578125 0.4221075359375 0.4083398171875 0.4223832953125 0.393909165625 0.41515520937500006 0.377856315625 0.41180188281249996 0.376454271875 0.40347303593749995 0.3811540328125 0.40212545781250003 0.392712228125 0.4030593921875 0.4028000109375
4 0.39225554375 0.42646564218750005 0.3866207046875 0.4265340125 0.3814528359375 0.43164627187500004 0.38403562812500003 0.44757514374999996 0.389120084375 0.45788307812499995 0.40099460625 0.45557490625 0.39225554375 0.42646564218750005
4 0.215949965625 0.491543940625 0.2124599015625 0.478872221875 0.206385903125 0.46875663437500004 0.2026200765625 0.47051556874999995 0.2014926515625 0.47792324218750004 0.20176727187500001 0.4819775921875 0.2094078578125 0.49486946249999997 0.215949965625 0.491543940625
4 0.21498137343749998 0.5975062265625 0.21775765625000001 0.5959396406249999 0.219215309375 0.5823061828125 0.21495585468749998 0.565676290625 0.2128944953125 0.5629961812500001 0.204978146875 0.5645349640624999 0.2036583734375 0.5709530953125 0.2105562328125 0.593231725 0.21498137343749998 0.5975062265625
4 0.1784493921875 0.6261729 0.1815547609375 0.63686553125 0.1896356515625 0.6414563578125 0.19689268437500002 0.633884140625 0.194640121875 0.6117294875 0.1911222515625 0.6041978343750001 0.1817493921875 0.6008850734375 0.17935780625 0.604430746875 0.1782025765625 0.6169784859375 0.1784493921875 0.6261729
4 0.305080875 0.6436624515625 0.311210484375 0.6434979078125 0.316103734375 0.6343313 0.3142903328125 0.622360603125 0.3094804953125 0.616107015625 0.29999756093749996 0.6148695140625 0.29700112500000003 0.6205866234374999 0.3000786890625 0.6364193218749999 0.305080875 0.6436624515625
4 0.31087568593750003 0.7236636953125 0.311617271875 0.7327619328125 0.3201095203125 0.752676784375 0.32395761875 0.753982653125 0.32733875 0.75024463125 0.3303629890625 0.73938745625 0.3292645125 0.723170065625 0.3257744484375 0.710498346875 0.3230259703125 0.70692486875 0.31139826249999997 0.7184274546875 0.31087568593750003 0.7236636953125
4 0.6724795718750001 0.5209007703124999 0.6763554734375 0.5170665765625 0.6767135078125001 0.5057007265625 0.6671483015625 0.5013984234375 0.6505184093749999 0.505657878125 0.6544754390625 0.5233734875 0.66706374375 0.5353036203125 0.6724795718750001 0.5209007703124999
4 0.7662115875 0.49857338437500004 0.7609069796875 0.49241597031250006 0.73963179375 0.49655144843750004 0.7419399671875 0.508425971875 0.7485087390625 0.518445384375 0.7537577359375 0.5348829296875001 0.7662115875 0.49857338437500004
4 0.712232709375 0.408426465625 0.7217145031250001 0.428148965625 0.7252601765625 0.430540553125 0.7310328953125 0.4232568578125 0.7297142640625001 0.4111899890625 0.723063221875 0.39810576875 0.712370590625 0.4012111390625 0.7110786234375001 0.40248920312500003 0.712232709375 0.408426465625
4 0.7985675265625 0.4378566234375 0.8048894843750001 0.4386816234375 0.811487203125 0.425075971875 0.8098661484375 0.41409481875000004 0.8057712359375 0.4035945359375 0.7921377796875 0.40213688124999997 0.788646571875 0.40795016562499997 0.793180646875 0.42863440468749997 0.7985675265625 0.4378566234375
4 0.836385765625 0.5003368890625 0.8313557749999999 0.4982338234375 0.8251427515625 0.5138185625 0.8276432734375 0.5266826296875 0.8316559140625 0.5341181078125 0.8468559578124999 0.53835204375 0.8518036765625 0.5373903046875 0.8557896546875 0.531480846875 0.859446546875 0.5133121734375 0.8577154171875 0.50440628125 0.854087471875 0.4989498890625 0.8449069609375 0.496626671875 0.836385765625 0.5003368890625