4 0.33438408124999996 0.5752124015625 0.3351160015625 0.5793633296875 0.326191575 0.5894969171875 0.33416284687500003 0.5982563328125 0.348765475 0.602101475 0.36245320468750003 0.6007579562500001 0.37229252968750004 0.595813028125 0.3797797328125 0.589677846875 0.3868419234375 0.5750576374999999 0.3860185125 0.5703878437500001 0.3799094765625 0.5661150484374999 0.3619158984375 0.5612628281250001 0.351436140625 0.5625756953125001 0.340466496875 0.56718493125 0.33438408124999996 0.5752124015625
4 0.3350211625 0.49378033906249996 0.3620306578125 0.4890178359375 0.3676231875 0.4842867328125 0.3678386046875 0.47943376562499995 0.3554375546875 0.46985044531250003 0.33903174375 0.4679282484375 0.33081261875 0.46991250000000007 0.3263828421875 0.46908859375 0.316909475 0.47610898749999997 0.31647864375 0.485814921875 0.3350211625 0.49378033906249996
4 0.314728696875 0.5123383968749999 0.3206871875 0.5096827609375 0.3256392859375 0.5013195953125 0.3224637515625 0.49545954999999997 0.29750529062500003 0.4875554421875 0.2864117203125 0.497536509375 0.28277291875 0.5072730984375 0.28567398437499997 0.511576546875 0.29697715156250004 0.5149334750000001 0.314728696875 0.5123383968749999
4 0.314475028125 0.5412730296875 0.3292340171875 0.5338556375 0.3371196171875 0.5239052234375 0.33272227656250003 0.5171906171875 0.3239542109375 0.5160616734375 0.30629415781249997 0.5191756171875 0.29672930000000003 0.5256771421875001 0.2933649671875 0.5369703296874999 0.3019176171875 0.5429522421875 0.314475028125 0.5412730296875
4 0.345828628125 0.5186246015625 0.3553610484375 0.5180137734375 0.36889823125 0.5097418234375 0.3686886328125 0.4964038265625 0.3650232125 0.4938401484375 0.34699719687499997 0.4948786296875 0.3328195828125 0.49951851718749996 0.328174390625 0.50354758125 0.32578982968750003 0.5082480281249999 0.3285994046875 0.5120326093750001 0.345828628125 0.5186246015625
2 0.6675447875 0.794131253125 0.6541905859375 0.8034409374999999 0.653942734375 0.8141846046874999 0.6467300015624999 0.8218763812500001 0.646848109375 0.8346955125 0.6628230890625 0.8463236453125 0.6757464609375 0.846719896875 0.683390025 0.8293221828125 0.6938431640625 0.8157090515625001 0.7394983046875 0.7830489015625 0.745855190625 0.7765780296875 0.7420982796875 0.7734954859375 0.728227571875 0.7738012734375 0.7074510375 0.7774647375 0.6888112109375 0.7871714203125 0.6675447875 0.794131253125
2 0.58259968125 0.7315346265625 0.5862060484375 0.7276887359375 0.5798874140625 0.7100779453125 0.5666895734375 0.7081250953125 0.548938028125 0.7107201734374999 0.5419407109375001 0.7135589828125 0.5331077750000001 0.7242114374999999 0.536159384375 0.7354433171875 0.5565375234375 0.7355950906250001 0.58259968125 0.7315346265625
2 0.7372817406250001 0.7401048859375 0.7472716125 0.7420883890625001 0.75671254375 0.740958696875 0.77260185 0.7338769984375 0.778102890625 0.7286270312500001 0.7793571328125 0.7235908890625 0.7720262921875001 0.7184635375 0.7654273703125 0.7174871109375001 0.7486231625 0.71938015 0.72980035625 0.7280491015624999 0.7310812171875 0.7353132265625 0.7372817406250001 0.7401048859375
2 0.7910985390625 0.4074766109375 0.7690087078125 0.40976665 0.7661666984375 0.4118727671875 0.7676305390625 0.4201746234375 0.7784438203125 0.426827921875 0.8022453453124999 0.4220960734375 0.8027352328124999 0.41879970312500003 0.7910985390625 0.4074766109375
2 0.6705022671875 0.23988661875 0.6753304390625 0.23689528906250001 0.67860328125 0.225083234375 0.6764665734374999 0.219040015625 0.665071915625 0.21516422031250002 0.6538278015625 0.21821685781250003 0.6464320875 0.2248709046875 0.65128688125 0.2341798390625 0.662008671875 0.24031427187499999 0.6705022671875 0.23988661875
4 0.7613892921875001 0.54271971875 0.753078678125 0.5441851046874999 0.7401228718749999 0.549679553125 0.7398750187500001 0.5604232203125 0.7337926015625 0.568450690625 0.743077171875 0.57858353125 0.799173815625 0.568692178125 0.8096860093749999 0.5614886140625 0.817598228125 0.5638384640625 0.814024296875 0.561793653125 0.8199827859375001 0.559138015625 0.8152843578125 0.538566546875 0.8100902234375 0.5394824140625001 0.80321683125 0.5369493890625 0.794507821875 0.5422300109375 0.7757174499999999 0.5450082625 0.7677137421875 0.5421395453125 0.7613892921875001 0.54271971875
4 0.4910330921875 0.2608319109375 0.493293725 0.261503296875 0.5007484921875001 0.2612588171875 0.5098234640625 0.25805366093750004 0.5179244796875 0.24325027812500002 0.5173813546875 0.221946115625 0.5074829750000001 0.22048147812500002 0.49406971562499996 0.22338159531250001 0.48447242343749997 0.2357738203125 0.48431606250000003 0.2470363546875 0.49454796874999996 0.25646715625 0.4910330921875 0.2608319109375
4 0.5612467062500001 0.5314654125 0.5697403015625 0.531037759375 0.5840094062500001 0.5269167359375 0.5880141671875 0.5192556109375001 0.584047659375 0.502835071875 0.5778471328125 0.49804341093750004 0.5682232234375 0.498135371875 0.5588737828125 0.4997839296875 0.5535557234375 0.5060716281250001 0.554863203125 0.52563601875 0.5612467062500001 0.5314654125
4 0.42862539218749995 0.6115599390625001 0.44179661562500006 0.6012125234375 0.44589286875 0.594070265625 0.4397247796875 0.5833879046875 0.41723655 0.5894931796875 0.3995440609375 0.598497821875 0.397250990625 0.6037171375 0.4023211984375 0.6081731046875001 0.41362436718750006 0.6115300328125 0.42862539218749995 0.6115599390625001
4 0.45163259375000003 0.51120346875 0.43763795937500005 0.5168810921875 0.4306082078125 0.5256106 0.4320720484375 0.5339124578125001 0.4460608640625 0.5464258015625 0.45293425625 0.5489588249999999 0.47750013593749996 0.5424872046875 0.48214533125000003 0.5384581421875 0.5103766328125 0.5345501984375 0.509095771875 0.5272860734375 0.51841859375 0.51333725 0.5148770984375 0.5054017390625 0.5065989203125 0.500976425 0.48582238593750005 0.5046398890625 0.46861978125 0.5103481624999999 0.45163259375000003 0.51120346875
4 0.4709153203125 0.4018737578125 0.473972746875 0.39491467343750003 0.4666419046875 0.38978731875 0.4491648296875 0.3939389953125 0.4414031578125 0.398517578125 0.4412792296875 0.40388941093749997 0.4471137953125 0.40660560625000003 0.453621225 0.40706316718749996 0.4709153203125 0.4018737578125
4 0.4301324234375 0.38926995 0.43676378125 0.3843556734375 0.43597280468750005 0.3737951796875 0.4198414640625 0.3734295828125 0.407741503125 0.3777031234375 0.40450109687499997 0.383624478125 0.408989928125 0.3908579484375 0.41992713593750003 0.39213941406249997 0.4301324234375 0.38926995
4 0.5130938359375 0.349496696875 0.5152363624999999 0.3373489515625 0.5086698765625 0.33048182656249997 0.49733427187499996 0.3330155984375 0.48465293593750003 0.34006664375 0.4818699796875 0.348582328125 0.4916444359375 0.3554187984375 0.5082656640625001 0.3524880265625 0.5130938359375 0.349496696875
4 0.5031988046875 0.4330961859375 0.5050344234375 0.42528254218750006 0.5001471953125 0.42186430625 0.48627648749999997 0.42217009375 0.4735951515625 0.4292211390625 0.46949889687499996 0.43636339843750005 0.4821153640625 0.44109375 0.49250362968749994 0.43926201875000004 0.5031988046875 0.4330961859375
4 0.58227938125 0.395612225 0.5827102125 0.38590629062500004 0.5738506578125 0.38425847812499997 0.5478799890625 0.3888378078125 0.5442411859375 0.398574396875 0.55025873125 0.40232832656250006 0.5577134984375001 0.4020838453125 0.570270909375 0.40040463437499996 0.58227938125 0.395612225
4 0.6630749984375 0.44075057968750003 0.65809628125 0.43681347812500004 0.6426378046875 0.43418924218750005 0.63441868125 0.43617349375 0.6260431953125 0.449420278125 0.6313878734375 0.45543284375 0.64137774375 0.457416346875 0.6548824921875 0.4550350953125 0.6630749984375 0.44075057968750003
4 0.5802234078125 0.61478901875 0.5990462140624999 0.6061200671875 0.590192478125 0.586281290625 0.5877488640624999 0.5845721734375 0.5770861265625 0.5848473078125 0.562052665625 0.5907081015625 0.563177165625 0.6092347593749999 0.5661697203125 0.6140570734375 0.5717298125 0.6152166718750001 0.5802234078125 0.61478901875
4 0.6419018265624999 0.8248677109375 0.6323103515625 0.8190689734375001 0.6313039609375 0.8133614453125 0.6245220609375 0.8113472890625 0.62663215 0.8050902421874999 0.62012471875 0.804632684375 0.6143225906249999 0.7960257875 0.6156683234375 0.7915085140625 0.6112385453125 0.7906846078124999 0.605979540625 0.8033818734375 0.5935726734375 0.8119895156249999 0.5964737375 0.816292965625 0.5928673703125 0.820138853125 0.59356685625 0.83018048125 0.5863541234375 0.8378722609375 0.585923290625 0.8475781953125001 0.580513740625 0.8533470281250001 0.61078444375 0.8731544031249999 0.6299998312499999 0.8788611812499999 0.6517237015624999 0.874495678125 0.6593938859375 0.8693982312499999 0.6596093 0.8645452625000001 0.65114814375 0.8590822171875001 0.6542970593749999 0.8526419984375 0.648553984375 0.85044466875 0.6543294953125 0.8467512984375001 0.65481938125 0.843454928125 0.6448619453125 0.835580725 0.6419018265624999 0.8248677109375
4 0.228323096875 0.5265040390625 0.22410291875000002 0.53901813125 0.2254428328125 0.552691821875 0.228925275 0.5542177671874999 0.22599177343750002 0.55580501875 0.22721358125000002 0.556659578125 0.2298726109375 0.553515728125 0.23647153125 0.554492153125 0.2515049921875 0.5486313578125 0.257861878125 0.5421604859375 0.2572538828125 0.5326377234375 0.23965869999999997 0.5239702687500001 0.2336087203125 0.5261070390625 0.23012627968750002 0.5245810953125 0.228323096875 0.5265040390625