4 0.47534767968749997 0.3146491421875 0.4714955328125 0.3136169625 0.4663742625 0.30191262343749997 0.4556755984375 0.3052451859375 0.44653944687499997 0.3162288875 0.44221847812500004 0.32850281406250004 0.44252456406249996 0.338916928125 0.444791809375 0.3477901109375 0.45450504687500004 0.359691653125 0.45883871249999997 0.36085285625 0.46494540781250004 0.357323090625 0.476301021875 0.3438344640625 0.4793655640625 0.33432350624999996 0.4797993 0.32307441875 0.47534767968749997 0.3146491421875
4 0.544922234375 0.347756525 0.538206371875 0.3728204671875 0.540027184375 0.3795076125 0.5441025484375 0.38163281250000003 0.5572789765625 0.37483132812500003 0.5654871781249999 0.3615325625 0.5670720796875 0.3536915578125 0.5695498437500001 0.350222634375 0.5673176843750001 0.33929243124999997 0.5591669593749999 0.33504203125 0.544922234375 0.347756525
4 0.537122375 0.32293594375 0.5370171140625 0.3291069984375 0.5422085562500001 0.33669729843749996 0.5485033828125 0.3363175734375 0.5652609578125001 0.3180771375 0.5611378124999999 0.3045738265625 0.5542435125 0.29756045468750003 0.5493932421875 0.29832725 0.541995034375 0.306677003125 0.537122375 0.32293594375
4 0.5124118953125001 0.3111487421875 0.5128710234375 0.3267699109375 0.5182505953125001 0.33751025156250003 0.5257667609375 0.33642457187499997 0.530240771875 0.3293577015625 0.5346319125 0.31296973906250003 0.532881271875 0.3021685578125 0.5245424171875 0.2947681203125 0.5159930421875 0.299709790625 0.5124118953125001 0.3111487421875
4 0.5192965015625 0.34708938906250003 0.5160087437499999 0.355507325 0.5176892109375 0.370422540625 0.529210565625 0.3755760984375 0.5328745828125 0.3734582390625 0.5391917984375 0.357586365625 0.5408819578124999 0.34357430624999996 0.5392843609375 0.33798018281250003 0.5362071203125 0.334056009375 0.53183836875 0.3349518265625 0.5192965015625 0.34708938906250003
2 0.15440647968750001 0.5127858921875 0.151762975 0.4976126296875 0.1426492140625 0.4931041859375 0.1389374125 0.48384393281250004 0.1278975765625 0.47881939687499997 0.11153865 0.48786776249999997 0.106031428125 0.498790625 0.11789395312499999 0.512301278125 0.1253877296875 0.5267077453125 0.13513905625 0.5789146734374999 0.138146121875 0.5869528828125 0.1422916578125 0.5849640468749999 0.1475756640625 0.572948165625 0.1527417125 0.5536682093749999 0.1518712375 0.5338039796875 0.15440647968750001 0.5127858921875
2 0.2420495109375 0.46497829687500003 0.24390541093749998 0.46960842343750003 0.261533459375 0.471232215625 0.2684852359375 0.4606964203125 0.2733578953125 0.44443747968749997 0.27372145937500003 0.43730242812500003 0.2681186703125 0.4254690671875 0.2572669640625 0.423594571875 0.24898858906250002 0.44100737187499994 0.2420495109375 0.46497829687500003
2 0.17285053125 0.5941854828124999 0.1671551796875 0.60195830625 0.1643489390625 0.6105052640624999 0.164068246875 0.626961409375 0.1663705796875 0.633777575 0.170187640625 0.6368667718750001 0.1775156765625 0.6326310562499999 0.1809915640625 0.6273631578125001 0.186087440625 0.6121972375 0.1861800015625 0.5925910546875001 0.17943874531249998 0.590784740625 0.17285053125 0.5941854828124999
2 0.4365658640625 0.7733348171875 0.44343476875 0.7534779296874999 0.44276512187500006 0.7501988703125 0.435060828125 0.7481345109374999 0.4250318125 0.75474613125 0.419572375 0.7770471031249999 0.4222031828125 0.7787852359375 0.4365658640625 0.7733348171875
2 0.62849755 0.736939928125 0.6291321125 0.7422760078125 0.6379524859375 0.7498054671875 0.6439890078125 0.7503897390625001 0.651868734375 0.7421690078125 0.653747025 0.7313069875 0.6509982609375 0.72230478125 0.6410745046875 0.722745346875 0.6315270078124999 0.729485990625 0.62849755 0.736939928125
4 0.332472025 0.69378246875 0.33453844374999997 0.6860704875 0.335007265625 0.67276438125 0.325893503125 0.6682559343750001 0.32144188125 0.6598306593750001 0.3090403609375 0.6637401484375001 0.29509202968750003 0.71579603125 0.297065884375 0.72769023125 0.2918871390625 0.7335350593750001 0.2950696390625 0.7312881796874999 0.2949643796875 0.7374592328125 0.314483415625 0.7416561328125 0.315774928125 0.7368361453125 0.32069537187499997 0.7319553140624999 0.319649465625 0.7223761765625001 0.324780428125 0.7051532375 0.33044069062500003 0.699437434375 0.332472025 0.69378246875
4 0.6822976359374999 0.5746767484374999 0.6808179937500001 0.5763466984375001 0.6780468390625 0.5828366390624999 0.6771666734374999 0.5918996875 0.6866216078125 0.604765225 0.705107434375 0.6128181171875 0.7103212671875 0.604916271875 0.7131976812499999 0.592255278125 0.7064086390625001 0.579070853125 0.696813359375 0.5744333859374999 0.6846350546875 0.579435896875 0.6822976359374999 0.5746767484374999
4 0.4221500734375 0.526667825 0.4191206171875 0.5341217609375 0.41694893593750004 0.5480047984375 0.4219171640625 0.5545020796875 0.43758405468749995 0.5576668 0.44417226718749997 0.5542660578125 0.4479415453125 0.5459771453125 0.4502662671875 0.5373011640625001 0.447000896875 0.530226953125 0.4297013234375 0.5235251265625 0.4221500734375 0.526667825
4 0.40649656093750003 0.38092374218749997 0.41010310156249996 0.396355046875 0.41458981093749997 0.40272330624999997 0.4262164234375 0.401705809375 0.42997300312500003 0.3799817671875 0.429325746875 0.361210559375 0.4257669875 0.3571573625 0.41991859531250003 0.3597231296875 0.41252038750000003 0.36807288437499996 0.40649656093750003 0.38092374218749997
4 0.48335437187499997 0.4407797015625 0.484081496875 0.426509596875 0.47940665937500004 0.41699129843750005 0.471702365625 0.4149269390625 0.455378525 0.42191828593749997 0.45045808125000003 0.42679911718749997 0.446184896875 0.4504511546875 0.44778249375 0.45604527812500006 0.4398452921875 0.48181517500000004 0.44658654843749995 0.4836214890625 0.45482014375 0.49719298125 0.46304104218750003 0.49732934531249995 0.4701458625 0.4920006078125 0.47531191093749997 0.47272065156250004 0.47729546093749997 0.45568757499999996 0.48335437187499997 0.4407797015625
4 0.5693961203125 0.50103006875 0.5741411296875001 0.5064343296875 0.581469165625 0.5021986109375 0.5848972703124999 0.48555260312500004 0.5840745796875 0.47706648749999997 0.5795176984375 0.4748122640625 0.5748555578125 0.478729096875 0.5718611874999999 0.48412601562499996 0.5693961203125 0.50103006875
4 0.5965111875 0.471099978125 0.5980736984374999 0.47875111875 0.6074457625 0.482295565625 0.6142094109375 0.46860973437500003 0.6153829656250001 0.45652567031249996 0.6116009906250001 0.45137945312500005 0.6036033093750001 0.452336109375 0.598131175 0.46120195468749997 0.5965111875 0.471099978125
4 0.5974451453125 0.55813985 0.6070053390625 0.564834334375 0.6155196265625 0.561949684375 0.617879434375 0.5512166859375001 0.6169037015625001 0.5375235109375 0.6107141359375 0.5317321828125 0.600943421875 0.5373798062499999 0.5968105828125 0.5528037703125 0.5974451453125 0.55813985
4 0.5297137937499999 0.5162274640625 0.5356801421874999 0.520925771875 0.5405654984375 0.5181019609375 0.545849503125 0.5060860796875 0.5448737703125001 0.4923929046875 0.5403870625 0.48602464687499997 0.531285996875 0.49495133124999996 0.5287029734375001 0.5045913078125001 0.5297137937499999 0.5162274640625
4 0.5302364046875 0.5990242796875 0.53838713125 0.6032746796875 0.543342659375 0.59633683125 0.5498002203125 0.5722368859375 0.5429059203125 0.5652235140624999 0.53728074375 0.5688823015625 0.5345095890625 0.5753722421874999 0.5309284421875 0.5868111921875 0.5302364046875 0.5990242796875
4 0.4592233 0.6502546390624999 0.4645901765625 0.64755985 0.47302159374999997 0.63535410625 0.4746064953125 0.6275131 0.466596115625 0.615034628125 0.45930316718749997 0.6172133265624999 0.453607815625 0.62498615 0.45024988437499996 0.637518121875 0.4592233 0.6502546390624999
4 0.3431108875 0.509622178125 0.34301832656250003 0.5292283609374999 0.363570571875 0.5295692703125 0.3660132515625 0.5281573640625 0.3700408296875 0.518904453125 0.37102625625 0.5036703515625 0.35468971875 0.49722656875000004 0.34935793125000003 0.49786434062499996 0.3461403453125 0.5021682390625 0.3431108875 0.509622178125
4 0.1383028515625 0.4785078546875 0.147110528125 0.4726021859375 0.15240722812500002 0.47402143125 0.15684615468750002 0.46901158125000003 0.1613679484375 0.4733228203125 0.16436231875 0.4679259015625 0.1740628578125 0.46639231406250004 0.1773984 0.46935248906249993 0.179876165625 0.465883565625 0.17109087812499998 0.45629708593749996 0.16867058906250001 0.4422168453125 0.1638203203125 0.4429836390625 0.16196441875 0.4383535125 0.1530738734375 0.43493808749999996 0.149362071875 0.42567783593749997 0.1412113484375 0.4214274359375 0.138427496875 0.414482246875 0.1093385734375 0.43251813749999996 0.09676161875 0.44671271875 0.09181878593750001 0.4670856953125 0.0931229953125 0.4757008359375 0.0971983578125 0.47782603593750006 0.1052662140625 0.47275534218750004 0.10952970625 0.4780305796875 0.113710328125 0.4739847265625 0.1145681046875 0.480413825 0.1171989140625 0.482151959375 0.1279326625 0.4767623796875 0.1383028515625 0.4785078546875
4 0.5595245125 0.24318216874999998 0.550480925 0.2345596875 0.5382197484375 0.23024110625 0.53551876875 0.23261700937500002 0.5353306390625 0.22946697187499998 0.5341093015625 0.2301729234375 0.535741984375 0.23371002968750001 0.532266096875 0.2389779265625 0.5312806703125 0.254212028125 0.5342877359375 0.2622502375 0.5426967640625 0.26553664062500004 0.5571647046875 0.2539151671875 0.5577514828125001 0.24787313437499997 0.5604524640624999 0.24549723281250002 0.5595245125 0.24318216874999998