4 0.41552734375 0.37890625 0.419921875 0.37890625 0.4248046875 0.3740234375 0.43212890625 0.3583984375 0.4326171875 0.3486328125 0.43017578125 0.337890625 0.423828125 0.3310546875 0.419921875 0.3310546875 0.412109375 0.3212890625 0.40283203125 0.3271484375 0.39697265625 0.33984375 0.39599609375 0.3525390625 0.39892578125 0.3623046875 0.4033203125 0.3701171875 0.41552734375 0.37890625
4 0.5166015625 0.3671875 0.52099609375 0.3525390625 0.5205078125 0.3447265625 0.52197265625 0.3408203125 0.51708984375 0.3310546875 0.50830078125 0.3291015625 0.498046875 0.3447265625 0.498046875 0.3701171875 0.50146484375 0.3759765625 0.505859375 0.376953125 0.5166015625 0.3671875
4 0.49853515625 0.3330078125 0.509765625 0.3115234375 0.50244140625 0.2998046875 0.494140625 0.294921875 0.48974609375 0.296875 0.48486328125 0.306640625 0.484375 0.3232421875 0.48583984375 0.3291015625 0.49267578125 0.3349609375 0.49853515625 0.3330078125
4 0.47705078125 0.3388671875 0.4794921875 0.3310546875 0.4794921875 0.314453125 0.47509765625 0.3046875 0.46533203125 0.2998046875 0.45849609375 0.306640625 0.4580078125 0.318359375 0.46240234375 0.3330078125 0.47021484375 0.341796875 0.47705078125 0.3388671875
4 0.4931640625 0.3720703125 0.4951171875 0.35546875 0.4931640625 0.341796875 0.490234375 0.3369140625 0.486328125 0.333984375 0.482421875 0.3359375 0.4736328125 0.3505859375 0.47265625 0.359375 0.47802734375 0.373046875 0.490234375 0.375 0.4931640625 0.3720703125
2 0.1689453125 0.6669921875 0.173828125 0.673828125 0.17724609375 0.6708984375 0.17919921875 0.658203125 0.17919921875 0.638671875 0.17333984375 0.6201171875 0.17041015625 0.599609375 0.1640625 0.5859375 0.154296875 0.583984375 0.1484375 0.576171875 0.13671875 0.57421875 0.12353515625 0.5869140625 0.12109375 0.5986328125 0.1357421875 0.6083984375 0.146484375 0.6201171875 0.1689453125 0.6669921875
2 0.26513671875 0.521484375 0.265625 0.5048828125 0.26416015625 0.498046875 0.255859375 0.48828125 0.2451171875 0.4892578125 0.24169921875 0.5078125 0.2412109375 0.5322265625 0.244140625 0.5361328125 0.26123046875 0.533203125 0.26513671875 0.521484375
2 0.216796875 0.712890625 0.22265625 0.70703125 0.224609375 0.701171875 0.2255859375 0.685546875 0.220703125 0.6669921875 0.2138671875 0.6669921875 0.20849609375 0.671875 0.205078125 0.6806640625 0.20458984375 0.689453125 0.20849609375 0.705078125 0.21240234375 0.7109375 0.216796875 0.712890625
2 0.5048828125 0.75390625 0.50341796875 0.7509765625 0.49560546875 0.7509765625 0.48779296875 0.759765625 0.48828125 0.7822265625 0.4912109375 0.783203125 0.50341796875 0.7744140625 0.5048828125 0.75390625
2 0.69384765625 0.7001953125 0.69921875 0.6904296875 0.6982421875 0.6796875 0.693359375 0.671875 0.68408203125 0.6748046875 0.6767578125 0.68359375 0.67578125 0.69140625 0.677734375 0.6962890625 0.68798828125 0.701171875 0.69384765625 0.7001953125
4 0.3798828125 0.775390625 0.3798828125 0.7705078125 0.38330078125 0.7646484375 0.3798828125 0.755859375 0.38037109375 0.73828125 0.38427734375 0.7314453125 0.384765625 0.7255859375 0.384765625 0.7177734375 0.3818359375 0.705078125 0.3720703125 0.703125 0.36572265625 0.6962890625 0.35498046875 0.703125 0.35498046875 0.755859375 0.35986328125 0.7666015625 0.3564453125 0.7734375 0.35888671875 0.7705078125 0.3603515625 0.7763671875 0.3798828125 0.775390625
4 0.716796875 0.5546875 0.7197265625 0.5458984375 0.71923828125 0.533203125 0.70947265625 0.5224609375 0.69921875 0.5205078125 0.68896484375 0.5283203125 0.685546875 0.5244140625 0.6845703125 0.5263671875 0.68359375 0.533203125 0.68505859375 0.5419921875 0.697265625 0.5517578125 0.716796875 0.5546875
4 0.44970703125 0.5703125 0.455078125 0.5654296875 0.45654296875 0.556640625 0.45654296875 0.5478515625 0.45166015625 0.5419921875 0.43359375 0.5400390625 0.42724609375 0.544921875 0.42626953125 0.552734375 0.427734375 0.56640625 0.43408203125 0.5712890625 0.44970703125 0.5703125
4 0.3994140625 0.42578125 0.3974609375 0.404296875 0.39208984375 0.38671875 0.3876953125 0.3837890625 0.3828125 0.3876953125 0.3779296875 0.3974609375 0.37548828125 0.4111328125 0.3828125 0.4248046875 0.388671875 0.4296875 0.3994140625 0.42578125
4 0.439453125 0.498046875 0.45068359375 0.5087890625 0.45849609375 0.5068359375 0.4638671875 0.5 0.4638671875 0.48046875 0.46142578125 0.4638671875 0.46337890625 0.4482421875 0.46044921875 0.4345703125 0.45361328125 0.4267578125 0.44580078125 0.4267578125 0.43212890625 0.4375 0.4287109375 0.443359375 0.4306640625 0.466796875 0.43359375 0.4716796875 0.4326171875 0.498046875 0.439453125 0.498046875
4 0.57177734375 0.4814453125 0.57080078125 0.46484375 0.56787109375 0.45703125 0.56298828125 0.4560546875 0.5595703125 0.4609375 0.55810546875 0.466796875 0.56005859375 0.4833984375 0.56591796875 0.4873046875 0.57177734375 0.4814453125
4 0.59130859375 0.4560546875 0.59423828125 0.44140625 0.59228515625 0.4296875 0.58740234375 0.42578125 0.580078125 0.4287109375 0.5771484375 0.4384765625 0.578125 0.4482421875 0.58154296875 0.455078125 0.59130859375 0.4560546875
4 0.619140625 0.529296875 0.61865234375 0.5185546875 0.6142578125 0.505859375 0.60693359375 0.501953125 0.59912109375 0.509765625 0.59912109375 0.525390625 0.60107421875 0.5302734375 0.61181640625 0.5341796875 0.619140625 0.529296875
4 0.537109375 0.5068359375 0.5390625 0.494140625 0.53466796875 0.4814453125 0.52880859375 0.4765625 0.5224609375 0.4873046875 0.5224609375 0.4970703125 0.5263671875 0.5078125 0.533203125 0.5107421875 0.537109375 0.5068359375
4 0.5595703125 0.580078125 0.5595703125 0.5556640625 0.55126953125 0.55078125 0.546875 0.5556640625 0.5458984375 0.5625 0.54541015625 0.57421875 0.5478515625 0.5859375 0.556640625 0.587890625 0.5595703125 0.580078125
4 0.5029296875 0.634765625 0.50244140625 0.626953125 0.49169921875 0.6171875 0.4853515625 0.62109375 0.48193359375 0.6298828125 0.48193359375 0.642578125 0.49365234375 0.65234375 0.498046875 0.6484375 0.5029296875 0.634765625
4 0.37451171875 0.560546875 0.3759765625 0.55078125 0.373046875 0.5361328125 0.35595703125 0.5341796875 0.35107421875 0.5361328125 0.34912109375 0.541015625 0.34814453125 0.548828125 0.35302734375 0.5673828125 0.37255859375 0.5625 0.37451171875 0.560546875
4 0.11376953125 0.57421875 0.119140625 0.578125 0.1220703125 0.5732421875 0.12451171875 0.5791015625 0.12744140625 0.580078125 0.13623046875 0.572265625 0.146484375 0.5712890625 0.1533203125 0.5634765625 0.15869140625 0.5634765625 0.16162109375 0.5576171875 0.1669921875 0.560546875 0.16845703125 0.5546875 0.17724609375 0.55078125 0.18115234375 0.552734375 0.1826171875 0.548828125 0.171875 0.5419921875 0.166015625 0.529296875 0.16162109375 0.53125 0.15869140625 0.52734375 0.1494140625 0.5263671875 0.1435546875 0.5185546875 0.134765625 0.5166015625 0.13037109375 0.5107421875 0.107421875 0.53515625 0.09912109375 0.5517578125 0.099609375 0.572265625 0.10302734375 0.580078125 0.107421875 0.5810546875 0.11376953125 0.57421875
4 0.46142578125 0.259765625 0.46630859375 0.2666015625 0.47509765625 0.267578125 0.48583984375 0.2529296875 0.48486328125 0.2470703125 0.48681640625 0.244140625 0.4853515625 0.2421875 0.474609375 0.236328125 0.4619140625 0.2353515625 0.4599609375 0.23828125 0.458984375 0.2353515625 0.4580078125 0.236328125 0.46044921875 0.2392578125 0.45849609375 0.2451171875 0.46142578125 0.259765625