3 0.2547444921875 0.7647851609375 0.2676743828125 0.7642748390625 0.280601575 0.759496290625 0.2812222671875 0.748448725 0.273559646875 0.7406703359375 0.26112792812499996 0.734903540625 0.2523356421875 0.7273769375 0.24742782812500003 0.7085496328125 0.2253299953125 0.703040025 0.2129036765625 0.7058096796875 0.2067517765625 0.7048092828125 0.190675225 0.6922658453125 0.18751506874999999 0.6578709625 0.172064609375 0.6428164093750001 0.16892065 0.6340308734375 0.1589986984375 0.6267560578125 0.1498334578125 0.62500435 0.12937426406250002 0.630038734375 0.1215999265625 0.6441036921875 0.11346613125 0.685284665625 0.125026721875 0.703103475 0.136954865625 0.7066109390624999 0.14637324375 0.7116264218749999 0.1890608875 0.7201358718749999 0.2110389015625 0.734684153125 0.2223382546875 0.7364345109375 0.23000357343750003 0.7484811234375 0.23176743125 0.7585228921875 0.24382349374999998 0.7657963578125 0.248845728125 0.7670485421875 0.2547444921875 0.7647851609375
3 0.5775027296874999 0.5742683234375 0.5546454875 0.5589673828125 0.5494980359375 0.558217421875 0.531290071875 0.5499435593750001 0.5260147015625 0.5454276 0.5255030281249999 0.53036359375 0.52236176875 0.525846284375 0.486816971875 0.4972465453125 0.4737564609375 0.48972264218749995 0.454168396875 0.482705015625 0.444126628125 0.484468871875 0.4343379953125 0.48949650624999996 0.42932386093749997 0.501048996875 0.43221468124999995 0.506570753125 0.45607637187499994 0.52212213125 0.49223916093750003 0.5354060796875 0.5089445031250001 0.5497066234375 0.5040555875 0.5607568890625 0.49740281406250003 0.5617653859375 0.47982634218750003 0.5595168562499999 0.4739275796875 0.561780234375 0.471796165625 0.5660498109375001 0.4820964734375 0.5760861796875 0.5183898796874999 0.5974043531250001 0.537602290625 0.6059286515625 0.57514248125 0.6136881390625 0.588445328125 0.607402921875 0.5919622421875 0.6104135625 0.6012527000000001 0.6116630468750001 0.6183229 0.607384021875 0.6224605046875 0.599347096875 0.6166842609375001 0.5968400296875 0.6144222296875 0.5930753796875 0.5926946515625 0.5775226515624999 0.5775027296874999 0.5742683234375
4 0.3514083328125 0.7664815203125 0.342752065625 0.7755255921875001 0.33749019375 0.792350753125 0.33824690468749996 0.7978738609375 0.342768265625 0.8011349390625 0.349674175 0.8033902203125001 0.3602195171875 0.8038856937500001 0.3782941625 0.79985710625 0.383814571875 0.794832171875 0.385567628125 0.7878010421874999 0.3804147765625 0.7785146328125 0.3763969875 0.7775128859375 0.3686091484375 0.770236721875 0.35831154375 0.7644685765625 0.3514083328125 0.7664815203125
4 0.249890675 0.8313223453124999 0.2520274859375 0.83558921875 0.2610702078125 0.842111375 0.27814580625 0.8463687999999999 0.2981041265625 0.843343309375 0.30086433125 0.8408308421875 0.3023669515625 0.8348041609375001 0.2972167984375 0.8297859750000001 0.2963348703125 0.8247650906249999 0.28540847187499996 0.8172398375000001 0.257033521875 0.81123205625 0.2490006453125 0.8134967874999999 0.249890675 0.8313223453124999
4 0.2979620515625 0.42028686562499995 0.3068768546875 0.42304302031249996 0.32884406875 0.420518403125 0.3377534734375 0.414738109375 0.338251646875 0.40846099062499996 0.33410593906249997 0.4036932421875 0.3235578984375 0.39892954375 0.3019636390625 0.3956792671875 0.290797603125 0.406231359375 0.2918074515625 0.4150182453125 0.2979620515625 0.42028686562499995
4 0.23656286875000002 0.401244225 0.24108963125 0.4130417515625 0.2559058984375 0.4178027484375 0.27184913125 0.41804373593750005 0.284901540625 0.412762965625 0.282636809375 0.4047300890625 0.284765521875 0.396192290625 0.274593134375 0.38992192187499997 0.26768722500000003 0.387666640625 0.2586499015625 0.38968093593750003 0.24057795781250002 0.397977746875 0.23656286875000002 0.401244225
4 0.2499369375 0.30909229374999997 0.2667566984375 0.3058177171875 0.2736572078125 0.2995365484375 0.27390494374999996 0.294263878125 0.26423343125 0.28598461406250003 0.25167919375 0.28498826718750003 0.23348203125000003 0.293787303125 0.22984529843749998 0.29981533437499996 0.23298655781250002 0.304332646875 0.2499369375 0.30909229374999997
4 0.24694249531249998 0.3382185546875 0.26690351562500003 0.3394612890625 0.276188575 0.332174325 0.2756823015625 0.32564676875 0.25382950625 0.3105962640625 0.23436935937499997 0.3073446359375 0.228470596875 0.30960801718750003 0.22885435156249997 0.3209060203125 0.2390321390625 0.33571283749999997 0.24694249531249998 0.3382185546875
4 0.2171459234375 0.4662841875 0.22002594531250003 0.45473304687500005 0.21801435156250001 0.44996395 0.206211425 0.44595426250000003 0.18951688125 0.44872661562499994 0.1824911546875 0.4555100078125 0.184004575 0.4665562234375 0.20421873124999998 0.4710627359375 0.2171459234375 0.4662841875
4 0.2640909921875 0.4577180390625 0.27677044687499996 0.4582121625 0.282794428125 0.455446559375 0.28404661249999996 0.450424325 0.280905353125 0.44590701250000003 0.2680979796875 0.44164688906249994 0.25855708437499997 0.4414018515625 0.2555464421875 0.44491876562500005 0.258189528125 0.45571319531250004 0.2640909921875 0.4577180390625
4 0.4480225546875 0.8881903859375001 0.45040980468749997 0.8914528140625 0.454552809375 0.8919523375 0.45694005937500004 0.8952147640625 0.462463165625 0.8944580546875001 0.49497032343749997 0.8838924625000001 0.49710173593749996 0.8796228875000001 0.4868041296875 0.8738547437499999 0.4766344421875 0.8718525984375001 0.46810069375 0.8761262234375 0.45291147187499997 0.8771401187500001 0.4480225546875 0.8881903859375001
4 0.4620203765625 0.194469246875 0.44581860781250005 0.182428034375 0.426483678125 0.1786741828125 0.41431049687500004 0.1847076140625 0.40954680000000004 0.1952556578125 0.3963664703125 0.1967704265625 0.390217271875 0.2000382546875 0.3862048828125 0.20757295625 0.38909570625 0.2130947140625 0.3992680921875 0.2193650828125 0.4111962375 0.22287254843749998 0.4222424546875 0.22135912656249998 0.42826643593749997 0.2185935234375 0.4290177453125 0.2155801828125 0.424621603125 0.21181688125 0.430523065625 0.213821725 0.43328327031249997 0.21130925937499997 0.45713415937499996 0.2097877375 0.46717322968749997 0.20375565624999997 0.4620203765625 0.194469246875
4 0.6366527234375 0.2129381171875 0.626728071875 0.20139507812500002 0.607262525 0.18960700156250002 0.59722075625 0.19137085781250002 0.5925822765625 0.20141667812500003 0.5948443078125 0.20518132968749997 0.6086588265625 0.21396011406249998 0.6297522125 0.2192192859375 0.6366527234375 0.2129381171875
4 0.4711505171875 0.1407340375 0.48923056249999997 0.1452418984375 0.49939755 0.14297581718750002 0.504286465625 0.131925553125 0.5026505265625001 0.1256497828125 0.49172683125 0.12239275624999998 0.4824390703125 0.125411496875 0.4710145 0.1241633625 0.46536617187499996 0.1254222953125 0.4613537859375 0.1329569984375 0.4711505171875 0.1407340375
4 0.27449929375000004 0.6384833859375 0.2771288796875 0.6279366921875 0.26921582499999996 0.6211627515625 0.25414911875 0.6174062 0.2447361421875 0.6209271640625 0.24084897343749997 0.6279596421875 0.24964395781249998 0.63975446875 0.257679534375 0.6417579625000001 0.27449929375000004 0.6384833859375
4 0.51453073125 0.450278528125 0.5196754828125 0.44676026406249997 0.5184152015625 0.4389778234375 0.5091220421875 0.4334601171875 0.489033103125 0.42845138125000004 0.48200467500000005 0.43096654843750004 0.47924717031249997 0.4377472390625 0.4806299734375 0.44075923125000005 0.4872854453125 0.444018959375 0.51453073125 0.450278528125