3 0.6355290874999999 0.146282025 0.62358294375 0.15166188593750002 0.613257740625 0.16104358125 0.61686395 0.1716395765625 0.627007621875 0.1760297375 0.64086616875 0.1767255734375 0.6519749921875 0.18045138593750001 0.6637217046874999 0.19624777499999999 0.686558075 0.1930383328125 0.697174740625 0.1857304984375 0.7033299765625001 0.18433672968749998 0.723180128125 0.1900062625 0.7391888390625 0.2210648328125 0.7594033171875 0.2293266890625 0.765686384375 0.23637424375 0.777760359375 0.2394357078125 0.7870296453125001 0.2376042890625 0.8043295046875001 0.2251275484375 0.80629560625 0.20899006406249998 0.7983174671875 0.16728616875 0.78070698125 0.15495740625 0.7681779125 0.156189546875 0.7574334171875 0.155056059375 0.714128171875 0.1632570375 0.687977053125 0.15794434375 0.6767045984375 0.16058599375 0.6649399875 0.1521939984375 0.659476340625 0.1434451625 0.6453991984375 0.14119393281249998 0.6402091125 0.1419233515625 0.6355290874999999 0.146282025
3 0.40473641406249994 0.44730023125 0.431998415625 0.4529855078125 0.4371156328125 0.4517376234375 0.45734801249999996 0.45259508750000005 0.46401330625000003 0.4548305734375 0.4702056078125 0.4687640578125 0.4748677328125 0.471809778125 0.51908443125 0.48515763125 0.5341995890625 0.48726297812499997 0.5552513890624999 0.4864191625 0.5640106171875 0.48095848906249994 0.5712946343749999 0.47253290937500003 0.5716218953125 0.459797984375 0.5668140390625 0.45571533437499995 0.538514021875 0.45017594218749996 0.499524475 0.451425921875 0.4784177109375 0.4443468796875 0.4788178375 0.432130415625 0.4846816109375 0.42866279062499996 0.5020364359375 0.42410890625000003 0.5067164609375 0.4197502328125 0.5070986890625 0.4149381640625 0.4936223703125 0.4094302609375 0.45146380625000004 0.40319503125 0.43019341093749996 0.402483453125 0.3920053859375 0.40943654531250007 0.381898778125 0.4203736375 0.3774552484375 0.41888331250000005 0.3682588296875 0.42123319531250003 0.3538544234375 0.431716890625 0.353017103125 0.4408225625 0.3593909359375 0.4409841890625 0.362942178125 0.44365732968750005 0.3892390265625 0.45000695312500005 0.40473641406249994 0.44730023125
4 0.5441299046875 0.181332975 0.5488278296875 0.1695699078125 0.5473884203125 0.151796215625 0.5445837328125 0.146903334375 0.5391021859375 0.14555889375 0.5317632015625 0.1460616140625 0.521674496875 0.1495943109375 0.5062320734375 0.1602238921875 0.5029543921874999 0.16702900468749998 0.503974509375 0.174287515625 0.5123336109375 0.181043303125 0.516485678125 0.18045976875 0.526556484375 0.1843314640625 0.5384118625000001 0.18583753125 0.5441299046875 0.181332975
4 0.6148569828125 0.082041696875 0.611232875 0.0788500921875 0.60026978125 0.0761612109375 0.5826234953125 0.07864123437500001 0.565032175 0.08904411718750001 0.5633933343749999 0.0924466734375 0.5642677203125 0.0986682546875 0.57100588125 0.1014222046875 0.573737703125 0.10579662187500001 0.5868496953125 0.108712203125 0.6157684359375 0.103590528125 0.6224516296875 0.098421621875 0.6148569828125 0.082041696875
4 0.7255781828125001 0.4857443375 0.716163165625 0.48653882499999995 0.6964958109375 0.497233475 0.690322675 0.5060316359375 0.692235078125 0.51210733125 0.697935221875 0.5150071671875 0.70964486875 0.5154763046874999 0.7311517609375 0.5103388859375 0.7376342578124999 0.49621019375 0.733354359375 0.4883524046875 0.7255781828125001 0.4857443375
4 0.790445284375 0.48032879843750004 0.7817218578125 0.4709806859375 0.7660058734375 0.47213201250000003 0.7509456796875 0.477949521875 0.7406933421875 0.487849684375 0.7458655281250001 0.49452465781250005 0.7471042406249999 0.5033385609375001 0.7590324828125 0.5053630953125 0.7663714671874999 0.504860375 0.7740926796875 0.499545584375 0.787914159375 0.48491417031250006 0.790445284375 0.48032879843750004
4 0.8128303609374999 0.571821071875 0.798280225 0.5812678375 0.7941831234375 0.5897742296875 0.7959497953125 0.594812996875 0.8081695015625 0.598911390625 0.820334240625 0.5950869265625001 0.83408285625 0.5799370453125 0.8352116390625 0.5729052328125 0.8305495125 0.5698595125 0.8128303609374999 0.571821071875
4 0.8045978265624999 0.54337056875 0.7853855656250001 0.549771615625 0.7794310249999999 0.5601251703125001 0.7823814453125 0.5660549828125 0.808605428125 0.5718861421875 0.8281091515625001 0.56755895625 0.8327891781250001 0.5632002828125 0.8281449515625001 0.5527501703125 0.8129748265625001 0.542721965625 0.8045978265624999 0.54337056875
4 0.78401395625 0.4119722375 0.7856898625000001 0.4238969328125 0.7893868359375 0.42760699999999996 0.8019887703125 0.426893325 0.816611771875 0.417965025 0.8206360078125 0.4089401671875 0.81502663125 0.39915440156250004 0.794339159375 0.40259054218749996 0.78401395625 0.4119722375
4 0.7431861375000001 0.437801025 0.7310942625 0.442143953125 0.726487103125 0.4470210921875 0.7272157578125 0.4522057421875 0.7318778828125 0.4552514625 0.7455178328125001 0.454391903125 0.7545685234375 0.45100508906250003 0.7560616328124999 0.4465656015625 0.749487103125 0.43744418593749995 0.7431861375000001 0.437801025
4 0.407271515625 0.1038140546875 0.4037931375 0.10165938125 0.39971393437499997 0.10276138125 0.39623555781249997 0.1006067078125 0.391336934375 0.10340998593749999 0.36482275625 0.1256410046875 0.364440528125 0.130453071875 0.37629590625 0.1319591421875 0.386603209375 0.1299818390625 0.3929949421875 0.12273907343749998 0.4068713875 0.116030515625 0.407271515625 0.1038140546875
4 0.6571712296875 0.759711075 0.676948515625 0.7648621421875 0.6965251046875001 0.7610534203125 0.7056665609375 0.750780678125 0.706139553125 0.73908268125 0.7179399656250001 0.7326658921875 0.7224742609375 0.7272702890625 0.7233844453125 0.7186830828125 0.7185765890625 0.7146004328125 0.7066483453125 0.7125758984375 0.694119278125 0.7138080390625 0.6843220328124999 0.719414596875 0.679714871875 0.724291734375 0.680152065625 0.7274025234375 0.685706478125 0.7292654296875 0.6794055109375 0.7296222671875 0.6777666703125 0.733024825 0.6559504171875 0.7434927765625 0.6488121312499999 0.7529552875000001 0.6571712296875 0.759711075
4 0.4862090796875 0.8085873984375 0.49990399375 0.8156506968749999 0.5226496 0.8193271828125 0.531408828125 0.8138665078124999 0.5319546859375001 0.8026869765625 0.5284034421875 0.8000138390625 0.5121045343749999 0.797017446875 0.49030618125 0.8000810046875 0.4862090796875 0.8085873984375
4 0.6689741765624999 0.8135663609374999 0.650289871875 0.8161922671875 0.641603509375 0.8221714062500001 0.6412033828125 0.8343878671875 0.6451189546875 0.8396533312500001 0.6566100031250001 0.8385670734374999 0.664185484375 0.8322153546875001 0.6753850734375 0.8290552375000001 0.6802108296875 0.8257334953125 0.6811210156249999 0.8171462875 0.6689741765624999 0.8135663609374999
4 0.664872184375 0.2722196828125 0.6664023609374999 0.2831074484375 0.6764003015625 0.286460678125 0.6919705546875 0.284272421875 0.6994731671875 0.2774022375 0.7004562203125 0.2693334953125 0.68772645625 0.2616058484375 0.6794223203125 0.2627729171875 0.664872184375 0.2722196828125
4 0.51087359375 0.5397108484375 0.507377315625 0.5449605671875 0.5115114828125 0.5517814265625 0.5223288453125 0.553433378125 0.5430891796874999 0.5505157031250001 0.548734359375 0.54549268125 0.5487522578124999 0.5380882875 0.546311896875 0.53578773125 0.5388271812500001 0.535253521875 0.51087359375 0.5397108484375