3 0.2412109375 0.3056640625 0.2421875 0.31640625 0.23291015625 0.326171875 0.22412109375 0.330078125 0.22021484375 0.3427734375 0.22021484375 0.34765625 0.2236328125 0.3525390625 0.22705078125 0.3642578125 0.234375 0.375 0.24462890625 0.373046875 0.25 0.3642578125 0.25244140625 0.3515625 0.25732421875 0.341796875 0.2734375 0.3330078125 0.2734375 0.3115234375 0.26806640625 0.30078125 0.267578125 0.294921875 0.275390625 0.27734375 0.30615234375 0.2666015625 0.31640625 0.2490234375 0.32373046875 0.244140625 0.328125 0.2333984375 0.32763671875 0.224609375 0.318359375 0.20703125 0.3037109375 0.203125 0.26416015625 0.205078125 0.25048828125 0.2197265625 0.25 0.2314453125 0.24755859375 0.2412109375 0.24951171875 0.2822265625 0.2412109375 0.3056640625
3 0.44287109375 0.634765625 0.45068359375 0.6494140625 0.458984375 0.6513671875 0.4599609375 0.6455078125 0.462890625 0.642578125 0.47216796875 0.619140625 0.4716796875 0.6044921875 0.48046875 0.580078125 0.47998046875 0.5751953125 0.4833984375 0.556640625 0.486328125 0.55078125 0.5 0.546875 0.50341796875 0.54296875 0.521484375 0.50390625 0.525390625 0.490234375 0.52734375 0.470703125 0.5234375 0.4619140625 0.5166015625 0.4541015625 0.5048828125 0.4521484375 0.50048828125 0.4560546875 0.49169921875 0.4814453125 0.48779296875 0.517578125 0.478515625 0.5361328125 0.46728515625 0.5341796875 0.46484375 0.5283203125 0.462890625 0.51171875 0.45947265625 0.5068359375 0.455078125 0.505859375 0.4482421875 0.517578125 0.43701171875 0.5556640625 0.43359375 0.5751953125 0.43505859375 0.611328125 0.44384765625 0.6220703125 0.44189453125 0.6259765625 0.44287109375 0.634765625
4 0.2255859375 0.4775390625 0.232421875 0.4775390625 0.23974609375 0.470703125 0.23974609375 0.466796875 0.24462890625 0.4580078125 0.24755859375 0.447265625 0.244140625 0.44140625 0.23388671875 0.435546875 0.21728515625 0.4345703125 0.21240234375 0.4365234375 0.21044921875 0.44140625 0.2099609375 0.4482421875 0.2119140625 0.4580078125 0.2197265625 0.4736328125 0.2255859375 0.4775390625
4 0.17041015625 0.412109375 0.173828125 0.40625 0.17822265625 0.404296875 0.1826171875 0.392578125 0.181640625 0.365234375 0.177734375 0.3583984375 0.16162109375 0.36328125 0.158203125 0.3662109375 0.154296875 0.3759765625 0.154296875 0.392578125 0.16162109375 0.41015625 0.16455078125 0.412109375 0.17041015625 0.412109375
4 0.56884765625 0.34765625 0.572265625 0.3427734375 0.57421875 0.33203125 0.572265625 0.3115234375 0.56005859375 0.3037109375 0.55224609375 0.306640625 0.548828125 0.3134765625 0.54833984375 0.322265625 0.5556640625 0.341796875 0.56298828125 0.3486328125 0.56884765625 0.34765625
4 0.5595703125 0.2958984375 0.56787109375 0.2958984375 0.5712890625 0.28515625 0.57177734375 0.2783203125 0.56787109375 0.2705078125 0.55615234375 0.255859375 0.55224609375 0.2529296875 0.54248046875 0.259765625 0.54150390625 0.2744140625 0.544921875 0.2890625 0.552734375 0.2998046875 0.5595703125 0.2958984375
4 0.65869140625 0.2626953125 0.6640625 0.251953125 0.662109375 0.240234375 0.64990234375 0.2255859375 0.6435546875 0.2236328125 0.64013671875 0.2275390625 0.6396484375 0.244140625 0.646484375 0.2587890625 0.65380859375 0.263671875 0.65869140625 0.2626953125
4 0.63037109375 0.271484375 0.63916015625 0.248046875 0.6376953125 0.2294921875 0.63427734375 0.224609375 0.6240234375 0.2275390625 0.61279296875 0.240234375 0.6123046875 0.248046875 0.61572265625 0.2666015625 0.62451171875 0.2734375 0.63037109375 0.271484375
4 0.50341796875 0.2470703125 0.50439453125 0.2353515625 0.498046875 0.220703125 0.490234375 0.2158203125 0.48046875 0.2197265625 0.48095703125 0.2392578125 0.48828125 0.25 0.49951171875 0.25 0.50341796875 0.2470703125
4 0.51806640625 0.3076171875 0.521484375 0.3037109375 0.5224609375 0.291015625 0.5205078125 0.2822265625 0.5166015625 0.2802734375 0.50732421875 0.28515625 0.5068359375 0.291015625 0.50927734375 0.302734375 0.51318359375 0.3076171875 0.51806640625 0.3076171875
4 0.16943359375 0.599609375 0.173828125 0.6005859375 0.1767578125 0.58984375 0.17626953125 0.580078125 0.17041015625 0.5732421875 0.166015625 0.5595703125 0.15478515625 0.5576171875 0.15234375 0.560546875 0.15283203125 0.564453125 0.150390625 0.5673828125 0.15234375 0.572265625 0.16943359375 0.599609375
4 0.76611328125 0.38671875 0.7685546875 0.3818359375 0.76806640625 0.3876953125 0.77099609375 0.3896484375 0.77783203125 0.4111328125 0.78564453125 0.4189453125 0.79296875 0.412109375 0.80029296875 0.39453125 0.79931640625 0.3759765625 0.791015625 0.3662109375 0.7802734375 0.3642578125 0.77587890625 0.3525390625 0.771484375 0.34765625 0.763671875 0.345703125 0.75927734375 0.349609375 0.755859375 0.3603515625 0.75537109375 0.3720703125 0.75927734375 0.3818359375 0.76318359375 0.38671875 0.76611328125 0.38671875
4 0.83056640625 0.5439453125 0.82666015625 0.53515625 0.81640625 0.533203125 0.8134765625 0.5361328125 0.80859375 0.55078125 0.80859375 0.5712890625 0.81591796875 0.576171875 0.82421875 0.564453125 0.83056640625 0.5439453125
4 0.865234375 0.43359375 0.86572265625 0.4228515625 0.86083984375 0.4150390625 0.859375 0.404296875 0.85693359375 0.3994140625 0.84912109375 0.3974609375 0.84423828125 0.408203125 0.84423828125 0.42578125 0.8486328125 0.4345703125 0.85986328125 0.4365234375 0.865234375 0.43359375
4 0.3583984375 0.3330078125 0.3583984375 0.318359375 0.35302734375 0.310546875 0.345703125 0.30859375 0.3369140625 0.3193359375 0.3369140625 0.3271484375 0.34375 0.341796875 0.35400390625 0.341796875 0.3583984375 0.3330078125
4 0.5849609375 0.509765625 0.5849609375 0.490234375 0.5810546875 0.484375 0.57421875 0.4833984375 0.57177734375 0.4853515625 0.5703125 0.4921875 0.57080078125 0.5185546875 0.5751953125 0.5224609375 0.58203125 0.51953125 0.5849609375 0.509765625