3 0.7142756359375 0.6600596375000001 0.70837293125 0.65737430625 0.6879055562499999 0.6596160296875 0.6743805609375 0.6565438734375 0.6695716578125 0.658014596875 0.669497725 0.662409609375 0.682672859375 0.6709065515625 0.6901571859375 0.6718082671875 0.7110384515625 0.668021884375 0.7149555453125 0.6657603484375 0.7142756359375 0.6600596375000001
3 0.5137758031249999 0.5803987796875 0.50958278125 0.5836900859374999 0.51163241875 0.5925170796875 0.5228219453125 0.59606715625 0.5497438765625 0.59445121875 0.5509855453125 0.5898172453125 0.54268334375 0.5837297078125 0.53163178125 0.57966474375 0.5137758031249999 0.5803987796875
3 0.4552319953125 0.49407483125 0.45604986875 0.49926065781249995 0.4652438796875 0.506139009375 0.47567955937499995 0.5083833875 0.4829618953125 0.505919859375 0.48344971875000003 0.4999801890625 0.4748075625 0.49104229374999997 0.46423391875000003 0.4893128015625 0.4552319953125 0.49407483125
3 0.448383359375 0.47844342187500005 0.4594349203125 0.48250838281249997 0.4686388375 0.48111159531250003 0.4701564328125 0.47544785 0.459040840625 0.46750276093750004 0.4474374265625 0.465497340625 0.44447616874999996 0.47242981562499997 0.448383359375 0.47844342187500005
3 0.4645699875 0.3232951046875 0.4775431296875 0.32842680625 0.48413565 0.32853770937500004 0.4890184859375 0.322671971875 0.47625724218750004 0.3126303703125 0.46568360000000003 0.310900878125 0.4608007609375 0.3167666140625 0.4645699875 0.3232951046875
3 0.5623593859375 0.267271603125 0.5710114484375 0.26793435625 0.578047575 0.2416751796875 0.5709771359375 0.2392288078125 0.5650004984375 0.240938490625 0.5566685812500001 0.2596763734375 0.5623593859375 0.267271603125
3 0.5366104984375 0.20684247031249997 0.532693403125 0.20910400468749998 0.5323435421875 0.21452879062500002 0.544424875 0.21886967968749999 0.5503916078125 0.2254351390625 0.5621329859374999 0.22692567187499998 0.56838555 0.22418621718749998 0.56962721875 0.2195522453125 0.5570679671875001 0.2128758859375 0.5366104984375 0.20684247031249997
3 0.6102174171875 0.1586874703125 0.611725109375 0.161298865625 0.6218848609375 0.1645730171875 0.6170561484375 0.1825940203125 0.6232988078125 0.1881297078125 0.6331186062499999 0.1885535015625 0.6353260171875 0.180315328125 0.646387484375 0.1761051515625 0.6490827203125 0.1619273078125 0.6598682609375001 0.1587469 0.6567888515625 0.14964398125 0.65928209375 0.1321008953125 0.6558528234375001 0.1284227609375 0.64892035 0.12546150312499998 0.64500325625 0.1277230390625 0.63584355625 0.1495502359375 0.6267776046875 0.1504321390625 0.6197071671875001 0.1479857671875 0.6140064546875 0.1486656796875 0.6226585171875 0.149328434375 0.6258118609375 0.1540363390625 0.6117350140625 0.153023725 0.6102174171875 0.1586874703125
3 0.6467762546875 0.2529168859375 0.6455345859375 0.2575508578125 0.6517772453124999 0.26308654374999996 0.6609072281249999 0.26608476875 0.6666079390624999 0.2654048578125 0.6670957625 0.2594651859375 0.6635285296875 0.2563019375 0.6536447015625 0.251998015625 0.6467762546875 0.2529168859375
3 0.6932433265625 0.3884309125 0.6966725968749999 0.3921090484375 0.7049107703125 0.3943164609375 0.71219310625 0.3918529328125 0.707394109375 0.385048515625 0.6991559359374999 0.38284110312499997 0.6943470328125 0.38431182656249996 0.6932433265625 0.3884309125
3 0.4575957578125 0.699445653125 0.46117289687499996 0.6943337625 0.4496533203125 0.6796581890625 0.4393556046875 0.6768989249999999 0.43405887656250003 0.6843093171875 0.4475739671875 0.6956566171875 0.4575957578125 0.699445653125
3 0.6233394703124999 0.7852455203125001 0.6161950968750001 0.7871941625 0.6030100578125 0.786972359375 0.600462690625 0.792360178125 0.6099966578125 0.8020888859375 0.6191266375 0.805087109375 0.6380863234375 0.8002339875000001 0.6435850421875 0.796188834375 0.6365885390625 0.7893474515625 0.6233394703124999 0.7852455203125001
3 0.7348650484375 0.842721359375 0.7399498796875 0.8402208640625 0.7370724609375 0.834483184375 0.723547465625 0.8314110265625001 0.7225817234374999 0.8350152281250001 0.7276566484375 0.8407898734374999 0.7348650484375 0.842721359375
3 0.38562918125 0.811503275 0.380268425 0.8150335421875001 0.386235159375 0.821599 0.395981021875 0.8264178093749999 0.42364689375 0.834382709375 0.42845579687499996 0.8329119859375 0.42839176874999996 0.8290318593749999 0.42599226874999996 0.8256296515624999 0.41727617656250005 0.8210867687500001 0.38562918125 0.811503275
3 0.2552535875 0.5525169328125 0.25718507343749997 0.54530853125 0.24387197500000002 0.5373264734375 0.235357875 0.5361488343749999 0.233564353125 0.54284235 0.2417285921875 0.549444775 0.2552535875 0.5525169328125
3 0.3848371390625 0.6126239765625 0.3839354234375 0.62010830625 0.39436119999999997 0.630627825 0.40465891562499995 0.6333870890625 0.4081621203125 0.6326702125 0.4082360546875 0.6282751984375 0.3958246703125 0.6128088125 0.391843546875 0.611190221875 0.3848371390625 0.6126239765625
3 0.337621528125 0.41399814062500007 0.33727166875000003 0.419422925 0.347219525 0.42760697499999994 0.355733625 0.428784615625 0.36301595937500003 0.42632108750000003 0.3643955921875 0.4211722296875 0.3587047859375 0.413577 0.3431202484375 0.4099529875 0.337621528125 0.41399814062500007
3 0.3775760359375 0.3678630625 0.3708455515625 0.368267046875 0.367204384375 0.36949881093750003 0.367406375 0.3728640515625 0.3885338515625 0.39287331875 0.39677202500000003 0.39508073125 0.4071436765625 0.3934449828125 0.40866127187499995 0.3877812390625 0.3856762453125 0.37058535937500003 0.3775760359375 0.3678630625
3 0.43509007187500004 0.4539110828125 0.4366076671875 0.44824733906249997 0.43407020625000003 0.44536001562500005 0.42082113750000005 0.4412580859375 0.4198553953125 0.4448622859375 0.4267139359375 0.45221855624999996 0.43509007187500004 0.4539110828125
3 0.2743664484375 0.4770676734375 0.275046359375 0.4827683859375 0.2825947171875 0.4875502265625 0.288911309375 0.48869090000000004 0.2948879484375 0.4869812171875 0.29482391875 0.48310109062500006 0.2903648765625 0.479147028125 0.2812348953125 0.47614880312499996 0.2743664484375 0.4770676734375
3 0.35062367499999997 0.509641503125 0.35172738125 0.505522415625 0.348436075 0.5013293937500001 0.3371085875 0.49829420312500006 0.3373746078125 0.505539571875 0.3437552296875 0.5105603734375 0.35062367499999997 0.509641503125
3 0.254927421875 0.7102594875 0.27463104843749997 0.71498720625 0.279164025 0.714546253125 0.28095754687499996 0.7078527375 0.27533076875 0.7041376359375 0.260500075 0.701819321875 0.2520500046875 0.704521809375 0.254927421875 0.7102594875