3 0.5882515546875 0.2766831125 0.58674448125 0.282526378125 0.5921061484375 0.3009208171875 0.591476259375 0.3138117984375 0.593601125 0.3179811125 0.5976407421875 0.3173386796875 0.6032985359375 0.3038917296875 0.6029154953125 0.2968872484375 0.596071396875 0.2783631109375 0.5933659234374999 0.2751388546875 0.5882515546875 0.2766831125
3 0.5476475062499999 0.4732971734375 0.5513412671875 0.47660789374999996 0.5590992875 0.473303221875 0.5605445359375001 0.46247528125 0.5547133640624999 0.438064646875 0.55026606875 0.43767555781249995 0.54602888125 0.4462675296875 0.5440894890625 0.45705223906250003 0.5476475062499999 0.4732971734375
3 0.4779987109375 0.540896815625 0.4826189375 0.539309328125 0.48743673125000003 0.5297723000000001 0.4878072265625 0.5198461828125 0.4843728578125 0.5135705984375 0.4788508078125 0.5140833328125 0.4720564359375 0.523447434375 0.472180084375 0.5334167812499999 0.4779987109375 0.540896815625
3 0.46478046562499997 0.5496989 0.46671985937500005 0.5389141921875 0.4639525625 0.5307052609375 0.45851697500000005 0.530229709375 0.45303210937499994 0.5417000796875 0.45306929374999994 0.5526577171875 0.459900846875 0.554251253125 0.46478046562499997 0.5496989
3 0.319984121875 0.5599354796875 0.3225905875 0.547217428125 0.3216269390625 0.541158 0.3154624546875 0.53763111875 0.3083222296875 0.550948371875 0.3084458765625 0.560917721875 0.3146103578125 0.5644446015625 0.319984121875 0.5599354796875
3 0.2528414375 0.47937228125000003 0.2520507171875 0.471336278125 0.2268493640625 0.4691314453125 0.225749971875 0.47600623124999997 0.22828251718749998 0.48120706562500004 0.24680060468749998 0.48581474687500004 0.2528414375 0.47937228125000003
3 0.2016238171875 0.512733734375 0.204329290625 0.5159579921875 0.2093571984375 0.5154020234375001 0.211383053125 0.5036290265625001 0.2164356 0.49710009531250005 0.215904271875 0.48609922812499995 0.21238343906249998 0.4808119296875 0.207936140625 0.4804228421875 0.20384724375 0.4930111984375 0.2016238171875 0.512733734375
3 0.145599603125 0.45306033437500004 0.14774910937500002 0.45125668750000003 0.14910789375 0.441417034375 0.1664029390625 0.4429301546875 0.170467196875 0.4363147609375 0.16926879687500002 0.42724723593749997 0.16136249062500002 0.42655552343750003 0.1557167921875 0.41709891250000003 0.142288434375 0.4169199359375 0.137631025 0.4075497890625 0.129786540625 0.41184275000000004 0.11330685468749999 0.412392671875 0.11049027812500001 0.4161296640625 0.10889674062500002 0.42296121875 0.1116022140625 0.42618547656250005 0.133085165625 0.4310525515625 0.13535831874999998 0.43921825 0.134258928125 0.44609303593750005 0.135803184375 0.45120740625 0.1350124640625 0.44317140312500003 0.138817328125 0.4395208734375 0.1401640171875 0.45258478281250003 0.145599603125 0.45306033437500004
3 0.2260456515625 0.4043306828125 0.23049295 0.40471977031249995 0.23455720625 0.3981043765625 0.23582952656249997 0.3892530125 0.23428527031250002 0.38413864375 0.2287632203125 0.3846513796875 0.2264407875 0.3884316046875 0.22409371406249998 0.3981847921875 0.2260456515625 0.4043306828125
3 0.342724609375 0.33984979375 0.3455411859375 0.3361128 0.3462328984375 0.3282064921875 0.3427985296875 0.32193090625 0.337338303125 0.327428315625 0.336646590625 0.3353346234375 0.3387714546875 0.3395039375 0.342724609375 0.33984979375
3 0.6658223375000001 0.505544896875 0.6605596796875 0.50309276875 0.6489721546875 0.516020934375 0.648107515625 0.5259038171875 0.6557544296875 0.5295603953125 0.6639694078125 0.51534131875 0.6658223375000001 0.505544896875
3 0.7176685015625 0.33978998437499996 0.7206087265625001 0.3460223390625 0.7225360234375 0.358141190625 0.7278851453125 0.35960503125 0.735260125 0.3492958765625 0.7365324453125 0.3404445125 0.7290212734375 0.323853721875 0.7244256874999999 0.319468246875 0.719286678125 0.326985465625 0.7176685015625 0.33978998437499996
3 0.7523190750000001 0.22829842031249997 0.7492059203125 0.2240426421875 0.74441276875 0.2276067078125 0.7437828796875 0.2404976890625 0.7472418890625 0.2408003125 0.7517138265625001 0.23521643750000001 0.7523190750000001 0.22829842031249997
3 0.7801430234375 0.553389075 0.7842444640624999 0.5577313171875 0.789297009375 0.5512023875 0.792138228125 0.54149243125 0.7949669015625 0.5148518765625 0.7928420359375 0.5106825625 0.7892965625 0.5113682265625 0.7865664484375 0.5141169328124999 0.7838116953125 0.5228386 0.7801430234375 0.553389075
3 0.563870490625 0.7147170765624999 0.5569524703125001 0.714111828125 0.551788821875 0.727602009375 0.552085396875 0.7355947796875 0.558509271875 0.736156796875 0.5632406015625 0.7276080578124999 0.563870490625 0.7147170765624999
3 0.598014375 0.5862516828125 0.6050188578125 0.5858686421875 0.6129744453125 0.5746144281250001 0.613839084375 0.5647315453124999 0.61261604375 0.561636984375 0.608576428125 0.5622794171875001 0.5964082953125 0.5761526375 0.59556829375 0.5800625593750001 0.598014375 0.5862516828125
3 0.4236195546875 0.6616167359375 0.42864745937500004 0.66106076875 0.4345400078125 0.650621915625 0.4342434296875 0.6426291453124999 0.43080906093750004 0.6363535578125 0.42586761875 0.6359212375000001 0.419826784375 0.6423637046875 0.41902396875000003 0.6572312625000001 0.4236195546875 0.6616167359375
3 0.374884303125 0.632456628125 0.37634209531249996 0.6385592875 0.3780592796875 0.6416970796875 0.38111060937499996 0.6409681843749999 0.3960334953125 0.6183732953125001 0.3967252078125 0.6104669875 0.39355023125 0.6012265359375 0.38811464375 0.6007509828125001 0.376070159375 0.624593553125 0.374884303125 0.632456628125
3 0.44444663437500004 0.5658452734375 0.43901104843749994 0.565369721875 0.436775078125 0.5681616593750001 0.43515690312500005 0.5809661765625 0.43861591093749996 0.5812687999999999 0.4442490671875 0.5737948125 0.44444663437500004 0.5658452734375
3 0.49163897343749996 0.709393490625 0.49675334375 0.707849234375 0.4999157765625 0.7001590875 0.4999404171875 0.694186125 0.497407871875 0.688985290625 0.4938623984375 0.6896709546875 0.49095935781250005 0.6943962359375 0.4896870375 0.7032476 0.49163897343749996 0.709393490625
3 0.5091678749999999 0.6342463890625 0.5052147234375 0.6339005328125 0.5019040015625 0.6375942953125 0.500952896875 0.6484654671875 0.5075497 0.64705090625 0.5111198124999999 0.6403922796875 0.5091678749999999 0.6342463890625
3 0.7084813624999999 0.6895264734375 0.7096300359375001 0.6707057625 0.708493459375 0.6666229140625 0.702069584375 0.666060896875 0.6995742234375 0.6718176984374999 0.699846159375 0.6857834328125 0.703688209375 0.693090540625 0.7084813624999999 0.6895264734375