3 0.572265625 0.310546875 0.576171875 0.3095703125 0.58056640625 0.2958984375 0.57958984375 0.2890625 0.5712890625 0.271484375 0.568359375 0.2685546875 0.5634765625 0.2705078125 0.5625 0.2763671875 0.5693359375 0.2939453125 0.56982421875 0.306640625 0.572265625 0.310546875
3 0.5517578125 0.4658203125 0.55224609375 0.455078125 0.54443359375 0.431640625 0.5400390625 0.431640625 0.53662109375 0.4404296875 0.53564453125 0.451171875 0.54052734375 0.466796875 0.54443359375 0.4697265625 0.5517578125 0.4658203125
3 0.486328125 0.52734375 0.48583984375 0.517578125 0.48193359375 0.51171875 0.4765625 0.5126953125 0.470703125 0.5224609375 0.4716796875 0.5322265625 0.47802734375 0.5390625 0.482421875 0.537109375 0.486328125 0.52734375
3 0.466796875 0.5380859375 0.46337890625 0.5302734375 0.4580078125 0.5302734375 0.45361328125 0.5419921875 0.45458984375 0.552734375 0.46142578125 0.5537109375 0.4658203125 0.548828125 0.466796875 0.5380859375
3 0.326171875 0.55859375 0.32470703125 0.552734375 0.318359375 0.5498046875 0.3125 0.5634765625 0.3134765625 0.5732421875 0.31982421875 0.576171875 0.32470703125 0.5712890625 0.326171875 0.55859375
3 0.251953125 0.498046875 0.25048828125 0.490234375 0.2255859375 0.490234375 0.22509765625 0.4970703125 0.22802734375 0.501953125 0.24658203125 0.5048828125 0.251953125 0.498046875
3 0.21337890625 0.525390625 0.2177734375 0.5185546875 0.21630859375 0.5078125 0.21240234375 0.5029296875 0.2080078125 0.5029296875 0.205078125 0.515625 0.20458984375 0.53515625 0.20751953125 0.5380859375 0.21240234375 0.537109375 0.21337890625 0.525390625
3 0.13330078125 0.46875 0.1328125 0.4755859375 0.134765625 0.48046875 0.13330078125 0.47265625 0.13671875 0.46875 0.13916015625 0.4814453125 0.14453125 0.4814453125 0.146484375 0.4794921875 0.14697265625 0.4697265625 0.1640625 0.4697265625 0.16748046875 0.462890625 0.16552734375 0.4541015625 0.15771484375 0.4541015625 0.1513671875 0.4453125 0.13818359375 0.4462890625 0.1328125 0.4375 0.12548828125 0.4423828125 0.109375 0.4443359375 0.10693359375 0.4482421875 0.10595703125 0.455078125 0.10888671875 0.4580078125 0.13037109375 0.4609375 0.13330078125 0.46875
3 0.22705078125 0.419921875 0.2275390625 0.4111328125 0.2255859375 0.40625 0.22021484375 0.4072265625 0.21826171875 0.4111328125 0.216796875 0.4208984375 0.21923828125 0.4267578125 0.2236328125 0.4267578125 0.22705078125 0.419921875
3 0.33056640625 0.349609375 0.33056640625 0.341796875 0.32666015625 0.3359375 0.32177734375 0.341796875 0.32177734375 0.349609375 0.32421875 0.353515625 0.328125 0.353515625 0.33056640625 0.349609375
3 0.6591796875 0.48828125 0.65380859375 0.486328125 0.6435546875 0.5 0.6435546875 0.509765625 0.6513671875 0.5126953125 0.658203125 0.498046875 0.6591796875 0.48828125
3 0.70751953125 0.33984375 0.7138671875 0.3291015625 0.71435546875 0.3203125 0.70556640625 0.3046875 0.70068359375 0.30078125 0.6962890625 0.30859375 0.69580078125 0.3212890625 0.69921875 0.3271484375 0.7021484375 0.3388671875 0.70751953125 0.33984375
3 0.72021484375 0.208984375 0.716796875 0.205078125 0.71240234375 0.208984375 0.712890625 0.2216796875 0.71630859375 0.2216796875 0.72021484375 0.2158203125 0.72021484375 0.208984375
3 0.7861328125 0.5126953125 0.78662109375 0.486328125 0.7841796875 0.482421875 0.78076171875 0.4833984375 0.7783203125 0.486328125 0.7763671875 0.4951171875 0.775390625 0.525390625 0.77978515625 0.529296875 0.7841796875 0.5224609375 0.7861328125 0.5126953125
3 0.5771484375 0.7021484375 0.5703125 0.7021484375 0.56640625 0.7158203125 0.5673828125 0.7236328125 0.57373046875 0.7236328125 0.57763671875 0.71484375 0.5771484375 0.7021484375
3 0.61328125 0.560546875 0.61328125 0.55078125 0.61181640625 0.5478515625 0.60791015625 0.548828125 0.59716796875 0.5634765625 0.5966796875 0.5673828125 0.599609375 0.5732421875 0.6064453125 0.572265625 0.61328125 0.560546875
3 0.44482421875 0.650390625 0.44384765625 0.642578125 0.43994140625 0.63671875 0.43505859375 0.63671875 0.4296875 0.6435546875 0.43017578125 0.658203125 0.43505859375 0.662109375 0.43994140625 0.6611328125 0.44482421875 0.650390625
3 0.3916015625 0.6455078125 0.404296875 0.6220703125 0.404296875 0.6142578125 0.400390625 0.60546875 0.39501953125 0.60546875 0.38525390625 0.6298828125 0.384765625 0.6376953125 0.38671875 0.6435546875 0.388671875 0.646484375 0.3916015625 0.6455078125
3 0.447265625 0.56640625 0.44189453125 0.56640625 0.43994140625 0.5693359375 0.439453125 0.58203125 0.44287109375 0.58203125 0.44775390625 0.57421875 0.447265625 0.56640625
3 0.51318359375 0.693359375 0.5126953125 0.6875 0.509765625 0.6826171875 0.50634765625 0.68359375 0.50390625 0.6884765625 0.50341796875 0.697265625 0.505859375 0.703125 0.5107421875 0.701171875 0.51318359375 0.693359375
3 0.5166015625 0.6279296875 0.5126953125 0.6279296875 0.509765625 0.6318359375 0.509765625 0.642578125 0.51611328125 0.640625 0.51904296875 0.6337890625 0.5166015625 0.6279296875
3 0.71630859375 0.646484375 0.71484375 0.642578125 0.70849609375 0.642578125 0.70654296875 0.6484375 0.7080078125 0.662109375 0.71240234375 0.6689453125 0.716796875 0.6650390625 0.71630859375 0.646484375