4 0.6156857546875 0.46263769374999997 0.6185837328125 0.45761824687499997 0.6080119234375 0.42014307031250003 0.5962943859375 0.41797910624999995 0.5907636109375 0.4290076765625 0.5945472359374999 0.447087065625 0.6020243890625 0.46311604375000004 0.6156857546875 0.46263769374999997
4 0.7320121921875 0.2712973140625 0.729838709375 0.2750618984375 0.7350713234375 0.290631565625 0.7493696390625 0.2984684140625 0.7694664625 0.325966234375 0.7761290265625 0.3231202734375 0.7770476484375 0.31863119375000004 0.775049253125 0.3032556546875 0.7719381078125 0.2956034140625 0.7610681359375 0.2847264734375 0.73772060625 0.270828484375 0.7320121921875 0.2712973140625
4 0.6869172515625 0.5602319875 0.6850089515625 0.56498625 0.6858400312499999 0.5700672328125 0.6828709953125001 0.5708627828124999 0.6785950828125 0.5826158484375 0.6799920578124999 0.591788134375 0.6911272109375 0.6036547515625 0.7044358484375 0.6117567859374999 0.711929490625 0.613991803125 0.7157105640625 0.6023713296875 0.714154990625 0.5985452109375 0.7150736125 0.59405613125 0.709841 0.578486465625 0.6931205046875 0.5596305640625 0.6869172515625 0.5602319875
4 0.7192480437500001 0.6353669484375 0.716598759375 0.6551700296875 0.7171126375 0.6709433421875 0.718739265625 0.6789933593749999 0.7237942390625001 0.6840032859375 0.7353341390625 0.6756075109374999 0.7303667093749999 0.661027521875 0.731479459375 0.6533042250000001 0.7334588140625 0.652773859375 0.72971071875 0.6368064171875 0.7261402625 0.6313987156249999 0.7223756781249999 0.62922523125 0.7192480437500001 0.6353669484375
4 0.8033541937500001 0.6266203124999999 0.8032996265625 0.6086024578125 0.795734928125 0.60214354375 0.7914234890625 0.611784659375 0.7901521390624999 0.6248541234375 0.7923091343750001 0.6348834953125 0.79782341875 0.6376488828125 0.8033541937500001 0.6266203124999999
4 0.476995178125 0.7724083046875 0.46596660625 0.76687753125 0.4594816828125 0.7802832328125 0.46137349375000003 0.789322928125 0.46612775781250004 0.7912312296875 0.4732141046875 0.7840287781249999 0.476995178125 0.7724083046875
3 0.47856978906250003 0.7921403312499999 0.4715545 0.8035666765625 0.4793323625 0.82269728125 0.478484796875 0.8314102546875001 0.47360746093749995 0.8369600687500001 0.47618823906249996 0.842632953125 0.483646353125 0.8427560265625 0.48631467656250005 0.8388588499999999 0.4861725640625 0.8304110578125 0.49366365468750006 0.802946215625 0.491082878125 0.7972733296875 0.47856978906250003 0.7921403312499999
4 0.420055709375 0.8152442671875001 0.4234675671875 0.8259981359375 0.4229562390625 0.8399246843749999 0.42845403437499996 0.8564840296874999 0.44561480312499996 0.857189484375 0.44799890312499996 0.8363967234375 0.4344225296875 0.7976051515625 0.42738820000000005 0.7931255921875 0.42369467031249997 0.7951760046875 0.42106187500000003 0.801185128125 0.420055709375 0.8152442671875001
4 0.3850807375 0.819312115625 0.3857861921875 0.8021513468749999 0.3838943796875 0.793111653125 0.377125234375 0.789621771875 0.3692433359375 0.7938551875 0.37594397812499997 0.822821034375 0.38221828593749996 0.826443509375 0.3850807375 0.819312115625
4 0.1907713234375 0.703781225 0.1947135484375 0.71651445 0.20289615625000001 0.715382659375 0.21007259843749998 0.7283100109375 0.22034114531250001 0.7329836984375 0.22495329687500001 0.726444209375 0.2208169453125 0.7169452015625 0.2125632828125 0.7138530953125 0.20227569375 0.6932735015625 0.1933330640625 0.69354820625 0.1907713234375 0.703781225
0 0.209785640625 0.2680284359375 0.21462745 0.260366675 0.2121342140625 0.245123728125 0.20813997343750001 0.24407251406250002 0.1934013859375 0.254386109375 0.1939672796875 0.2584774140625 0.204077228125 0.268497265625 0.209785640625 0.2680284359375