4 0.4531392140625 0.3588731578125 0.44824913125 0.35570108125 0.41003700781249997 0.36434975625 0.40724328125 0.37599875625 0.41803184687500006 0.38212856875 0.4363971609375 0.3792777734375 0.452897590625 0.3726118765625 0.4531392140625 0.3588731578125
4 0.267039725 0.2320757421875 0.2707072875 0.23445480000000002 0.286627559375 0.23001796875 0.2952575609375 0.21607555312499999 0.3239484953125 0.1973426203125 0.321441246875 0.190505434375 0.31697940625 0.1893480796875 0.30142516874999997 0.1905484875 0.29357209375000004 0.193270584375 0.2820688078125 0.20361223750000002 0.26687045781249996 0.2263209140625 0.267039725 0.2320757421875
4 0.5549630171875 0.292482696875 0.5596389796875 0.2946474125 0.5647880375 0.2940793828125 0.5654304015625 0.297101465625 0.5770132453125 0.302009575 0.5863029625 0.30108785781249997 0.5988146484375 0.2905318640625 0.607658771875 0.277596809375 0.61030058125 0.2701915953125 0.5988247984374999 0.2657871671875 0.5948982609375 0.267148215625 0.59043641875 0.2659908625 0.574516146875 0.27042769375 0.5546866890625 0.2862241890625 0.5549630171875 0.292482696875
4 0.632164190625 0.26396503125000004 0.6519212921875 0.267662084375 0.6677967109375 0.26797271875 0.6759709671875 0.2667616625 0.6812719406250001 0.2619498484375 0.6734463671875 0.2499258640625 0.6585344953125001 0.254148353125 0.650833334375 0.25262666562499997 0.650405090625 0.2506119421875 0.6341636375 0.2535377328125 0.62854148125 0.25683850625 0.626158646875 0.260503615625 0.632164190625 0.26396503125000004
4 0.62782250625 0.17907865781250001 0.60971616875 0.17818934687500002 0.6028266375 0.1854445671875 0.6122856234375 0.19027767812500002 0.6253499625 0.1922387015625 0.6355410203125 0.1905989625 0.6386110734375 0.1852084703125 0.62782250625 0.17907865781250001
4 0.7570492390625 0.514325740625 0.750909134375 0.525106725 0.76403568125 0.5323188937500001 0.7732183375 0.5308934984375 0.7753870515625 0.5262210265625 0.7685250234375001 0.51873016875 0.7570492390625 0.514325740625
3 0.77695825625 0.5137790078125 0.788068003125 0.5214198609375 0.8077006921875001 0.51461461875 0.816410253125 0.515921965625 0.821728578125 0.5211087640625001 0.8275648546875001 0.5188153515625 0.82808280625 0.5113351390624999 0.8243081828125 0.5084524015625 0.8158127437499999 0.508152415625 0.78861345625 0.49919356718749996 0.7827771796875 0.5014869796875 0.77695825625 0.5137790078125
4 0.797078446875 0.5737276390625 0.8080637812499999 0.5708661968750001 0.8220294609375 0.5721091953124999 0.8389581328125001 0.567458021875 0.8405741921875001 0.550268534375 0.8198086890624999 0.5467858234375 0.7801150703124999 0.558381584375 0.7752423390625001 0.565208121875 0.777107225 0.569023225 0.7830057078125 0.571980959375 0.797078446875 0.5737276390625
4 0.79931656875 0.609049625 0.7821115703125 0.607442290625 0.7729289140625 0.6088676875 0.7690645828125 0.615479884375 0.7729014125 0.6236137687500001 0.8023591203124999 0.6184052140625 0.8063305125 0.6122966984375 0.79931656875 0.609049625
4 0.6729641015625 0.7980492578125 0.685966234375 0.7947591328125 0.6852616640625 0.786485903125 0.6986298359374999 0.77995935 0.7038686015625 0.7698963890625 0.6975418765625 0.76492393125 0.6877790625 0.7685783921875 0.6842359124999999 0.7767016296875 0.6630146671875 0.785950278125 0.6628178984375 0.79494153125 0.6729641015625 0.7980492578125
0 0.236146353125 0.756129871875 0.2287041671875 0.750868078125 0.2132569921875 0.7525721640625 0.21198961718749998 0.7565266125 0.2215730140625 0.77186201875 0.22571367343749998 0.77150833125 0.2363156203125 0.7618847015625 0.236146353125 0.756129871875