4 0.61962890625 0.48828125 0.619140625 0.451171875 0.60888671875 0.4462890625 0.60107421875 0.455078125 0.60009765625 0.47265625 0.60302734375 0.4892578125 0.61572265625 0.4921875 0.61962890625 0.48828125
4 0.7978515625 0.4033203125 0.7998046875 0.3994140625 0.8017578125 0.384765625 0.80078125 0.376953125 0.79345703125 0.3642578125 0.775390625 0.345703125 0.77001953125 0.3447265625 0.76708984375 0.34765625 0.76806640625 0.36328125 0.779296875 0.3740234375 0.791015625 0.404296875 0.7978515625 0.4033203125
4 0.6669921875 0.6552734375 0.67333984375 0.6455078125 0.6728515625 0.6416015625 0.6748046875 0.6376953125 0.673828125 0.6220703125 0.6630859375 0.6005859375 0.6572265625 0.599609375 0.654296875 0.603515625 0.65380859375 0.6083984375 0.65087890625 0.6083984375 0.64404296875 0.6181640625 0.64306640625 0.626953125 0.650390625 0.640625 0.66064453125 0.6513671875 0.6669921875 0.6552734375
4 0.67236328125 0.703125 0.67529296875 0.6962890625 0.67724609375 0.6962890625 0.677734375 0.6806640625 0.67578125 0.6748046875 0.6728515625 0.671875 0.66845703125 0.6767578125 0.6611328125 0.6943359375 0.65771484375 0.708984375 0.6572265625 0.716796875 0.66064453125 0.72265625 0.67333984375 0.7177734375 0.67236328125 0.703125
4 0.75244140625 0.6728515625 0.7470703125 0.6650390625 0.74072265625 0.6728515625 0.736328125 0.6845703125 0.73583984375 0.6943359375 0.740234375 0.6982421875 0.748046875 0.689453125 0.75244140625 0.6728515625
4 0.41162109375 0.7431640625 0.40283203125 0.7353515625 0.3935546875 0.74609375 0.39306640625 0.7548828125 0.39697265625 0.7578125 0.4052734375 0.7529296875 0.41162109375 0.7431640625
3 0.3935546875 0.8076171875 0.400390625 0.8095703125 0.40380859375 0.806640625 0.40576171875 0.798828125 0.41943359375 0.775390625 0.41845703125 0.76953125 0.408203125 0.76171875 0.39892578125 0.7705078125 0.4013671875 0.7900390625 0.3984375 0.7978515625 0.392578125 0.8017578125 0.3935546875 0.8076171875
4 0.36181640625 0.8134765625 0.369140625 0.794921875 0.3662109375 0.755859375 0.36083984375 0.75 0.35693359375 0.7509765625 0.35302734375 0.755859375 0.3486328125 0.7685546875 0.34912109375 0.779296875 0.34521484375 0.7919921875 0.34619140625 0.80859375 0.36181640625 0.8134765625
4 0.3203125 0.748046875 0.32080078125 0.7392578125 0.3154296875 0.734375 0.30712890625 0.736328125 0.30615234375 0.7646484375 0.31103515625 0.76953125 0.3154296875 0.763671875 0.3203125 0.748046875
4 0.18505859375 0.6435546875 0.19091796875 0.638671875 0.189453125 0.62890625 0.1826171875 0.6240234375 0.17822265625 0.6025390625 0.169921875 0.6005859375 0.1650390625 0.609375 0.16552734375 0.6220703125 0.17333984375 0.623046875 0.1767578125 0.63671875 0.18505859375 0.6435546875
0 0.29638671875 0.20703125 0.2978515625 0.1923828125 0.29443359375 0.1904296875 0.2783203125 0.1962890625 0.27783203125 0.2001953125 0.28466796875 0.2119140625 0.2900390625 0.212890625 0.29638671875 0.20703125