4 0.701484546875 0.606550225 0.70101815625 0.5959612843750001 0.696084675 0.582794853125 0.6910697406249999 0.5854297359375 0.6886592312500001 0.6083642046875 0.6983332437499999 0.6114889671875 0.701484546875 0.606550225
4 0.7200151484374999 0.7107350828125 0.72196023125 0.697237625 0.7168076140624999 0.6861561453125 0.7100114640624999 0.6907117984375 0.70433911875 0.6996015390625 0.7035178375 0.71743308125 0.713931678125 0.7185276203125001 0.7200151484374999 0.7107350828125
4 0.615100103125 0.5068275484375 0.6149352671874999 0.49837828906250004 0.6099746359375 0.49047896093750004 0.6046581453125001 0.49097416875000005 0.60150684375 0.49591291093749995 0.6000000328125 0.5052404671875 0.6017822109375001 0.52334564375 0.607509825 0.523947640625 0.6117025109374999 0.5191183500000001 0.615100103125 0.5068275484375
4 0.45991346093749996 0.635967659375 0.46100914687500005 0.6255429 0.45813128281250004 0.61786248125 0.45240367031249995 0.617260484375 0.44338803281250005 0.6279068140625 0.442730621875 0.6341616703125 0.44569090312500004 0.64606671875 0.4526790375 0.64469321875 0.45991346093749996 0.635967659375
4 0.444973403125 0.5427001 0.44321934062499996 0.5393537640625 0.43845069375 0.5346365921875 0.431462559375 0.5360100921875001 0.430230153125 0.5527444328125 0.432395340625 0.5571879703125 0.44261719531250004 0.5551003546875 0.444973403125 0.5427001
4 0.40217094062500003 0.61935875625 0.4025539484375 0.6056971171875001 0.39427717812499996 0.594287275 0.387919303125 0.5946730265625 0.384768 0.5996117703125 0.38550879375 0.61760749375 0.38901691875 0.624300165625 0.40217094062500003 0.61935875625
4 0.5251405515625 0.716602734375 0.5258251125 0.705080775 0.5183434375 0.70113244375 0.5143698875 0.70387678125 0.51247910625 0.706840028125 0.51127385 0.7183072625 0.5132198984375 0.7248357515625 0.517796559375 0.7263707703125 0.5251405515625 0.716602734375
4 0.38858057343749997 0.6685219625000001 0.38720951875 0.6515139890625 0.3747672109375 0.6396663296875 0.37008098125 0.6391737875 0.3626274234375 0.6499842984375 0.36101104375 0.6603543281250001 0.3622725296875 0.6784047796875 0.35879252031250003 0.68647095 0.357915971875 0.69481075625 0.3601364234375 0.7087460296875 0.3697832859375 0.7171379 0.3756204671875 0.71669741875 0.378662203125 0.7128011515625 0.3800594421875 0.704516071875 0.383101178125 0.7006198046875001 0.3858956609375 0.6840496453125 0.3852101328125 0.6755456578125 0.38858057343749997 0.6685219625000001
4 0.47672004375 0.7916169203125001 0.4769934828125 0.7789977578125 0.4661132515625 0.767314278125 0.445998246875 0.7683620828125 0.43476215781249994 0.7650731390625001 0.42560980312499996 0.78202905 0.426733603125 0.7863631328125 0.440957125 0.796290021875 0.4598940265625 0.8014423453124999 0.47471969375 0.7956226421875 0.47672004375 0.7916169203125001
4 0.321599421875 0.5845405515625 0.32184571093750003 0.57718849375 0.31937896875 0.5706052765625 0.3142816171875 0.56901553125 0.3099793609375 0.574887296875 0.3003053484375 0.5717625328125 0.2937283375 0.5742332375 0.2907690203125 0.5823541359375 0.294743534375 0.5996357453125001 0.30025200937499996 0.6023226937499999 0.31800984374999997 0.5936491984375001 0.321599421875 0.5845405515625
4 0.5280213093749999 0.7843609984375 0.52752776875 0.7790391640625 0.5248418890625001 0.7745409000000001 0.516401246875 0.7747077453125 0.51300365625 0.786998546875 0.5179642890625 0.7948978734375001 0.522760084375 0.7943479390625 0.5280213093749999 0.7843609984375