4 0.32275390625 0.5634765625 0.318359375 0.560546875 0.3125 0.572265625 0.31103515625 0.58203125 0.3134765625 0.5869140625 0.32275390625 0.5849609375 0.32275390625 0.5634765625
4 0.29931640625 0.66796875 0.294921875 0.6591796875 0.2890625 0.654296875 0.283203125 0.6640625 0.28369140625 0.6767578125 0.28857421875 0.6845703125 0.29833984375 0.6845703125 0.29931640625 0.66796875
4 0.41162109375 0.5146484375 0.4150390625 0.498046875 0.41455078125 0.4892578125 0.412109375 0.484375 0.4072265625 0.4833984375 0.40185546875 0.490234375 0.40087890625 0.498046875 0.40283203125 0.509765625 0.40625 0.5146484375 0.41162109375 0.5146484375
4 0.54833984375 0.6328125 0.54833984375 0.626953125 0.541015625 0.6162109375 0.53564453125 0.6162109375 0.5322265625 0.623046875 0.5322265625 0.6328125 0.5380859375 0.6416015625 0.54443359375 0.6435546875 0.54833984375 0.6328125
4 0.56787109375 0.55859375 0.568359375 0.54296875 0.56201171875 0.541015625 0.55712890625 0.544921875 0.55517578125 0.5478515625 0.55615234375 0.5595703125 0.5654296875 0.5625 0.56787109375 0.55859375
4 0.60546875 0.6064453125 0.60302734375 0.6015625 0.59716796875 0.6005859375 0.58837890625 0.6103515625 0.58740234375 0.623046875 0.59912109375 0.62890625 0.60302734375 0.623046875 0.60546875 0.6064453125
4 0.4765625 0.7041015625 0.4765625 0.693359375 0.47509765625 0.6904296875 0.4716796875 0.6875 0.46435546875 0.6904296875 0.4638671875 0.701171875 0.4697265625 0.7109375 0.47412109375 0.7099609375 0.4765625 0.7041015625
4 0.59716796875 0.7001953125 0.599609375 0.7041015625 0.60009765625 0.7119140625 0.6025390625 0.7158203125 0.60791015625 0.716796875 0.61767578125 0.7099609375 0.62109375 0.697265625 0.62109375 0.689453125 0.61865234375 0.681640625 0.62158203125 0.6650390625 0.62109375 0.6552734375 0.615234375 0.64453125 0.61083984375 0.64453125 0.59814453125 0.654296875 0.59521484375 0.669921875 0.59765625 0.6767578125 0.59619140625 0.6845703125 0.59716796875 0.7001953125
4 0.5341796875 0.783203125 0.54833984375 0.775390625 0.5498046875 0.771484375 0.54296875 0.7548828125 0.5322265625 0.7568359375 0.513671875 0.75390625 0.50244140625 0.763671875 0.50146484375 0.775390625 0.5029296875 0.779296875 0.51611328125 0.7861328125 0.5341796875 0.783203125
4 0.68896484375 0.615234375 0.6943359375 0.599609375 0.6923828125 0.591796875 0.6865234375 0.5888671875 0.67724609375 0.5908203125 0.673828125 0.5849609375 0.6689453125 0.5859375 0.666015625 0.591796875 0.66552734375 0.5986328125 0.66796875 0.607421875 0.68359375 0.6171875 0.68896484375 0.615234375
4 0.46826171875 0.767578125 0.46630859375 0.755859375 0.45849609375 0.7548828125 0.45556640625 0.7587890625 0.45458984375 0.763671875 0.45849609375 0.7734375 0.462890625 0.7744140625 0.46826171875 0.767578125