4 0.6183420265625 0.3192377625 0.6076761109375 0.3191487625 0.594184678125 0.32341318281250003 0.5965684875 0.3285916828125 0.619489525 0.33222201875 0.6231392484375 0.32266475781250004 0.6183420265625 0.3192377625
4 0.7240185218749999 0.306102753125 0.71055669375 0.303437171875 0.6991489921875 0.3080316234375 0.7033692703125001 0.31510130468750003 0.7120042718749999 0.3212698953125 0.7298808250000001 0.3230343875 0.7315292375 0.3126267125 0.7240185218749999 0.306102753125
4 0.5135761999999999 0.400797059375 0.5050764359375 0.4005177046875 0.4968767515625 0.40508681874999997 0.497094409375 0.410455671875 0.5018916328125 0.413882665625 0.511186 0.41588818749999995 0.5294746546875 0.41505076093750004 0.5303812828125001 0.40932653906249994 0.5257489015625 0.4048587765625 0.5135761999999999 0.400797059375
4 0.6351824515625 0.5635523906250001 0.6247637984375001 0.5619022375 0.616893796875 0.5643898171874999 0.61598716875 0.5701140390625 0.6262113765625 0.5797349640625 0.6324625687500001 0.5807250546875 0.6445824531250001 0.5783771515625 0.643570190625 0.5712821328125 0.6351824515625 0.5635523906250001
4 0.5406663953125 0.5736540984375 0.537211115625 0.5752405875 0.532219446875 0.5797843640625 0.5332317093750001 0.586879384375 0.549983975 0.5889992453125 0.554563540625 0.5870573859375 0.5530039390625 0.5766750484375 0.5406663953125 0.5736540984375
4 0.6154502609375 0.6207056015625 0.6017411703125 0.6196011703125001 0.58983894375 0.6273179234375 0.5898917609375001 0.6337275453125 0.5946889843750001 0.6371545390625 0.6128127984375 0.6373578796875 0.61972335625 0.634184903125 0.6154502609375 0.6207056015625
4 0.7196519218749999 0.502249734375 0.7081089828125 0.5009549515625 0.703747075 0.5082656609375 0.706295728125 0.51240339375 0.7091740609375 0.5144595890625 0.7206345796875 0.5162747578125 0.727297875 0.51466293125 0.7290815265624999 0.51014449375 0.7196519218749999 0.502249734375
4 0.664141065625 0.636952471875 0.646976696875 0.6374345328125 0.6344151046875 0.64931435625 0.63367331875 0.6539978093750001 0.6441447890625 0.6620575828125 0.654481021875 0.66422811875 0.6726872562499999 0.6639110765625 0.6806100765624999 0.6678331171874999 0.6889449984375 0.6691532390625 0.7030661921875 0.6676557515625 0.7120076640625 0.6584031828125 0.7118724265624999 0.652513946875 0.70811706875 0.6492519671875 0.699864565625 0.6474114609375 0.6961092078125 0.6441494796875 0.6796042046874999 0.64046846875 0.6710220203125 0.6407095 0.664141065625 0.636952471875
4 0.7924872953125 0.55486044375 0.77982006875 0.5539210265625 0.7675057390625 0.5642397 0.76749935 0.584509328125 0.7636023640625 0.595627740625 0.780160184375 0.605718371875 0.7845749078125 0.6048172828125 0.79530003125 0.591046275 0.8014751921875 0.572287121875 0.7964074937500001 0.5570816546875 0.7924872953125 0.55486044375
4 0.5762163171875 0.6998416171875 0.5688408390624999 0.69920689375 0.5620951234375 0.7013391062500001 0.56022905 0.706377928125 0.565903296875 0.71101070625 0.5622535734375 0.7205679671875 0.564390121875 0.7273076171875 0.5723953609375 0.7307092734375 0.589971834375 0.727625296875 0.5929621921875 0.72223110625 0.5851810015625001 0.703928675 0.5762163171875 0.6998416171875
4 0.787897296875 0.5029234203125 0.7825231296874999 0.5031391109375 0.77786114375 0.505601353125 0.7775842765625 0.5140925078125 0.789756978125 0.518154225 0.7979566625000001 0.5135851125 0.7976565843750001 0.5087366421875 0.787897296875 0.5029234203125