3 0.5404827671875 0.3120891796875 0.5279345421875 0.3127468046875 0.5170612109375 0.3353594390625 0.5170321046875 0.3448078734375 0.5216246124999999 0.3624113515625 0.5325752031250001 0.3712843640625 0.5365351515625 0.38682167968750003 0.5471274765625 0.3988624375 0.56388755 0.38853717187500003 0.5675765546875 0.3788969296875 0.56749594375 0.3673549328125 0.5623805921875 0.34977885625 0.5404827671875 0.3120891796875
3 0.4983743453125 0.348934653125 0.495430975 0.3427909703125 0.4948823796875 0.33232315625000003 0.48819850000000004 0.3148292828125 0.4836866015625 0.3087678 0.47548569531249996 0.3123465609375 0.475895465625 0.3301692484375 0.494162496875 0.358602296875 0.4938042328125 0.3617700421875 0.49853556875000005 0.3720186484375 0.51754488125 0.40461142343749995 0.5184002359375001 0.3909210609375 0.5162573593750001 0.3700402328125 0.517441871875 0.362630559375 0.5153796078124999 0.353291728125 0.4983743453125 0.348934653125
3 0.472203103125 0.3597531390625 0.474016821875 0.37435327812499997 0.487833525 0.35788432812500004 0.48560668281249997 0.34540515312500003 0.4763634484375 0.329095065625 0.467584840625 0.331654446875 0.465712909375 0.3359511765625 0.46573865937500003 0.346446390625 0.472203103125 0.3597531390625
4 0.3768419828125 0.4308791671875 0.3858691359375 0.4230584765625 0.39231118125000003 0.4059263609375 0.39134946249999997 0.397579509375 0.394212221875 0.3921811953125 0.3927825203125 0.38490852656249996 0.3866181265625 0.3873309015625 0.38356503750000004 0.37909365625 0.3782817515625 0.378320884375 0.3708813421875 0.3671625015625 0.36438779062500004 0.3633041875 0.362215809375 0.35187179375 0.35764904999999997 0.34476353125000003 0.35795245468750003 0.3405490046875 0.354127978125 0.33760046875 0.3504971859375 0.328343840625 0.326088159375 0.3327720328125 0.325865365625 0.34852855781250003 0.3217083765625 0.35924298125 0.321624409375 0.367644634375 0.327236853125 0.3746980953125 0.33521831875 0.3669322078125 0.3442969765625 0.38010195 0.3503482953125 0.3955296625 0.3507871703125 0.40390391562500005 0.348308428125 0.41662969843750003 0.3589298609375 0.41922202343750004 0.3630834953125 0.42845125 0.3768419828125 0.4308791671875
4 0.3128715546875 0.38069923125 0.31677999843750004 0.375246115625 0.315350296875 0.367973446875 0.312103521875 0.366044290625 0.3138108765625 0.35860721562500003 0.3106447125 0.36822005625 0.3069590625 0.3579166484375 0.301511196875 0.3540035328125 0.28120094375 0.3666141703125 0.275643359375 0.3606074890625 0.26848814062500004 0.36413145 0.26755217343750004 0.3662798140625 0.269340140625 0.3703847375 0.27473314531250004 0.373251071875 0.27398415625 0.40897864687499996 0.27780863125 0.411927184375 0.286945503125 0.40620005781249996 0.3007039921875 0.4086279765625 0.30852087968749997 0.39772174374999997 0.3142172890625 0.396373553125 0.3128715546875 0.38069923125
4 0.4671067921875 0.3925595796875 0.465457653125 0.38109978437500003 0.47093462500000005 0.375564465625 0.4726419796875 0.3681273921875 0.46983743593750005 0.3546288375 0.46637122187499996 0.348512553125 0.46706199843749996 0.331681846875 0.464780296875 0.318155890625 0.4544074109375 0.3103022578125 0.44458311874999995 0.312916440625 0.4418043265625 0.30991310156249996 0.44210772968749995 0.305698575 0.43723756874999997 0.3028048390625 0.4337971078125 0.307183771875 0.4334097359375 0.319799953125 0.410149403125 0.36615420625 0.4109174359375 0.380809146875 0.42106752968750005 0.40441930312499996 0.426873659375 0.40516467343749996 0.4319083984375 0.41119875468749995 0.442255534375 0.4085571703125 0.4500142078125 0.4165478078125 0.4573888640625 0.41721097343749997 0.4618750109375 0.4127772390625 0.464189175 0.3969111109375 0.4671067921875 0.3925595796875
4 0.5946569234375 0.52547928125 0.599059103125 0.5294471984375 0.6056366203125 0.524903859375 0.6073182218750001 0.5069715687499999 0.603742290625 0.49876172343749997 0.5942762625 0.49820816093750003 0.58995469375 0.5057822390625 0.5899255875 0.5152306734375001 0.5946569234375 0.52547928125
4 0.6282576828125 0.51637074375 0.63051363125 0.5194014828125 0.6416579062500001 0.52196640625 0.645511490625 0.5154665109375001 0.6455954578124999 0.5070648578125 0.6421034921875 0.4904533578125 0.6351419578125 0.48766922656249995 0.6300232515624999 0.49003680000000005 0.627683334375 0.49540771250000004 0.6282576828125 0.51637074375
4 0.6555709078125 0.5873656203125 0.660660509375 0.59444648125 0.6700168171875001 0.59290648125 0.67354124375 0.5801258953125 0.673570353125 0.5706774609374999 0.6708206671875 0.5582256859375 0.6642722578125 0.5533205921875 0.659014725 0.5630430375000001 0.6551868921875 0.5800381484375 0.6555709078125 0.5873656203125
4 0.2435361390625 0.48824894375000005 0.23866933281249997 0.46541155781250004 0.2363618796875 0.4413903875 0.22984257656249998 0.42703685625 0.230091121875 0.42177555 0.22838376718750003 0.4292126234375 0.221612565625 0.44006405312499997 0.21907896249999997 0.4517430546875 0.21522537812500003 0.4582429515625 0.22009554062499997 0.4611366875 0.22358750624999998 0.4777481859375 0.22867710625 0.484829046875 0.22872861093750002 0.5058194796875 0.23747811093750001 0.51270853125 0.24056030781249998 0.5114973453125 0.243945909375 0.5060716296875001 0.2435361390625 0.48824894375000005
4 0.20781825937499998 0.48697186875 0.2070211203125 0.48176536406250003 0.209251315625 0.4743008875 0.20809591093750002 0.47226212656250005 0.176528309375 0.5001579281249999 0.1769671859375 0.50853218125 0.17980083593750001 0.5125823015625001 0.1790294484375 0.5178710109375 0.1832379421875 0.52814701875 0.1811723234375 0.5387518375 0.20249579999999998 0.5554784828125 0.2084956140625 0.5499157640625 0.21034179531250002 0.5351238171875 0.2032738984375 0.5103024734375 0.20781825937499998 0.48697186875
4 0.5888675703125 0.42501565937499997 0.5830905484375 0.41482185625 0.5548570421875 0.4163015109375 0.5480309812499999 0.4261061578125 0.5491830296875 0.44808856874999997 0.5582616859375 0.46125831249999993 0.5629672703125 0.46101170312499995 0.5662980125 0.45453920625000005 0.5749669 0.4498862625 0.5808021359375 0.4411831984375 0.58146380625 0.43380092656249997 0.5863888265625 0.4377414421875 0.5892515875 0.43234312968750005 0.5888675703125 0.42501565937499997
4 0.5243328593750001 0.2940417421875 0.5375393984375 0.3059454953125 0.5464568296875 0.29603124375 0.54855155625 0.2759779890625 0.544068765625 0.2604680734375 0.53146568125 0.2600789171875 0.52626300625 0.27084814375 0.52331628125 0.284648109375 0.5243328593750001 0.2940417421875
4 0.290426315625 0.652686925 0.30531110156249996 0.6666020375 0.3073476125 0.665445653125 0.3066344390625 0.65183749375 0.29560323906249997 0.6314224828125 0.2903748109375 0.63169649375 0.28605324374999996 0.6392705734375 0.28696010312500003 0.64657064375 0.290426315625 0.652686925
4 0.46109020312500004 0.49784055 0.4725927421875 0.497237728125 0.474519534375 0.493987778125 0.473557815625 0.48564092812500004 0.47009160312500003 0.47952464531250005 0.46334950781249995 0.48092763906249997 0.45902793906249995 0.4885017203125 0.45836627031250005 0.49588399218749996 0.46109020312500004 0.49784055