3 0.55126953125 0.4013671875 0.560546875 0.4130859375 0.57666015625 0.404296875 0.58056640625 0.3955078125 0.5810546875 0.384765625 0.5771484375 0.3681640625 0.55859375 0.33203125 0.546875 0.33203125 0.53564453125 0.3525390625 0.53515625 0.361328125 0.53857421875 0.3779296875 0.54833984375 0.38671875 0.55126953125 0.4013671875
3 0.5166015625 0.3857421875 0.53271484375 0.4169921875 0.5341796875 0.404296875 0.533203125 0.384765625 0.53466796875 0.3779296875 0.533203125 0.369140625 0.517578125 0.3642578125 0.51513671875 0.3583984375 0.51513671875 0.3486328125 0.509765625 0.33203125 0.505859375 0.326171875 0.498046875 0.3291015625 0.49755859375 0.345703125 0.51318359375 0.373046875 0.5126953125 0.3759765625 0.5166015625 0.3857421875
3 0.50732421875 0.3720703125 0.505859375 0.3603515625 0.498046875 0.3447265625 0.48974609375 0.3466796875 0.48779296875 0.3505859375 0.4873046875 0.3603515625 0.49267578125 0.373046875 0.49365234375 0.38671875 0.50732421875 0.3720703125
4 0.37255859375 0.3857421875 0.37744140625 0.400390625 0.37744140625 0.408203125 0.37451171875 0.419921875 0.38427734375 0.4228515625 0.3876953125 0.431640625 0.400390625 0.4345703125 0.4091796875 0.427734375 0.416015625 0.412109375 0.41552734375 0.404296875 0.41845703125 0.3994140625 0.41748046875 0.392578125 0.41162109375 0.39453125 0.4091796875 0.38671875 0.404296875 0.3857421875 0.39794921875 0.375 0.39208984375 0.37109375 0.390625 0.3603515625 0.38671875 0.353515625 0.38720703125 0.349609375 0.3837890625 0.3466796875 0.380859375 0.337890625 0.35791015625 0.3408203125 0.35693359375 0.35546875 0.3525390625 0.365234375 0.35205078125 0.373046875 0.35693359375 0.3798828125 0.36474609375 0.373046875 0.37255859375 0.3857421875
4 0.3056640625 0.4091796875 0.30908203125 0.412109375 0.31787109375 0.4072265625 0.33056640625 0.41015625 0.33837890625 0.400390625 0.34375 0.3994140625 0.34326171875 0.384765625 0.34716796875 0.3798828125 0.34619140625 0.373046875 0.34326171875 0.37109375 0.34521484375 0.3642578125 0.341796875 0.373046875 0.3388671875 0.36328125 0.333984375 0.359375 0.314453125 0.3701171875 0.3095703125 0.3642578125 0.302734375 0.3671875 0.3017578125 0.369140625 0.30322265625 0.373046875 0.30810546875 0.3759765625 0.3056640625 0.4091796875
4 0.45263671875 0.4189453125 0.46240234375 0.4169921875 0.46923828125 0.4248046875 0.47607421875 0.42578125 0.48046875 0.421875 0.4833984375 0.4072265625 0.486328125 0.4033203125 0.4853515625 0.392578125 0.49072265625 0.3876953125 0.49267578125 0.380859375 0.49072265625 0.3681640625 0.48779296875 0.3623046875 0.4892578125 0.3466796875 0.48779296875 0.333984375 0.478515625 0.326171875 0.46923828125 0.328125 0.466796875 0.3251953125 0.46728515625 0.3212890625 0.462890625 0.318359375 0.45947265625 0.322265625 0.45849609375 0.333984375 0.4345703125 0.3759765625 0.4345703125 0.3896484375 0.44287109375 0.412109375 0.4482421875 0.4130859375 0.45263671875 0.4189453125
4 0.60888671875 0.533203125 0.611328125 0.5166015625 0.6083984375 0.5087890625 0.599609375 0.5078125 0.59521484375 0.5146484375 0.5947265625 0.5234375 0.5986328125 0.533203125 0.6025390625 0.537109375 0.60888671875 0.533203125
4 0.646484375 0.5263671875 0.64697265625 0.5185546875 0.64453125 0.5029296875 0.63818359375 0.5 0.63330078125 0.501953125 0.630859375 0.5068359375 0.63037109375 0.5263671875 0.63232421875 0.529296875 0.642578125 0.5322265625 0.646484375 0.5263671875
4 0.66943359375 0.587890625 0.669921875 0.5791015625 0.66796875 0.5673828125 0.662109375 0.5625 0.65673828125 0.5712890625 0.65234375 0.5869140625 0.65234375 0.59375 0.65673828125 0.6005859375 0.66552734375 0.599609375 0.66943359375 0.587890625
4 0.25537109375 0.470703125 0.259765625 0.4775390625 0.2587890625 0.4970703125 0.2666015625 0.50390625 0.26953125 0.5029296875 0.27294921875 0.498046875 0.2734375 0.4814453125 0.27001953125 0.4599609375 0.26904296875 0.4375 0.263671875 0.423828125 0.26416015625 0.4189453125 0.26220703125 0.42578125 0.25537109375 0.435546875 0.25244140625 0.4462890625 0.24853515625 0.4521484375 0.2529296875 0.455078125 0.25537109375 0.470703125
4 0.21533203125 0.515625 0.212890625 0.525390625 0.23193359375 0.5419921875 0.23779296875 0.537109375 0.240234375 0.5234375 0.23486328125 0.5 0.240234375 0.478515625 0.23974609375 0.4736328125 0.2421875 0.466796875 0.2412109375 0.46484375 0.21044921875 0.4892578125 0.21044921875 0.4970703125 0.212890625 0.5009765625 0.2119140625 0.505859375 0.21533203125 0.515625
4 0.57568359375 0.4658203125 0.583984375 0.4619140625 0.58984375 0.4541015625 0.5908203125 0.447265625 0.59521484375 0.451171875 0.59814453125 0.4462890625 0.59814453125 0.439453125 0.59326171875 0.4296875 0.56689453125 0.4296875 0.56005859375 0.4384765625 0.56005859375 0.458984375 0.56787109375 0.4716796875 0.572265625 0.4716796875 0.57568359375 0.4658203125
4 0.56494140625 0.3173828125 0.56787109375 0.298828125 0.564453125 0.2841796875 0.552734375 0.283203125 0.54736328125 0.29296875 0.5439453125 0.3056640625 0.54443359375 0.314453125 0.55615234375 0.326171875 0.56494140625 0.3173828125
4 0.32421875 0.6494140625 0.32421875 0.63671875 0.31494140625 0.6171875 0.31005859375 0.6171875 0.3056640625 0.6240234375 0.30615234375 0.630859375 0.30908203125 0.63671875 0.322265625 0.650390625 0.32421875 0.6494140625
4 0.48828125 0.498046875 0.48779296875 0.490234375 0.48486328125 0.484375 0.478515625 0.4853515625 0.47412109375 0.4921875 0.47314453125 0.4990234375 0.4755859375 0.5009765625 0.486328125 0.5009765625 0.48828125 0.498046875