3 0.5824491234375 0.34286888437499996 0.5706914203125 0.3414252203125 0.5568947109375 0.36063802031250003 0.5553209875 0.369404859375 0.55670310625 0.386499134375 0.565417375 0.3965291796875 0.5665504359375 0.411601746875 0.574413528125 0.4245139703125 0.5916641874999999 0.41767201875 0.596667240625 0.4093262484375 0.5984818125 0.39859785625 0.596609790625 0.381443428125 0.5824491234375 0.34286888437499996
3 0.5373231609375 0.37018169375 0.535596184375 0.36399627031250004 0.5368004265625 0.35418850156250004 0.5334586906250001 0.336853615625 0.5302620015625 0.3304877328125 0.522062259375 0.3324676203125 0.5195251437499999 0.3490806734375 0.531830203125 0.37846731093749997 0.5309790265625 0.3813494890625 0.53369401875 0.391638478125 0.546007284375 0.4250083765625 0.5490425125 0.41243873593749997 0.5504711890625 0.3927028921875 0.552783871875 0.3860179140625 0.5523979765625 0.37701046250000003 0.5373231609375 0.37018169375
3 0.511254221875 0.3759408984375 0.5105480906250001 0.389792078125 0.526071775 0.3767647015625 0.526047153125 0.364814921875 0.520135471875 0.34816005 0.51156625 0.3490990078125 0.5091249359375001 0.35278150468749997 0.5074307890624999 0.3625291203125 0.511254221875 0.3759408984375
4 0.4110755765625 0.42636098125000005 0.420736825 0.42057829062499996 0.429522271875 0.40572799843749996 0.42999576250000004 0.3978216328125 0.433537309375 0.3932786640625 0.4334004703125 0.3862929203125 0.4272807703125 0.3875326421875 0.42579464375000003 0.3793856640625 0.42101602343750005 0.377803359375 0.415971934375 0.36623283125 0.4105747796875 0.36158789062499996 0.4104297328125 0.3506188875 0.40735346874999995 0.34327222812499997 0.4083250703125 0.3394092734375 0.4052570125 0.336045875 0.40340140625 0.3268579671875 0.380014628125 0.32697312031250003 0.3772284578125 0.3415644671875 0.371615075 0.3508308625 0.370161778125 0.35861692500000003 0.3742178515625 0.3660838890625 0.3828992890625 0.36018089531249997 0.38917224375 0.3738934359375 0.3922649234375 0.3892066140625 0.3913015296875 0.3970528296875 0.3869170125 0.4084612359375 0.396353825 0.4126066203125 0.3986993375 0.42185468125 0.4110755765625 0.42636098125000005
4 0.359898409375 0.369303496875 0.3644197640625 0.36488083437499996 0.36428292500000004 0.35789509218750004 0.3615843484375 0.355572621875 0.364386934375 0.34894779531250003 0.3598737875 0.35735371875 0.358138603125 0.3471850328125 0.35372125625 0.34266040000000003 0.3328004171875 0.3510428359375 0.32862391875 0.3445566484375 0.3214039875 0.3466568421875 0.32018332968749996 0.3484980890625 0.32117134531249997 0.35260165625 0.325709115625 0.35614551250000004 0.31916516875 0.3891911609375 0.3222332265625 0.39255456093749996 0.33165362656249997 0.38873342499999997 0.344029865625 0.39323972500000004 0.3530725765625 0.3843944 0.3585819484375 0.38407530156249997 0.359898409375 0.369303496875
4 0.5011523140625 0.4055629953125 0.501497171875 0.39465414375 0.5074882390625 0.390411940625 0.510290828125 0.38378711249999997 0.509896725 0.370796403125 0.5076798453125 0.36455082656250004 0.5110763453125 0.3490388546875 0.5111721484375 0.3361082984375 0.5028273609375 0.32711918125 0.49327832968749996 0.327937834375 0.4911900796875 0.324694740625 0.4921616828125 0.3208317859375 0.48811381562499995 0.31734808124999997 0.4842027890625 0.3208501203125 0.4817778890625 0.33249913750000004 0.45259433437499996 0.371725059375 0.4509083953125 0.38545593437500003 0.45646701093750003 0.40903639687500004 0.461735534375 0.410678853125 0.4654221265625 0.41710488906250004 0.4754610625 0.4163463890625 0.48135632812500007 0.425034740625 0.488094565625 0.4268576546875 0.49298539999999996 0.423475921875 0.497731190625 0.4091251859375 0.5011523140625 0.4055629953125
4 0.59781388125 0.54984143125 0.60125141875 0.5542457609375 0.608101871875 0.5511046375 0.61259860625 0.53473219375 0.6106225734375 0.5265250640625 0.6019247203125 0.5244615390625 0.5966726125 0.5307856015625 0.5950988890625 0.5395524421875 0.59781388125 0.54984143125
4 0.6305006328125 0.5468859171875 0.6320989765625 0.5500688593749999 0.64202569375 0.5542743953125 0.6466674734375 0.54887095625 0.6481207734375001 0.5410848953125 0.6475980390625 0.5250917015625001 0.6415905562499999 0.5213673859375 0.6364506640625 0.5227274125 0.6333990203125001 0.527330534375 0.6305006328125 0.5468859171875
4 0.644237053125 0.617266390625 0.6478032218750001 0.6246732015625 0.6567419250000001 0.6247751734375 0.66210625 0.6134870734375 0.6636799718749999 0.604720234375 0.6631654453125 0.5927103015624999 0.6578887156250001 0.5870845859375 0.65141595 0.595249896875 0.645080021875 0.6104009515625 0.644237053125 0.617266390625
4 0.277920090625 0.4577985703125 0.27714009375000004 0.4358004109375 0.2789300421875 0.4131222375 0.27522703437499996 0.3987296828125 0.276319059375 0.3938859515625 0.2735164734375 0.400510778125 0.26545356875000004 0.409476409375 0.26118947656249997 0.4199040390625 0.256547696875 0.42530747812499997 0.2605955625 0.4287911828125 0.261118296875 0.44478437499999995 0.264684465625 0.4521911875 0.261296171875 0.47168641874999995 0.2682916703125 0.47951430000000006 0.271351521875 0.4788944375 0.2753829734375 0.47441162343750004 0.277920090625 0.4577985703125
4 0.24496786875 0.45076585625 0.24508008593750003 0.44580181874999997 0.2483725765625 0.4392371453125 0.2476336171875 0.43715528593749997 0.2137590390625 0.4578850890625 0.2127956453125 0.46573130156250003 0.21476346875000002 0.46995517343750004 0.21318153906249998 0.474738753125 0.215406628125 0.4849675890625 0.21175286249999997 0.49447459374999997 0.22881191875 0.5134937546875 0.23529289062499997 0.5093117031250001 0.23942835312500002 0.495881590625 0.2369295875 0.47168126718750003 0.24496786875 0.45076585625
4 0.6088847046875 0.455626703125 0.605189903125 0.44521740625 0.578735071875 0.44196916249999996 0.5707925921875 0.44995401562500004 0.5682636828125001 0.47055032968750005 0.5745366359374999 0.48426287031250004 0.5789457765625 0.4848042453125 0.5830976515625 0.47934065312499996 0.591907721875 0.4764401421875 0.59874996875 0.469315759375 0.6005727453125 0.46257062812500005 0.6045001875 0.467035109375 0.608041734375 0.46249214062500005 0.6088847046875 0.455626703125
4 0.570409534375 0.3234704734375 0.580722146875 0.336683459375 0.5906242421875 0.32893921718749997 0.5958517296875 0.310665371875 0.5942287640624999 0.29553265156249997 0.5825914828125 0.29310820937500004 0.57599829375 0.30225429843749996 0.571003446875 0.314583328125 0.570409534375 0.3234704734375
4 0.2945356484375 0.6181332328125 0.306077125 0.6334882296875 0.30815716718749997 0.6327480640625 0.30972268281250004 0.619997965625 0.3028229859375 0.5992395265625 0.29792394375 0.598638 0.292671834375 0.6049620640625 0.2923187671875 0.6118876546875 0.2945356484375 0.6181332328125
4 0.4783319921875 0.5023173187500001 0.4891098875 0.5036406765625 0.49143077812499997 0.5009389578125 0.4919042671875 0.49303259062500004 0.48968738749999996 0.48678701406249997 0.4831982078125 0.48698580468749997 0.4779460984375 0.49330986875000005 0.47612331875 0.5000550015624999 0.4783319921875 0.5023173187500001