4 0.392108284375 0.3086344109375 0.4231587671875 0.3036737734375 0.43270683749999994 0.2994181890625 0.4439317640625 0.2871509203125 0.44413884687499994 0.2824848015625 0.4412615890625 0.2778481359375 0.4259590015625 0.2728303859375 0.4118879625 0.2747970890625 0.3783066203125 0.2946072 0.37689366562500004 0.3041155515625 0.392108284375 0.3086344109375
4 0.42524052812499996 0.222031421875 0.46119699843750006 0.2156913265625 0.4643436328125 0.20433407812499998 0.4612647640625 0.1868729484375 0.45630195625000003 0.18208961875000002 0.41399539843750005 0.20498142187499999 0.40932216875 0.21352144687500002 0.4112006375 0.21833422656249998 0.42524052812499996 0.222031421875
4 0.596922696875 0.26120329375 0.599655165625 0.2591782828125 0.5998622484375 0.2545121640625 0.5878199359375 0.25046274375 0.5793897718750001 0.24937720625 0.5694898296875001 0.2516372328125 0.5710732484375 0.26061724375 0.5777697359375 0.263551675 0.596922696875 0.26120329375
4 0.6814406859375 0.331690975 0.6903418359375 0.3296070625 0.6919875484375 0.3272592765625 0.702974246875 0.325322025 0.71619675625 0.3127025296875 0.71112030625 0.295593628125 0.7003406890625 0.292864759375 0.6605961375 0.2952431921875 0.6510480671875001 0.2994987765625 0.6466698875 0.30387157187499997 0.6477511734375 0.3216849296875 0.6580598046875 0.327583246875 0.674480296875 0.32725987343749996 0.6814406859375 0.331690975
4 0.8068872140625001 0.46492032187500004 0.8247774812499999 0.46125138593750004 0.83649906875 0.4576413515625 0.842905978125 0.4472524328125 0.8429371234374999 0.441588534375 0.83318744375 0.43301965468750003 0.82784161875 0.43190466718750004 0.8096874484375001 0.43407693593749996 0.79358768125 0.4420597640625 0.7901771453124999 0.45192034375 0.79196764375 0.456234234375 0.8068872140625001 0.46492032187500004
4 0.713244996875 0.7340026234375 0.72913768125 0.730685915625 0.72802525 0.7185364546875 0.7136023406249999 0.7185075999999999 0.7016736703124999 0.7267837515625 0.70155455625 0.7319487609374999 0.713244996875 0.7340026234375
4 0.6041002671875 0.8859631171875 0.6079194953125 0.8842608828125 0.623667390625 0.874282496875 0.63415743125 0.8636880124999999 0.6301934124999999 0.8587285687499999 0.622674071875 0.856968028125 0.6076042421875 0.8591108453125 0.59749721875 0.8660369906250001 0.5955253125 0.878215903125 0.6041002671875 0.8859631171875
4 0.46143396406250003 0.584989109375 0.487578459375 0.58140793125 0.497069709375 0.5709895609375 0.49422359531250004 0.5606889953125 0.487087271875 0.555260115625 0.47956793124999997 0.553499575 0.4597680484375 0.5580196281250001 0.452217559375 0.5619229859375 0.44255037656249996 0.5713435796875 0.44325411875 0.5753346953125 0.46143396406250003 0.584989109375
4 0.34634909999999997 0.3820318546875 0.35563326875 0.3762796015625 0.354841559375 0.371789596875 0.34923183125 0.36917793906249996 0.3447656828125 0.37305184375 0.33980287656249997 0.36826851562499996 0.3472653953125 0.36386626875 0.35634248125 0.36278013593749997 0.36418801875 0.354709546875 0.3678936046875 0.340681740625 0.36622221875 0.331202840625 0.358526940625 0.32844452031250004 0.3448077734375 0.3324067828125 0.3371381703125 0.3414751484375 0.320743353125 0.35362520625 0.316660221875 0.353830771875 0.3336341953125 0.3683274203125 0.3314295328125 0.373345765625 0.3257006890625 0.3758991171875 0.326668334375 0.3813869 0.3295767390625 0.38035966875 0.3373599828125 0.3836168796875 0.34634909999999997 0.3820318546875
4 0.41774349375000003 0.43065675781249996 0.42555788593750005 0.42825006875 0.433491390625 0.42067837187499996 0.4300863265625 0.41304836875 0.41965857968750003 0.4123150578125 0.40294303906250006 0.4168056625 0.39918063125000003 0.42467068281250003 0.40414343906249994 0.4294540109375 0.41774349375000003 0.43065675781249996
4 0.238659415625 0.48383893437500003 0.25690155312499996 0.48216555625 0.2723544 0.47635439843749994 0.280670921875 0.46511436093749997 0.27729700468749996 0.45182045937500004 0.26769211406250004 0.44991325781249997 0.2523272328125 0.456223303125 0.23584445 0.467874471875 0.22808688125 0.4764439484375 0.238659415625 0.48383893437500003
4 0.30585324687500004 0.438554815625 0.3240074171875 0.4363825453125 0.33302768125000004 0.42913362499999996 0.3348804734375 0.42211972031249995 0.33182727968750003 0.416485275 0.31802014375 0.419948646875 0.3020963109375 0.4289292546875 0.3022411 0.43559093125 0.30585324687500004 0.438554815625
4 0.3547923140625 0.5292048375 0.38093680937499996 0.5256236578125 0.39160278437499996 0.51602695 0.3904592046875 0.5095413875 0.3841457359375 0.502938615625 0.36478569375 0.5099531171875 0.34721615 0.521281509375 0.349270553125 0.52709206875 0.3547923140625 0.5292048375
4 0.20597248124999998 0.5554457890625 0.2173990171875 0.556002984375 0.2241266515625 0.55327351875 0.234792625 0.5436768125 0.2339440953125 0.5330240203125001 0.2303319484375 0.5300601359375 0.219816234375 0.5288279359375 0.19701998125 0.5338763328125 0.19078900781250002 0.54526303125 0.184915378125 0.5411547062500001 0.18253477812500002 0.5451752734374999 0.1768370828125 0.5420647265625 0.1740734671875 0.549753634375 0.1788603390625 0.5535391828125 0.189966153125 0.5464369234374999 0.194457975 0.554389703125 0.2029761078125 0.5559741296875 0.193691940625 0.5617263828125 0.19677628125 0.56169693125 0.20597248124999998 0.5554457890625
4 0.1861982734375 0.5717925265625 0.1939246984375 0.5688869484375 0.199332815625 0.55867414375 0.192760915625 0.5330841203125 0.1667043859375 0.5371641875 0.1601526875 0.54089143125 0.1578289109375 0.5510747859375 0.16125965 0.570531475 0.16933794375 0.569621453125 0.1780320125 0.5722036593750001 0.1828500296875 0.5703253109374999 0.1861982734375 0.5717925265625
4 0.21274977968750003 0.6756492890625 0.2337243859375 0.6719509 0.2395723421875 0.664232540625 0.22115974062500002 0.6474175578125 0.203124684375 0.6444248203125 0.18849469218749998 0.649062084375 0.1850273359375 0.6527598765625 0.1906627375 0.6671982187500001 0.196505221875 0.676970440625 0.20572709687500002 0.6825459828125 0.20972225937500003 0.6818415265625 0.20910648593749998 0.6783493015625 0.21274977968750003 0.6756492890625
4 0.3274221609375 0.7886591875 0.3386159421875 0.7820558171875 0.34229038125 0.7736919062500001 0.336447896875 0.7639196828125 0.33586326875 0.754763559375 0.3284630421875 0.7478380109375 0.30525809531250003 0.7447280609375 0.294183428125 0.7461664234375001 0.2768777890625 0.758991484375 0.2746731265625 0.7640098296875 0.277550384375 0.768646496875 0.30738952343750003 0.786018675 0.3274221609375 0.7886591875
4 0.49898521406249996 0.8329960671875 0.5088851531249999 0.8307360390625 0.5161717390625 0.8253360125 0.5155871109375 0.8161798890625 0.502929028125 0.8086382406249999 0.49076760156250004 0.809753828125 0.4729030109375 0.8252494499999999 0.4743416390625 0.827567784375 0.4803032375 0.8321749984375 0.48556109375 0.8327910984375 0.49898521406249996 0.8329960671875
4 0.44606192812499995 0.7080693359375 0.45696065937499997 0.70563319375 0.462425596875 0.701583175 0.460195259375 0.6947748359375 0.45059036875 0.6928676359375 0.44368680156250007 0.6945993203125 0.4373110390625 0.6993243437500001 0.4397173109375 0.7071304609375 0.44606192812499995 0.7080693359375