4 0.3593281203125 0.30413385000000004 0.39102242343750004 0.2979294859375 0.40067002343749997 0.2932164796875 0.4117500265625 0.28021197343750004 0.41179434375 0.27541033125 0.40867366250000003 0.2707489609375 0.3927847 0.266139228125 0.3784117609375 0.268661821875 0.34465498437500003 0.2902137109375 0.3435474453125 0.30003356875 0.3593281203125 0.30413385000000004
4 0.3902154828125 0.2139708953125 0.42689601718750003 0.20617420625 0.429716503125 0.19439284375000002 0.425926446875 0.1765620296875 0.4206596703125 0.17182435625 0.37805762187499997 0.1968537734375 0.37356850937499997 0.205795 0.37567028750000003 0.21067294374999998 0.3902154828125 0.2139708953125
4 0.567858875 0.24809494999999998 0.5705907234375001 0.2459168703125 0.5706350421875 0.24111522812500003 0.5581276515625 0.23738412812499998 0.5494349859375001 0.2365694671875 0.539354234375 0.23924466406249997 0.5413034062500001 0.24841479843749997 0.548283128125 0.251190965625 0.567858875 0.24809494999999998
4 0.6571578359375 0.317503734375 0.6662196828125 0.315045109375 0.6678243390625 0.31257415312500003 0.67903228125 0.31019183125 0.692150090625 0.2967541734375 0.6863222265625 0.2793565078125 0.6751586015625 0.2769371890625 0.6344467703125 0.280798534375 0.6247991703125 0.2855115390625 0.6204626609375 0.2901605765625 0.6222149109374999 0.308424540625 0.6330093546875 0.31411714687500003 0.6498532531250001 0.3131992109375 0.6571578359375 0.317503734375
4 0.7907320828125 0.44991730625 0.8089640640625 0.44550951093749996 0.8208660468750001 0.441382259375 0.8270681046874999 0.43047952812499996 0.8268958468750001 0.4246589828125 0.8165788703124999 0.41620254375 0.8110512015625 0.4152476078125 0.792494359375 0.41812705 0.7762558703125 0.42690333750000004 0.773110521875 0.43715634531249997 0.7751040125 0.4415248375 0.7907320828125 0.44991730625
4 0.7043113515625 0.729728909375 0.720505525 0.7257542625 0.7189255328125 0.71331084375 0.70411944375 0.713795628125 0.69217314375 0.722724521875 0.6922371125 0.728035615625 0.7043113515625 0.729728909375
4 0.597754190625 0.8897553500000001 0.60161323125 0.887870146875 0.617418571875 0.877056053125 0.62780453125 0.865796475 0.6235566593749999 0.8608422265625 0.6157746109375 0.8593015390625001 0.6003827671875 0.8620407078125 0.5902576984375 0.8695175468749999 0.58867269375 0.8821012390625 0.597754190625 0.8897553500000001
4 0.44045539062500005 0.585604859375 0.46716346406250003 0.5809928203125 0.4765305203125 0.5699498171874999 0.4732375828125 0.559467903125 0.4657164234375 0.5541444765625 0.45793437499999995 0.5526037875 0.43777287343750004 0.557954184375 0.43016308125 0.5622340421875001 0.42057944999999997 0.5722581421874999 0.4214457484375 0.57633375625 0.44045539062500005 0.585604859375
4 0.31500309843749996 0.3811789953125 0.3243258375 0.3749376328125 0.3233512515625 0.370352565625 0.31749872031250004 0.3678692765625 0.313053925 0.37200886093749996 0.30778715 0.3672711890625 0.31528865625 0.3624818796875 0.32456707812499996 0.36104216093749997 0.332329475 0.3524701125 0.335627428125 0.3379249171875 0.3335699671875 0.32824533125 0.3255713421875 0.3256857390625 0.311631553125 0.330246140625 0.30408572968750003 0.339837090625 0.287694634375 0.35290556875 0.28351073125 0.3532624140625 0.3014571515625 0.367551734375 0.29937502656250004 0.372786525 0.29358646718750003 0.375614328125 0.2947776265625 0.3812182984375 0.2977260515625 0.38005912343750003 0.3058329640625 0.3831281671875 0.31500309843749996 0.3811789953125
4 0.3900424203125 0.4285927125 0.397977075 0.42584121093749994 0.4058477609375 0.4177786171875 0.40207735624999996 0.41006053593749997 0.39134688125 0.40967902343749996 0.37435038125000003 0.4148891484375 0.3707718828125 0.4231043484375 0.376038659375 0.4278420203125 0.3900424203125 0.4285927125
4 0.20813110156249998 0.48962285781250003 0.22679623124999998 0.48725286875 0.2424489671875 0.48073096406250004 0.25058054531249996 0.46888562968749997 0.2466378828125 0.455347003125 0.23670973750000002 0.45373001406249996 0.22116529062499998 0.4607613703125 0.2046659078125 0.473320396875 0.19701179687499998 0.4824018953125 0.20813110156249998 0.48962285781250003
4 0.2754723984375 0.44069853437499995 0.294029240625 0.43781909375000005 0.3030271171875 0.43004937656250003 0.30467609375000004 0.422776778125 0.3013388390625 0.4170965046875 0.287290759375 0.421147453125 0.27126884375000004 0.4309426453125 0.27165767500000004 0.4377820953125 0.2754723984375 0.44069853437499995
4 0.328976775 0.53209235625 0.355684846875 0.52748031875 0.3662873828125 0.51723964375 0.364879646875 0.5106167703125 0.35816081875 0.504057865625 0.338540753125 0.511955521875 0.32091418125 0.5242216703125 0.32323253125 0.5301185171875 0.328976775 0.53209235625
4 0.177160115625 0.5643619828124999 0.18890949375 0.5645269203125001 0.1957169578125 0.5614825421875 0.2063194921875 0.55124186875 0.2050643625 0.5403268046874999 0.201249640625 0.537410365625 0.190410878125 0.5365194015625 0.1671926671875 0.542519521875 0.16120718437499998 0.5544411578124999 0.155029790625 0.5504295124999999 0.152731090625 0.5546453984374999 0.1467702734375 0.55165265625 0.14421068125 0.5596512828125 0.1492608828125 0.56337005 0.16040485468750001 0.5556766359374999 0.16530245 0.5636875921875 0.17410340468750002 0.56501170625 0.1647806671875 0.57125306875 0.167945665625 0.5711127968749999 0.177160115625 0.5643619828124999
4 0.1574514171875 0.5818629234375 0.16527778437500001 0.5786019703124999 0.17046093906249998 0.5679158140625 0.16279218906249998 0.5418574656249999 0.1361924046875 0.5469789546875 0.129601515625 0.5510422375 0.1275833609375 0.5615881218750001 0.1318065671875 0.5814567453125 0.1400660828125 0.5802335984375 0.1490836125 0.5825766171875 0.15396155625000002 0.5804748390625 0.1574514171875 0.5818629234375
4 0.188451275 0.687624671875 0.2098482546875 0.683076603125 0.2155728453125 0.6749377062499999 0.1960660828125 0.658317703125 0.1774452703125 0.65588605 0.1625948640625 0.661172478125 0.1591689734375 0.6650954875 0.1654743046875 0.6797293203125 0.171823953125 0.6895615109375 0.18149120624999998 0.6949612390625 0.1855668203125 0.694094940625 0.184808809375 0.6905287765625 0.188451275 0.687624671875
4 0.310236840625 0.7996478359375 0.3214891 0.7924638734375 0.324959309375 0.783739221875 0.31860965937499997 0.77390703125 0.31767939218749996 0.764520321875 0.30983337187500004 0.757668540625 0.28590146562499996 0.7553008578125 0.2745852375 0.7571737265625 0.25728352656250003 0.77096823125 0.25520139999999997 0.776203021875 0.25832208125 0.7808643921875 0.289578221875 0.7976493328125 0.310236840625 0.7996478359375
4 0.4879442015625 0.8390829859375 0.49802495156250004 0.8364077859375 0.5053098828125 0.8305995749999999 0.504379615625 0.821212865625 0.49111421406250005 0.8139156 0.4786707953125 0.81549559375 0.46089161562500003 0.8320539328125 0.46245195624999996 0.8343846156250001 0.46873763593750006 0.8389057140625 0.4741570171875 0.8393511968749999 0.4879442015625 0.8390829859375
4 0.42911409375 0.7126132859375 0.44021374843750005 0.7097215109375 0.445677446875 0.705365353125 0.4431425203125 0.6984496015625 0.43321437500000004 0.696832609375 0.4261903359375 0.6988580859375 0.419816021875 0.7039402703125 0.422567521875 0.7118749265625001 0.42911409375 0.7126132859375