4 0.7216796875 0.5546875 0.72119140625 0.541015625 0.7138671875 0.52734375 0.708984375 0.525390625 0.70458984375 0.5263671875 0.69482421875 0.5390625 0.6923828125 0.548828125 0.69287109375 0.5791015625 0.69970703125 0.5927734375 0.70849609375 0.58984375 0.7216796875 0.5546875
4 0.78759765625 0.541015625 0.80224609375 0.4970703125 0.796875 0.4931640625 0.77978515625 0.4931640625 0.76953125 0.498046875 0.76953125 0.533203125 0.775390625 0.5458984375 0.7802734375 0.546875 0.78759765625 0.541015625
4 0.71728515625 0.4013671875 0.7177734375 0.3916015625 0.71533203125 0.3837890625 0.70947265625 0.373046875 0.705078125 0.3740234375 0.70361328125 0.376953125 0.70458984375 0.3955078125 0.70849609375 0.4013671875 0.71728515625 0.4013671875
4 0.6376953125 0.3388671875 0.65478515625 0.3369140625 0.658203125 0.33203125 0.66064453125 0.322265625 0.65625 0.2841796875 0.65185546875 0.2744140625 0.634765625 0.2724609375 0.625 0.287109375 0.625 0.2978515625 0.623046875 0.2998046875 0.62255859375 0.30859375 0.6279296875 0.314453125 0.63037109375 0.330078125 0.6376953125 0.3388671875
4 0.4990234375 0.220703125 0.50390625 0.2041015625 0.5029296875 0.1865234375 0.5009765625 0.181640625 0.4912109375 0.173828125 0.48583984375 0.1748046875 0.47705078125 0.1826171875 0.4755859375 0.1943359375 0.47509765625 0.2119140625 0.48583984375 0.224609375 0.490234375 0.2255859375 0.4990234375 0.220703125
4 0.25 0.3427734375 0.24755859375 0.3291015625 0.23583984375 0.330078125 0.2353515625 0.345703125 0.2392578125 0.3564453125 0.244140625 0.35546875 0.25 0.3427734375
4 0.13427734375 0.466796875 0.1337890625 0.4521484375 0.130859375 0.4453125 0.12548828125 0.4423828125 0.1171875 0.4541015625 0.1103515625 0.470703125 0.109375 0.474609375 0.1181640625 0.4814453125 0.12939453125 0.4775390625 0.13427734375 0.466796875
4 0.4423828125 0.564453125 0.44482421875 0.556640625 0.44580078125 0.537109375 0.44287109375 0.5302734375 0.4365234375 0.5244140625 0.42626953125 0.5234375 0.41796875 0.5341796875 0.4189453125 0.5595703125 0.43115234375 0.5751953125 0.43505859375 0.5751953125 0.4423828125 0.564453125
4 0.634765625 0.6533203125 0.64013671875 0.6533203125 0.6416015625 0.6474609375 0.64599609375 0.64453125 0.66259765625 0.658203125 0.662109375 0.654296875 0.6708984375 0.63671875 0.67822265625 0.6279296875 0.6796875 0.6142578125 0.67578125 0.607421875 0.66650390625 0.607421875 0.65380859375 0.61328125 0.6474609375 0.6220703125 0.64794921875 0.630859375 0.64501953125 0.638671875 0.6396484375 0.634765625 0.642578125 0.6298828125 0.63916015625 0.625 0.634765625 0.625 0.630859375 0.634765625 0.630859375 0.6435546875 0.63525390625 0.650390625 0.634765625 0.6533203125
4 0.58837890625 0.5869140625 0.58984375 0.5703125 0.58740234375 0.560546875 0.57958984375 0.55859375 0.57373046875 0.5673828125 0.57275390625 0.5751953125 0.576171875 0.587890625 0.58154296875 0.591796875 0.58837890625 0.5869140625
4 0.576171875 0.736328125 0.57958984375 0.720703125 0.576171875 0.7119140625 0.56298828125 0.7109375 0.5537109375 0.720703125 0.55078125 0.736328125 0.55224609375 0.75390625 0.56103515625 0.7626953125 0.56787109375 0.75390625 0.576171875 0.736328125
4 0.599609375 0.66796875 0.6005859375 0.654296875 0.5947265625 0.65234375 0.58837890625 0.6552734375 0.5830078125 0.6650390625 0.583984375 0.6826171875 0.58740234375 0.685546875 0.59375 0.6845703125 0.599609375 0.66796875
4 0.50634765625 0.638671875 0.509765625 0.619140625 0.50244140625 0.6142578125 0.49609375 0.6142578125 0.48876953125 0.6259765625 0.48974609375 0.6513671875 0.49267578125 0.65625 0.49853515625 0.6572265625 0.50634765625 0.638671875
4 0.48974609375 0.7998046875 0.49267578125 0.8076171875 0.5009765625 0.810546875 0.49609375 0.822265625 0.50048828125 0.826171875 0.50732421875 0.822265625 0.50341796875 0.8173828125 0.5068359375 0.814453125 0.501953125 0.8095703125 0.51171875 0.8017578125 0.5126953125 0.779296875 0.509765625 0.76953125 0.50634765625 0.7666015625 0.49609375 0.767578125 0.48876953125 0.779296875 0.4873046875 0.7861328125 0.48974609375 0.796875 0.4853515625 0.806640625 0.48583984375 0.8095703125 0.48974609375 0.7998046875
4 0.482421875 0.833984375 0.48291015625 0.841796875 0.501953125 0.841796875 0.51123046875 0.837890625 0.513671875 0.8310546875 0.51318359375 0.8056640625 0.48779296875 0.8037109375 0.47900390625 0.810546875 0.4775390625 0.818359375 0.4794921875 0.8212890625 0.478515625 0.826171875 0.482421875 0.833984375
4 0.369140625 0.818359375 0.3759765625 0.826171875 0.38623046875 0.830078125 0.40087890625 0.8330078125 0.40380859375 0.8291015625 0.40576171875 0.814453125 0.39990234375 0.7978515625 0.380859375 0.783203125 0.37451171875 0.7900390625 0.37451171875 0.810546875 0.37255859375 0.814453125 0.369140625 0.814453125 0.369140625 0.818359375
4 0.2802734375 0.7666015625 0.28466796875 0.763671875 0.2939453125 0.7451171875 0.29345703125 0.734375 0.28662109375 0.712890625 0.27880859375 0.70703125 0.27001953125 0.7080078125 0.259765625 0.7041015625 0.25244140625 0.708984375 0.248046875 0.720703125 0.25390625 0.7392578125 0.275390625 0.7646484375 0.2802734375 0.7666015625
4 0.1865234375 0.587890625 0.18896484375 0.5888671875 0.20068359375 0.5693359375 0.19970703125 0.5576171875 0.1904296875 0.546875 0.181640625 0.5478515625 0.177734375 0.5556640625 0.17724609375 0.5654296875 0.1796875 0.578125 0.18115234375 0.5830078125 0.1865234375 0.587890625
4 0.31787109375 0.5947265625 0.318359375 0.587890625 0.31494140625 0.5791015625 0.30810546875 0.578125 0.30517578125 0.583984375 0.3046875 0.5947265625 0.306640625 0.6005859375 0.314453125 0.6015625 0.31787109375 0.5947265625