3 0.3037109375 0.4716796875 0.30029296875 0.4560546875 0.29736328125 0.4501953125 0.291015625 0.4462890625 0.283203125 0.447265625 0.2724609375 0.462890625 0.271484375 0.470703125 0.27880859375 0.4833984375 0.29931640625 0.48046875 0.3037109375 0.4716796875
4 0.15185546875 0.5322265625 0.14501953125 0.515625 0.13037109375 0.513671875 0.12744140625 0.517578125 0.1279296875 0.5380859375 0.13037109375 0.5419921875 0.1396484375 0.5400390625 0.15185546875 0.5322265625
4 0.3046875 0.58203125 0.30615234375 0.5791015625 0.3095703125 0.5869140625 0.314453125 0.5830078125 0.31787109375 0.5908203125 0.3212890625 0.6103515625 0.3291015625 0.619140625 0.33349609375 0.630859375 0.34130859375 0.626953125 0.34765625 0.61328125 0.3515625 0.5986328125 0.3515625 0.583984375 0.34619140625 0.576171875 0.3369140625 0.5751953125 0.33154296875 0.5634765625 0.33154296875 0.546875 0.328125 0.5419921875 0.31982421875 0.541015625 0.3095703125 0.5458984375 0.30126953125 0.5341796875 0.298828125 0.5263671875 0.29443359375 0.525390625 0.28662109375 0.544921875 0.28515625 0.5546875 0.28662109375 0.568359375 0.29736328125 0.5830078125 0.3046875 0.58203125
4 0.369140625 0.5625 0.373046875 0.56640625 0.37841796875 0.5810546875 0.3857421875 0.5888671875 0.38916015625 0.58984375 0.400390625 0.58203125 0.404296875 0.548828125 0.40234375 0.52734375 0.3896484375 0.517578125 0.3759765625 0.5205078125 0.37353515625 0.5166015625 0.36328125 0.5205078125 0.36083984375 0.525390625 0.357421875 0.5224609375 0.35595703125 0.5263671875 0.353515625 0.541015625 0.357421875 0.5634765625 0.3662109375 0.5654296875 0.369140625 0.5625
4 0.4111328125 0.5810546875 0.404296875 0.5849609375 0.39990234375 0.599609375 0.4033203125 0.603515625 0.408203125 0.6015625 0.4228515625 0.609375 0.42822265625 0.609375 0.435546875 0.599609375 0.43896484375 0.609375 0.4443359375 0.607421875 0.4453125 0.6015625 0.44189453125 0.5830078125 0.44677734375 0.5634765625 0.44482421875 0.5537109375 0.4404296875 0.548828125 0.44189453125 0.5439453125 0.4345703125 0.5390625 0.42724609375 0.52734375 0.41845703125 0.529296875 0.41455078125 0.5439453125 0.41796875 0.5595703125 0.41552734375 0.5732421875 0.4111328125 0.5810546875
4 0.64404296875 0.6025390625 0.64892578125 0.5908203125 0.64990234375 0.5654296875 0.640625 0.548828125 0.626953125 0.5439453125 0.615234375 0.560546875 0.6142578125 0.5703125 0.6142578125 0.591796875 0.619140625 0.6064453125 0.63818359375 0.607421875 0.64404296875 0.6025390625
4 0.61474609375 0.5263671875 0.61376953125 0.5126953125 0.6103515625 0.5068359375 0.6044921875 0.50390625 0.59912109375 0.5048828125 0.5908203125 0.517578125 0.591796875 0.5322265625 0.6005859375 0.5400390625 0.60693359375 0.5400390625 0.61474609375 0.5263671875
4 0.49658203125 0.638671875 0.5078125 0.626953125 0.5107421875 0.6142578125 0.51025390625 0.6044921875 0.51220703125 0.5947265625 0.5185546875 0.5908203125 0.51904296875 0.580078125 0.52197265625 0.5732421875 0.5185546875 0.5634765625 0.51171875 0.564453125 0.51171875 0.560546875 0.50927734375 0.5595703125 0.513671875 0.5712890625 0.51123046875 0.576171875 0.50927734375 0.57421875 0.50390625 0.5791015625 0.486328125 0.5771484375 0.478515625 0.5966796875 0.47802734375 0.611328125 0.484375 0.630859375 0.490234375 0.6396484375 0.49658203125 0.638671875
4 0.48583984375 0.6533203125 0.48974609375 0.642578125 0.4736328125 0.6328125 0.4697265625 0.634765625 0.46435546875 0.6455078125 0.46484375 0.6689453125 0.46630859375 0.671875 0.47412109375 0.671875 0.48583984375 0.6533203125
4 0.615234375 0.337890625 0.61865234375 0.326171875 0.60888671875 0.3125 0.60546875 0.3125 0.59912109375 0.3212890625 0.59716796875 0.3330078125 0.599609375 0.337890625 0.60986328125 0.3427734375 0.615234375 0.337890625
4 0.24755859375 0.517578125 0.24755859375 0.505859375 0.240234375 0.5048828125 0.23046875 0.5087890625 0.23046875 0.5205078125 0.2333984375 0.525390625 0.244140625 0.525390625 0.24755859375 0.517578125
4 0.36962890625 0.642578125 0.376953125 0.634765625 0.376953125 0.630859375 0.3740234375 0.626953125 0.37353515625 0.6181640625 0.365234375 0.599609375 0.35693359375 0.59765625 0.35302734375 0.6005859375 0.3515625 0.6064453125 0.3525390625 0.6142578125 0.35986328125 0.638671875 0.36962890625 0.642578125