3 0.57482093125 0.7300863421875 0.582464596875 0.7277311921875 0.5962014953125 0.7142279609375 0.595800325 0.7062397578125 0.5907726046875 0.7005783906249999 0.5843938421875 0.6986810359375 0.568159028125 0.6980178828125 0.5601413171875 0.7039647765625 0.5608280125 0.724998415625 0.57482093125 0.7300863421875
4 0.5327321890625 0.885590771875 0.5533351515625 0.8824615984375 0.556726309375 0.8788415421875 0.5521882734375 0.86453120625 0.534373525 0.8606208515624999 0.528710965625 0.8742114093750001 0.5283935453125 0.8838373718750001 0.5327321890625 0.885590771875
4 0.48838785468749996 0.7312236796875 0.4978993671875 0.7280354906250001 0.51606104375 0.71677415625 0.5143088359375 0.7125499640624999 0.5060622265625 0.71148564375 0.49287403125000007 0.7052484546875 0.4959501546875 0.694128690625 0.49350886718750003 0.6859965296875 0.4880209625 0.6834384078125 0.4714121015625 0.6863669984375 0.458740715625 0.6830607843750001 0.4561271578125 0.67395163125 0.4473637390625 0.6699563359375 0.4327088609375 0.6725403859375 0.4187430640625 0.6790324046875 0.406184934375 0.68779463125 0.4036551265625 0.6962996453125 0.41615424375 0.69862886875 0.4263253296875 0.7048943734375 0.44646811093750005 0.70486844375 0.4548869921875 0.7069097546875 0.4518403734375 0.7124837953125 0.460259253125 0.71452510625 0.45758668281250003 0.7165074046875 0.4579017171875 0.7240071125 0.4744515640625 0.732169971875 0.48838785468749996 0.7312236796875
4 0.4900068390625 0.660422471875 0.504231040625 0.6553959421875 0.507880603125 0.6532413734375 0.5043466828125001 0.6503387125 0.5088009671875 0.647034884375 0.5109000984375001 0.6360873890625001 0.50656145625 0.6343339890624999 0.5070806515624999 0.6201392953125 0.4950712234375 0.6091611 0.4732328640625 0.6109970578125 0.440704221875 0.62076220625 0.43486939218750004 0.633375771875 0.43644932968749994 0.6366229734375 0.4455572890625 0.6425722515625 0.46115965000000003 0.64536165625 0.4657566984375 0.64858054375 0.4633425328125 0.6520283296875 0.46684694687499995 0.6604767140625001 0.4900068390625 0.660422471875
4 0.47630898750000006 0.59987729375 0.49027478437500005 0.5933852765625 0.4906783375 0.584247809375 0.47766241093749995 0.5789876109375001 0.47148542656250003 0.5725215234375 0.4668588734375 0.574848359375 0.4611986984375 0.5713132484375001 0.4510842390625 0.5710819640625 0.43240575468750003 0.5794123234375 0.413239965625 0.5792659812500001 0.40755028437499996 0.58127659375 0.406543784375 0.5869945890625 0.41691664843750004 0.5886913609375 0.4084387546875 0.5977414984375 0.40938623906249993 0.6031149546875 0.419786225 0.6163916703125001 0.41869359062499995 0.621621171875 0.42320450468750004 0.6243515625 0.43708416562499997 0.6173710484375 0.43978624374999997 0.6098430265625 0.4468269625 0.604068403125 0.4600741734375 0.5992141421875 0.47630898750000006 0.59987729375
4 0.39320716875 0.408523696875 0.4147009890625 0.40473375625 0.4242986375 0.402034065625 0.43884025781249997 0.387381571875 0.43154351875 0.3745650375 0.4132980921875 0.3682122046875 0.388068575 0.37366821875 0.3772060234375 0.3806204171875 0.3733546859375 0.38734371875 0.3776909421875 0.40622278749999996 0.39320716875 0.408523696875
4 0.45676588125000006 0.4204860375 0.47159302812500004 0.4188789796875 0.4828296265625 0.4083350390625 0.48285913281250004 0.4027893140625 0.4788945375 0.3974441734375 0.472429640625 0.395058321875 0.45857948593750003 0.3964931109375 0.44627976093750005 0.406720825 0.4473995171875 0.413071271875 0.45676588125000006 0.4204860375
4 0.39769899999999997 0.54825945625 0.41226774375 0.5451869109375 0.43042941875 0.5339255765625001 0.42537457500000003 0.5166842625 0.4293120484375 0.5104494578125001 0.427013525 0.5088400140625 0.43146780937500007 0.505536184375 0.4439669265625 0.5078654078125 0.442559259375 0.5055951984375 0.4386512921875 0.506284278125 0.43842239375 0.499273065625 0.42804953125 0.49757629375 0.421727396875 0.501713159375 0.411066621875 0.5040966265625 0.4082784109375 0.511136153125 0.3988530328125 0.5148128359374999 0.3889969796875 0.516047040625 0.3768128953125 0.5212175265625001 0.3670700984375 0.534520171875 0.3672128625 0.5410428890625 0.3770394078125 0.5453544109374999 0.39769899999999997 0.54825945625
4 0.3423821296875 0.571612778125 0.3659160671875 0.5679667921875 0.3757154921875 0.5606983671875 0.3769803953125 0.5564458609375 0.364368021875 0.54204819375 0.3543101921875 0.5478511328125 0.3378145875 0.562848165625 0.3391927484375 0.5706641 0.3423821296875 0.571612778125
4 0.6551247265625 0.37996949999999996 0.6665040890625 0.375948275 0.6741772593750001 0.3680473984375 0.6735743140625 0.364627928125 0.6581737296875 0.357269790625 0.647052771875 0.3627565015625 0.6431152984375 0.36899130625 0.6498090921874999 0.3783883703125 0.6551247265625 0.37996949999999996
4 0.5322296890625 0.7799057703125001 0.5439535906249999 0.77783853125 0.5461388578124999 0.7673795328125 0.5438698421875 0.7602243640624999 0.5321459390625 0.7622916046875 0.52493295 0.7670892359375 0.5268279203125 0.7778361453125 0.5322296890625 0.7799057703125001
4 0.4248929265625 0.673918546875 0.430496471875 0.6714194390625 0.43273836875000005 0.6669946625 0.4293200890625 0.6590347703125 0.40929295000000004 0.6540034718750001 0.4004138890625 0.65506540625 0.3959891109375 0.6528235109375 0.39208114374999997 0.653512590625 0.385557234375 0.6622181890625 0.3911879015625 0.6712990265625 0.41690472187500005 0.674319715625 0.4248929265625 0.673918546875