3 0.5082581640625 0.7442115921875 0.5198510468750001 0.7344903375 0.513196778125 0.7141677375000001 0.5034743109375001 0.7112758015625 0.4882029859375 0.717551203125 0.48277163281249996 0.7215797421875 0.47993845 0.7287328109375 0.48233158749999994 0.736499759375 0.50014111875 0.7446192296875 0.5082581640625 0.7442115921875
4 0.602374953125 0.865804359375 0.592244846875 0.8547953765624999 0.5765934421875001 0.8647204500000001 0.577233671875 0.87996179375 0.5817298156249999 0.8822398484375 0.6024900359375 0.878067453125 0.6060234140625 0.874885384375 0.602374953125 0.865804359375
4 0.6488282609375 0.659031975 0.659953540625 0.6524640171875 0.654582153125 0.6452222125 0.6395458406250001 0.6412200203125 0.6239543984375 0.6398747499999999 0.6090631531249999 0.642500478125 0.602083921875 0.649360990625 0.6027541328125 0.6589671609375001 0.5918039046875 0.6665278671875 0.5749271578124999 0.6695036937500001 0.570576078125 0.6738535609375 0.5710712421874999 0.6824669828125 0.5778730000000001 0.6920156109375 0.5674479171875 0.7025545671875 0.559943540625 0.70643683125 0.5597385078125 0.7110792515625 0.5809938921875 0.7155202796875 0.5911839624999999 0.71525891875 0.6048198859375 0.7113191140625 0.6177856 0.6977731375 0.6154799843750001 0.6905025640625 0.6122391625 0.6895385843749999 0.6195684906250001 0.684663571875 0.61472225 0.6804000171875 0.6220515765625 0.6755250046875 0.641293903125 0.668549409375 0.6488282609375 0.659031975
4 0.5638715390625 0.595193740625 0.5423811421875 0.6010303078125 0.5347292765625 0.615686540625 0.5401582046875 0.6290598921874999 0.536624828125 0.632241959375 0.5424338359374999 0.6419656375 0.54783520625 0.6435722703125 0.545469628125 0.6475720390624999 0.5497032 0.6483609703125001 0.5650320671875 0.648217115625 0.5871651171875001 0.64022 0.5875751796875 0.63093515625 0.5840717843750001 0.6284820515625 0.5873425890624999 0.6238108578125 0.60127106875 0.6157250046875 0.6079002015625 0.6068789953125 0.6082802828125 0.6032293203125 0.598325225 0.5932130875 0.5638715390625 0.595193740625
4 0.621133334375 0.5600183609375 0.609892971875 0.5543232234375 0.6192078000000001 0.5490981125000001 0.6162595328125 0.5439880859375 0.6101279859375001 0.544045628125 0.5918784125000001 0.550846175 0.5711481734375 0.5493833968749999 0.5615707734375001 0.5531193828125 0.5573947421875001 0.5584619984375 0.552168421875 0.5578481187500001 0.5485175359375 0.5661689828124999 0.537917403125 0.5757151890625 0.541478340625 0.5842998390624999 0.55706978125 0.5856451109374999 0.5723411078125 0.579369709375 0.5866772250000001 0.579400903125 0.595406940625 0.5824678890625 0.6006032796875 0.5887169421875 0.61628224375 0.5905585890625 0.619640575 0.58638376875 0.61677983125 0.58177011875 0.6220961 0.565478484375 0.621133334375 0.5600183609375
4 0.5480765921875 0.377901475 0.5699170859375 0.3740504078125 0.5839330890625 0.3664609296875 0.58151239375 0.3469272609375 0.5754983515625 0.3418460046875 0.5627101125 0.3389828390625 0.5367235703125 0.342541353125 0.5215097859375 0.3549483 0.5189967171875 0.3697220390625 0.537974046875 0.3786592109375 0.5480765921875 0.377901475
4 0.51338546875 0.4075616125 0.5197520296875 0.397226478125 0.5186142140625 0.390773603125 0.5033153296874999 0.38528228593749997 0.48959188124999997 0.3887257140625 0.48424805312499997 0.39325063125000004 0.48232009531250003 0.39973227499999997 0.48427561093750005 0.40501734999999994 0.498669271875 0.4111800921875 0.51338546875 0.4075616125
4 0.575071325 0.472944090625 0.56759693125 0.47119118125000004 0.558282103125 0.476416290625 0.56050019375 0.483190490625 0.55652919375 0.48389068437500005 0.555974065625 0.48654760625 0.56709934375 0.4799796515625 0.5725007140625 0.4815862828125 0.5708653124999999 0.483921878125 0.576791828125 0.48850676093749995 0.577957203125 0.506726353125 0.5992125875000001 0.5111673796875 0.61419135625 0.5090380265625 0.6329085359375 0.4990841796875 0.6407929921875 0.49155224531249997 0.6386624265624999 0.4852744203125 0.624736371875 0.4759583796875 0.6113054796874999 0.4752557640625 0.6014655062500001 0.4775026234375 0.5911879109375 0.47726761093750003 0.586079096875 0.47151492968750003 0.575071325 0.472944090625
4 0.6778424234375 0.5100980109375 0.6764420359375001 0.5021560140625 0.65547920625 0.4935689390625 0.643858765625 0.49152347343749997 0.63681956875 0.5096543312499999 0.6395052640625 0.5132752328125 0.651388278125 0.516809821875 0.675126746875 0.5121122812500001 0.6778424234375 0.5100980109375
4 0.31442788125 0.43445427968750006 0.31755361875 0.423155165625 0.311627103125 0.41857028281249997 0.2991014359375 0.41719624218750007 0.286953425 0.42957442031250004 0.2875660953125 0.43304904375 0.297638659375 0.43792648125 0.3099017515625 0.43781139687500004 0.31442788125 0.43445427968750006
4 0.568753509375 0.762205865625 0.5601988421875 0.760131628125 0.5482858453125 0.7622322109375 0.548605959375 0.769852884375 0.55432744375 0.7790801875 0.5662404421875 0.7769796046875 0.57067904375 0.7731261125 0.568753509375 0.762205865625
4 0.6219988828125 0.634589675 0.6256773265625 0.638035528125 0.631896396875 0.6384743609375 0.639663346875 0.6360812234375001 0.6631692265625 0.6242593859375 0.6653897390625 0.61363169375 0.656134878125 0.607586459375 0.652163878125 0.608286653125 0.648718025 0.611965096875 0.6398708015625 0.614036909375 0.62249646875 0.6258012046875 0.6219988828125 0.634589675