4 0.5341796875 0.7275390625 0.533203125 0.732421875 0.5380859375 0.73046875 0.5400390625 0.7373046875 0.544921875 0.736328125 0.552734375 0.7431640625 0.5888671875 0.7353515625 0.58544921875 0.7119140625 0.58984375 0.6875 0.5859375 0.671875 0.580078125 0.6669921875 0.56396484375 0.66796875 0.560546875 0.6572265625 0.55810546875 0.6572265625 0.55322265625 0.6630859375 0.54150390625 0.66015625 0.53515625 0.6748046875 0.5322265625 0.6767578125 0.53076171875 0.6953125 0.53271484375 0.7041015625 0.53125 0.7138671875 0.5341796875 0.7275390625
4 0.48486328125 0.75 0.49072265625 0.748046875 0.49462890625 0.7353515625 0.4970703125 0.708984375 0.48779296875 0.685546875 0.478515625 0.6796875 0.47412109375 0.685546875 0.46435546875 0.7099609375 0.46240234375 0.720703125 0.462890625 0.7470703125 0.4677734375 0.763671875 0.470703125 0.765625 0.48486328125 0.75
4 0.57177734375 0.568359375 0.58056640625 0.568359375 0.5849609375 0.564453125 0.5859375 0.5546875 0.595703125 0.544921875 0.5947265625 0.5400390625 0.59912109375 0.52734375 0.59765625 0.5205078125 0.599609375 0.509765625 0.5986328125 0.5048828125 0.60302734375 0.49609375 0.59130859375 0.4814453125 0.57958984375 0.4794921875 0.572265625 0.494140625 0.56494140625 0.4970703125 0.5595703125 0.51953125 0.55908203125 0.5361328125 0.56396484375 0.5576171875 0.5703125 0.5634765625 0.57177734375 0.568359375
4 0.72119140625 0.638671875 0.72509765625 0.626953125 0.7333984375 0.6142578125 0.7333984375 0.6083984375 0.73046875 0.599609375 0.72021484375 0.5947265625 0.71630859375 0.6015625 0.71240234375 0.59765625 0.705078125 0.60546875 0.7021484375 0.6171875 0.70263671875 0.640625 0.705078125 0.6435546875 0.7138671875 0.642578125 0.72119140625 0.638671875
4 0.66943359375 0.44921875 0.689453125 0.451171875 0.69580078125 0.44921875 0.69873046875 0.4443359375 0.70068359375 0.42578125 0.7001953125 0.4111328125 0.68994140625 0.392578125 0.68115234375 0.3876953125 0.6748046875 0.3896484375 0.666015625 0.408203125 0.6640625 0.4150390625 0.66748046875 0.4326171875 0.666015625 0.4423828125 0.66943359375 0.44921875
4 0.53271484375 0.3173828125 0.54833984375 0.333984375 0.552734375 0.33203125 0.55712890625 0.337890625 0.56787109375 0.337890625 0.5751953125 0.330078125 0.57470703125 0.326171875 0.57958984375 0.318359375 0.58154296875 0.3017578125 0.57861328125 0.2783203125 0.57470703125 0.267578125 0.57763671875 0.2626953125 0.5712890625 0.255859375 0.56298828125 0.25390625 0.56103515625 0.24609375 0.5595703125 0.2451171875 0.560546875 0.248046875 0.55712890625 0.251953125 0.55517578125 0.244140625 0.55126953125 0.2509765625 0.54931640625 0.2490234375 0.55078125 0.244140625 0.54736328125 0.2490234375 0.5458984375 0.244140625 0.54345703125 0.244140625 0.53759765625 0.2470703125 0.54150390625 0.25 0.54052734375 0.25390625 0.533203125 0.2607421875 0.5283203125 0.2548828125 0.529296875 0.2509765625 0.5224609375 0.2568359375 0.517578125 0.2548828125 0.51318359375 0.2607421875 0.513671875 0.2783203125 0.5185546875 0.28125 0.52392578125 0.291015625 0.53271484375 0.3173828125
4 0.45947265625 0.259765625 0.46240234375 0.263671875 0.47509765625 0.265625 0.48681640625 0.2568359375 0.48681640625 0.2470703125 0.4677734375 0.2041015625 0.45849609375 0.1982421875 0.45458984375 0.2080078125 0.4560546875 0.2138671875 0.45361328125 0.2236328125 0.45361328125 0.232421875 0.45947265625 0.259765625
4 0.40966796875 0.212890625 0.42041015625 0.1923828125 0.416015625 0.1826171875 0.40771484375 0.1796875 0.39208984375 0.185546875 0.38671875 0.1962890625 0.38623046875 0.201171875 0.39111328125 0.2119140625 0.40087890625 0.2177734375 0.40966796875 0.212890625
4 0.18896484375 0.3740234375 0.193359375 0.3798828125 0.19970703125 0.384765625 0.21337890625 0.3798828125 0.21923828125 0.376953125 0.22021484375 0.3671875 0.22998046875 0.3759765625 0.23388671875 0.3759765625 0.23974609375 0.369140625 0.251953125 0.36328125 0.251953125 0.3486328125 0.2490234375 0.34765625 0.2451171875 0.337890625 0.244140625 0.32421875 0.23779296875 0.314453125 0.236328125 0.3017578125 0.228515625 0.291015625 0.216796875 0.2841796875 0.2138671875 0.2763671875 0.213134765625 0.2841796875 0.2109375 0.28125 0.2099609375 0.283203125 0.2099609375 0.275390625 0.20703125 0.28125 0.205078125 0.27734375 0.203125 0.2841796875 0.197265625 0.2822265625 0.1943359375 0.2890625 0.1884765625 0.2919921875 0.1826171875 0.3095703125 0.18359375 0.3173828125 0.1796875 0.341796875 0.1865234375 0.359375 0.18896484375 0.3740234375
4 0.236328125 0.630859375 0.23876953125 0.634765625 0.236328125 0.646484375 0.23779296875 0.6416015625 0.24072265625 0.640625 0.2431640625 0.6474609375 0.255859375 0.6513671875 0.255859375 0.646484375 0.25927734375 0.6416015625 0.26513671875 0.642578125 0.2666015625 0.646484375 0.27099609375 0.642578125 0.26953125 0.6357421875 0.27099609375 0.634765625 0.27001953125 0.62890625 0.2734375 0.623046875 0.2724609375 0.6103515625 0.27490234375 0.607421875 0.2734375 0.6015625 0.26953125 0.5927734375 0.26123046875 0.5869140625 0.255859375 0.578125 0.251953125 0.578125 0.248046875 0.5712890625 0.24462890625 0.57421875 0.236328125 0.5712890625 0.2333984375 0.57421875 0.22412109375 0.5908203125 0.2216796875 0.599609375 0.22021484375 0.6064453125 0.22509765625 0.6240234375 0.2314453125 0.6337890625 0.236328125 0.630859375
4 0.15771484375 0.4931640625 0.1572265625 0.4990234375 0.15771484375 0.533203125 0.16259765625 0.5322265625 0.16064453125 0.5361328125 0.16162109375 0.5439453125 0.16552734375 0.546875 0.1728515625 0.560546875 0.1796875 0.5625 0.185546875 0.5732421875 0.19921875 0.580078125 0.201171875 0.5927734375 0.197265625 0.595703125 0.2001953125 0.5947265625 0.2041015625 0.609375 0.208984375 0.6083984375 0.21630859375 0.6240234375 0.2177734375 0.619140625 0.216796875 0.5908203125 0.21923828125 0.5595703125 0.2255859375 0.548828125 0.224609375 0.544921875 0.2314453125 0.5234375 0.234375 0.521484375 0.23583984375 0.515625 0.24365234375 0.515625 0.2412109375 0.5126953125 0.2431640625 0.5078125 0.24951171875 0.521484375 0.25537109375 0.521484375 0.25927734375 0.5166015625 0.2578125 0.5126953125 0.259765625 0.5078125 0.26416015625 0.505859375 0.2626953125 0.4990234375 0.2646484375 0.4892578125 0.26416015625 0.4736328125 0.25830078125 0.4638671875 0.26220703125 0.4404296875 0.2568359375 0.4365234375 0.22705078125 0.4375 0.2197265625 0.4365234375 0.216796875 0.4306640625 0.17236328125 0.4267578125 0.166015625 0.4345703125 0.1708984375 0.4375 0.1708984375 0.443359375 0.1728515625 0.4462890625 0.17431640625 0.4599609375 0.17236328125 0.466796875 0.16259765625 0.470703125 0.16162109375 0.4736328125 0.15771484375 0.470703125 0.15966796875 0.478515625 0.1572265625 0.482421875 0.16064453125 0.4892578125 0.15771484375 0.4931640625
4 0.322963378125 0.302734375 0.31389501875 0.3055244140625 0.3076171875 0.3292412109375 0.302734375 0.347376953125 0.2957587890625 0.3487724609375 0.2811103515625 0.3641181640625 0.277622559375 0.394810546875 0.28180810625 0.41434179687499995 0.29436376875 0.4185263671875 0.29924658125 0.40318066406249997 0.3006416015625 0.3934150390625 0.322963378125 0.3822548828125 0.326450684375 0.3627236328125 0.337611815625 0.361328125 0.341796875 0.3348212890625 0.342494628125 0.3236611328125 0.3543525390625 0.3152900390625 0.3536552734375 0.341796875 0.36760595625 0.347376953125 0.37737158125 0.3431923828125 0.375278809375 0.3138955078125 0.3787666015625 0.302734375 0.3829521484375 0.277623046875 0.380161621875 0.2734375 0.375278809375 0.24693066406250003 0.36481591875 0.22739941406250003 0.3592353515625 0.23158496093749997 0.35505029375 0.2553017578125 0.355747559375 0.277623046875 0.341099121875 0.2762275390625 0.327846190625 0.287388671875 0.322963378125 0.302734375