4 0.489155515625 0.3332823984375 0.45475389687499995 0.33415561718750003 0.44683654375000004 0.3374560578125 0.44282215156250004 0.34229832656250003 0.444692196875 0.347734540625 0.45152451875 0.35030996875 0.482988203125 0.348894234375 0.4948428015625 0.3451712859375 0.4978493125 0.3417851265625 0.4959878375 0.33585782656249996 0.489155515625 0.3332823984375
4 0.5933632859375 0.27320587343749997 0.5864881046875 0.2730858671875 0.5765721265625 0.27831635781249997 0.5735484734375 0.282684684375 0.576289253125 0.294522140625 0.5870159625 0.29913048125 0.6105794390625 0.3000330171875 0.6165581703125 0.2952250375 0.6167210359374999 0.28589443281250004 0.60605433125 0.277848503125 0.5933632859375 0.27320587343749997
4 0.633109315625 0.303864915625 0.618376784375 0.3036077578125 0.613363078125 0.30941505 0.612192328125 0.3202017625 0.6199811015625001 0.3242675859375 0.6366951125 0.32357686406249997 0.6447581875 0.3119279890625 0.633109315625 0.303864915625
4 0.6435360046875 0.32566120625 0.6248405140625 0.3272998125 0.6110301484375 0.3304973875 0.6109615734375 0.3344260625 0.6414088015625 0.334957521875 0.660130009375 0.3318456640625 0.6552963125 0.3273401859375 0.6513504953125 0.328253778125 0.6435360046875 0.32566120625
4 0.6757797328125 0.2795567984375 0.6630029687500001 0.2798250140625 0.653104134375 0.28407333281249997 0.6519162421875 0.2958422140625 0.6606014640625 0.3048360265625 0.6752825625 0.3080396890625 0.6852242562499999 0.301335946875 0.6873171734375 0.29400396875 0.6757797328125 0.2795567984375
4 0.48372178593750004 0.363152825 0.46997142500000005 0.3629128109375 0.46209693281249997 0.363757828125 0.460089734375 0.3661789625 0.4665963234375 0.38741559531249997 0.4910733921875 0.39226395 0.49991291093749995 0.39241824531249997 0.5048837578125001 0.3890663734375 0.5117589375 0.38918637968750003 0.5166183484375 0.39221860468749997 0.5313508796875 0.3924757625 0.5196677171874999 0.386377025 0.5713749109374999 0.3750689734375 0.5914101406250001 0.352962421875 0.557833475 0.346762025 0.48372178593750004 0.363152825
4 0.6434809734375 0.38509955625000003 0.6316863781250001 0.3853849125 0.6188581828124999 0.3885996328125 0.6060728453124999 0.3893589328125 0.589273115625 0.3949605 0.5879480703125 0.4145867296875 0.59859763125 0.4236148296875 0.6565284390625 0.4256084828125 0.654632675 0.4216455203125 0.663797925 0.40313861093750003 0.6580934953125 0.3922318921875 0.6503390109375 0.3862017296875 0.6463846203125 0.3876064078125 0.6434809734375 0.38509955625000003
4 0.3705116328125 0.43240565625 0.354831221875 0.43016701875 0.34396736250000004 0.4334160265625 0.334904975 0.44602992500000005 0.32995984375 0.44790854218750004 0.33568998906249997 0.4573420078125 0.3443237828125 0.4692823265625 0.36559718750000003 0.4888117796875 0.3889206515625 0.503464675 0.4064882515625 0.5101573609375001 0.41735211093749996 0.5069083515624999 0.418385709375 0.5039789906250001 0.43527973124999997 0.49297549687500003 0.4335296921875 0.4806641 0.42487875624999993 0.46970595 0.42797098437500003 0.4614089484375 0.42414517343749997 0.4554473609375 0.4173642828125 0.4499254265625 0.411471271875 0.4498225640625 0.40466466562500003 0.44577388124999995 0.4027860484375 0.4408287515625 0.3959108671875 0.44070874531250004 0.3891299765625 0.4351868109375 0.3773696703125 0.43350783125000003 0.37537104375 0.43543788125000005 0.371450940625 0.434878221875 0.3705116328125 0.43240565625
4 0.6378636328125 0.48177459218749996 0.6211410484375001 0.48295640000000006 0.61123364375 0.4876958046875 0.6080728390625 0.4999214828125 0.6147165796875 0.513300765625 0.629294815625 0.5223974421875 0.6411322703125 0.5196566625 0.6481360296875 0.512410403125 0.64468738125 0.48484110625000004 0.6378636328125 0.48177459218749996
4 0.47569710781249996 0.71031515625 0.44916141249999997 0.7108344421874999 0.443174109375 0.7161335078125 0.4459063171875 0.728462046875 0.46058741562499994 0.7316657109375 0.4753199453125 0.73192286875 0.4812643890625 0.7290792234375 0.4833487328125 0.7222383328124999 0.4786179 0.7118398421875 0.47569710781249996 0.71031515625
4 0.5610117875 0.6149609953125 0.5295309593749999 0.6173588999999999 0.5387447859375001 0.6362568640624999 0.5169820359374999 0.660859678125 0.526752290625 0.6639776234375 0.5315774140625 0.6689741859375 0.5365225453125 0.6670955671875001 0.5453106328125 0.6701963671875 0.5679776578125 0.6661709171875 0.6094773265625 0.6526495109375 0.6194104484375 0.646436853125 0.6165496625 0.641474578125 0.6205297671875 0.6385966484375001 0.6185825734375 0.637580190625 0.616592521875 0.63901915625 0.6097859156250001 0.634970475 0.6032793265625 0.6137338421874999 0.5954391218749999 0.612614521875 0.5886239453125001 0.6090569265625 0.5797929984375 0.6084115484375 0.568946284375 0.6106783874999999 0.5610117875 0.6149609953125
4 0.3253503875 0.543127471875 0.31749303906250004 0.542990321875 0.3026662171875 0.548135090625 0.3014954671875 0.558921803125 0.3043733984375 0.5629019078125 0.31413508125 0.5665109359375 0.32590396093749996 0.56769883125 0.345650196875 0.562148696875 0.344736603125 0.558202878125 0.33021837187499997 0.5456686125 0.3253503875 0.543127471875
4 0.4665376890625 0.5033457859375 0.463574040625 0.5042765218749999 0.458517475 0.5125392375 0.450685840625 0.5109288328125 0.45143656875 0.524205253125 0.44637143124999995 0.5329590515625 0.45119655468750003 0.5379556156249999 0.466782675 0.54559618125 0.47364928281249996 0.546207271875 0.48240308125000003 0.551272409375 0.49026900468749995 0.5509184765625 0.494163390625 0.5529513875000001 0.500142121875 0.5481434078125 0.5119795765624999 0.545402628125 0.5169675671875 0.5410685875000001 0.5210676796875 0.5313154765625 0.5164054218749999 0.5169883125 0.4988892515625 0.507349121875 0.48905899374999995 0.50766876875 0.47829799843750004 0.5050247625 0.4704063609375 0.5068519515625 0.4665376890625 0.5033457859375
4 0.498824278125 0.45478595312500003 0.4958520578125 0.4562077765625 0.4907354875 0.4679080796875 0.5003771640625 0.478392290625 0.5218648671875 0.485644634375 0.5306958125000001 0.48629001250000004 0.54153395625 0.4845142578125 0.54752983125 0.47872410781249997 0.5516470875 0.46798882812500003 0.5469162562500001 0.4575903375 0.535121659375 0.45787569687499996 0.5125746390625 0.4550259671875 0.498824278125 0.45478595312500003
4 0.7448979015625 0.42862468125 0.729166059375 0.429332546875 0.7221965875 0.43461446875 0.722085153125 0.440998565625 0.7259452515625 0.4449958140625 0.7386791578125 0.44718302187500003 0.7495515875 0.4434429296875 0.7497487406250001 0.432147990625 0.7448979015625 0.42862468125