4 0.34619140625 0.4912109375 0.35009765625 0.4794921875 0.35205078125 0.4482421875 0.349609375 0.44140625 0.34423828125 0.439453125 0.33935546875 0.443359375 0.3359375 0.451171875 0.33447265625 0.4853515625 0.3369140625 0.4921875 0.3427734375 0.494140625 0.34619140625 0.4912109375
4 0.29443359375 0.611328125 0.29931640625 0.60546875 0.298828125 0.58203125 0.29443359375 0.5712890625 0.28271484375 0.568359375 0.2783203125 0.5712890625 0.27294921875 0.5810546875 0.27294921875 0.587890625 0.27734375 0.6005859375 0.28515625 0.611328125 0.29443359375 0.611328125
4 0.3232421875 0.615234375 0.3193359375 0.607421875 0.30859375 0.6083984375 0.302734375 0.61328125 0.302734375 0.6279296875 0.310546875 0.6396484375 0.322265625 0.6318359375 0.3232421875 0.615234375
4 0.330078125 0.6552734375 0.33349609375 0.63671875 0.33349609375 0.6064453125 0.32958984375 0.6064453125 0.326171875 0.6201171875 0.32421875 0.638671875 0.32666015625 0.646484375 0.32568359375 0.650390625 0.330078125 0.6552734375
4 0.30615234375 0.669921875 0.30322265625 0.6552734375 0.29443359375 0.646484375 0.28271484375 0.6474609375 0.2783203125 0.6572265625 0.27783203125 0.669921875 0.2919921875 0.681640625 0.29931640625 0.6796875 0.30615234375 0.669921875
4 0.37458154375 0.5678017578125 0.38671875 0.5166015625 0.392578125 0.5283203125 0.392578125 0.513671875 0.3896484375 0.5087890625 0.3896484375 0.501953125 0.39306640625 0.4970703125 0.39306640625 0.48828125 0.388671875 0.4638671875 0.36767578125 0.45703125 0.365234375 0.458984375 0.3642578125 0.466796875 0.3642578125 0.48046875 0.3466796875 0.5538505859375 0.352260253125 0.5873330078125 0.37458154375 0.5678017578125
4 0.39013671875 0.654296875 0.40087890625 0.66015625 0.41943359375 0.6513671875 0.42333984375 0.6533203125 0.42236328125 0.595703125 0.41357421875 0.5849609375 0.39404296875 0.5859375 0.38818359375 0.6025390625 0.38720703125 0.615234375 0.3837890625 0.6279296875 0.38330078125 0.6396484375 0.3857421875 0.642578125 0.38427734375 0.646484375 0.39013671875 0.654296875
4 0.43603515625 0.3759765625 0.4375 0.3876953125 0.44287109375 0.39453125 0.44287109375 0.4013671875 0.44775390625 0.4033203125 0.45166015625 0.41015625 0.45166015625 0.416015625 0.45703125 0.4228515625 0.462890625 0.4267578125 0.47119140625 0.423828125 0.48193359375 0.4326171875 0.494140625 0.4345703125 0.50537109375 0.41796875 0.50830078125 0.4169921875 0.51171875 0.40625 0.50537109375 0.388671875 0.4912109375 0.365234375 0.47216796875 0.34375 0.46044921875 0.3349609375 0.451171875 0.3291015625 0.44921875 0.333984375 0.4365234375 0.3427734375 0.43310546875 0.353515625 0.43505859375 0.369140625 0.4375 0.3701171875 0.43798828125 0.3740234375 0.43603515625 0.3759765625
4 0.51708984375 0.6396484375 0.52001953125 0.6279296875 0.51123046875 0.61328125 0.498046875 0.6064453125 0.48583984375 0.609375 0.48095703125 0.619140625 0.4794921875 0.6357421875 0.482421875 0.642578125 0.509765625 0.646484375 0.51708984375 0.6396484375
4 0.72802734375 0.484375 0.73095703125 0.478515625 0.73095703125 0.4638671875 0.72802734375 0.44921875 0.7158203125 0.4462890625 0.71044921875 0.4521484375 0.70947265625 0.478515625 0.7109375 0.4814453125 0.72119140625 0.486328125 0.72802734375 0.484375
4 0.60686376875 0.5890068359375 0.6102817375 0.5958427734375 0.6112583 0.6036552734375 0.63225439375 0.6104912109375 0.63616064375 0.6173271484375 0.6346958 0.6192802734375 0.6356723625 0.6212333984375 0.63860205 0.6173271484375 0.6434848625 0.6202568359375 0.64983251875 0.6104912109375 0.663992675 0.5694755859375 0.66838720625 0.5470146484375 0.66545751875 0.5382255859375 0.66741064375 0.5333427734375 0.66252783125 0.5284599609375 0.65959814375 0.5186943359375 0.634765625 0.5398994140625 0.6161411125 0.5304130859375 0.613211425 0.5616630859375 0.60881689375 0.5694755859375 0.6063754875 0.5802177734375 0.60686376875 0.5890068359375
4 0.564453125 0.3466796875 0.5703125 0.3271484375 0.5693359375 0.3154296875 0.56591796875 0.3056640625 0.56201171875 0.302734375 0.55126953125 0.3037109375 0.5458984375 0.318359375 0.5458984375 0.326171875 0.54833984375 0.3310546875 0.560546875 0.345703125 0.564453125 0.3466796875
4 0.5078125 0.48828125 0.50732421875 0.498046875 0.5166015625 0.515625 0.53076171875 0.5205078125 0.54052734375 0.5166015625 0.544921875 0.51171875 0.5478515625 0.5 0.552734375 0.494140625 0.55078125 0.490234375 0.55126953125 0.482421875 0.54638671875 0.4736328125 0.5458984375 0.466796875 0.53857421875 0.451171875 0.53369140625 0.4462890625 0.52490234375 0.451171875 0.51171875 0.4501953125 0.51318359375 0.4580078125 0.5048828125 0.462890625 0.50390625 0.4658203125 0.50732421875 0.4697265625 0.50537109375 0.4775390625 0.5078125 0.48828125
4 0.45703125 0.544921875 0.46728515625 0.5498046875 0.47802734375 0.5458984375 0.48388671875 0.5400390625 0.48583984375 0.529296875 0.4853515625 0.5205078125 0.478515625 0.4990234375 0.46826171875 0.4892578125 0.45654296875 0.494140625 0.455078125 0.4970703125 0.455078125 0.5107421875 0.45751953125 0.533203125 0.45703125 0.544921875
4 0.443359375 0.7353515625 0.44140625 0.72265625 0.4375 0.71875 0.43115234375 0.71875 0.42578125 0.7255859375 0.4248046875 0.7412109375 0.42822265625 0.74609375 0.439453125 0.74609375 0.443359375 0.7353515625