4 0.668686134375 0.5348184890625001 0.6745798203125 0.49978124843750005 0.672798121875 0.491107684375 0.6686864234375001 0.48608628906250007 0.6628140250000001 0.48691178593749995 0.6588604 0.49332941249999995 0.654094821875 0.52549586875 0.6555285796875 0.538242903125 0.658364596875 0.5419562874999999 0.6647325093750001 0.5412361156250001 0.668686134375 0.5348184890625001
4 0.7089803906250001 0.6522532375 0.7104564359375 0.645308984375 0.7071144031250001 0.6342300484375001 0.7032873546875 0.630306015625 0.6907623921875 0.6307543203125 0.6839832515625 0.64071879375 0.6784270046875001 0.664422334375 0.6821169765625 0.6714278015625 0.691531771875 0.673428978125 0.701779521875 0.6642017828125 0.7089803906250001 0.6522532375
4 0.6701085296875 0.6865018890625 0.6732714859375 0.6716213484375 0.66837961875 0.6653972671874999 0.6576891421875 0.662088078125 0.6520381078125 0.6691817671875 0.6494444546875 0.68625703125 0.659649915625 0.696721121875 0.6701085296875 0.6865018890625
4 0.6459863453125 0.6927799828125 0.648010696875 0.673509996875 0.6474941796875 0.658884215625 0.64353005625 0.658041615625 0.6369932796875 0.6887947343749999 0.6364554765625 0.7083806953125 0.641969434375 0.7043684406249999 0.6418218578125 0.700189646875 0.6459863453125 0.6927799828125
4 0.6863126765625001 0.7345310203125 0.688558390625 0.7215292265625 0.6862073890625 0.7106609390624999 0.67452588125 0.7071411015625 0.663708828125 0.714173575 0.657572778125 0.7284221671875 0.66240135625 0.739817078125 0.6694123624999999 0.7433810265624999 0.6863126765625001 0.7345310203125
4 0.6395140078125 0.5234334781250001 0.6424661 0.5095449734375 0.6431619796875 0.501398034375 0.64110613125 0.4988873359375 0.6183229156250001 0.5013026109375 0.6085916828125 0.5251555875 0.6066939078125 0.5340839125 0.6091081984375 0.5397813703125001 0.6076321515625 0.5467256218750001 0.603604740625 0.5510538515625 0.6004417828124999 0.56593439375 0.6089183359375 0.5552938609375 0.6101799859375 0.6099233875000001 0.62861470625 0.6345789390625 0.6415076296875 0.60176975 0.6395140078125 0.5234334781250001
4 0.58581810625 0.6810276859375 0.58785295625 0.6690179265625 0.5871255765625001 0.6553841828125 0.588875775 0.6422770625 0.5865142734375001 0.6241485484375 0.5669045171875 0.618943509375 0.5556657375 0.62796005625 0.5422337421875 0.6862795359375 0.5466195953125 0.6851380640625 0.563551409375 0.698068740625 0.5757179328124999 0.6944336765625 0.5833510296875 0.6877612875 0.5827079375 0.68347716875 0.58581810625 0.6810276859375
4 0.5917027312500001 0.3950692265625 0.5970586140624999 0.37961795 0.5959095078125001 0.3679682765625 0.584923878125 0.3563015 0.583996134375 0.35092001875 0.5733161578125 0.354871059375 0.5595260109375 0.3612715828125 0.535561903125 0.37898869999999996 0.5161312234375 0.39974313906250003 0.5058939734375001 0.4162305625 0.5070430796875 0.427880234375 0.509805309375 0.429504221875 0.5176174812500001 0.44879131250000004 0.530427096875 0.4494403671875 0.5432262125 0.44282919375 0.5510173843749999 0.447595828125 0.5578070265624999 0.4448915859375 0.5647337421875 0.43910590781250003 0.5659989249999999 0.43315369062500003 0.571439096875 0.4270520390625 0.576815978125 0.4261212171875 0.578292025 0.4191769640625 0.5852187421874999 0.4133912875 0.5892356546874999 0.40180282968750003 0.58767531875 0.3993974578125 0.5890142890625001 0.3955346375 0.5917027312500001 0.3950692265625
4 0.48904500781250004 0.656310503125 0.49114314531250003 0.6391299140625 0.48829662812499997 0.6281563015625 0.4765413328125 0.622547065625 0.46168636718749995 0.6266475421875 0.44960413125 0.6396322328124999 0.450046859375 0.6521686171875001 0.4560035453125 0.6606927453125 0.4845958671875 0.6626228046875 0.48904500781250004 0.656310503125
4 0.289606275 0.4469845796875 0.294308565625 0.4199889546875 0.2901230796875 0.4128781640625 0.2771026 0.4132211453125 0.27096655 0.4274697359375 0.26780359374999996 0.4423502765625 0.269511503125 0.4489344453125 0.27602699375 0.4523930671875 0.2874871390625 0.44964471406250006 0.289606275 0.4469845796875
4 0.3693401140625 0.5522136109375 0.3731146609375 0.5198365046875 0.3521658828125 0.52545573125 0.3315441453125 0.498558140625 0.326462415625 0.5078465515625 0.3204529421875 0.51175348125 0.3213806859375 0.5171349625 0.3165098171875 0.5254313359375 0.316119590625 0.5491960921875 0.3216332609375 0.5939160375 0.325966325 0.6052056234375 0.3315540703125 0.603282765625 0.33368370937499997 0.6078828609375 0.33509646718749997 0.6061094390624999 0.3340316484375 0.603809390625 0.33947181875 0.5977077390625001 0.3622550328125 0.5952924640624999 0.36493297343750003 0.587566825 0.36987762812499997 0.5813598484375 0.37227091875 0.5725368484375 0.3721128421875 0.5610978249999999 0.3693401140625 0.5522136109375
4 0.48849871875 0.327510846875 0.490185628125 0.3195745578125 0.48789791562499996 0.30353544062500004 0.4772074375 0.3002262515625 0.4726107234375 0.3023597609375 0.46703347656250005 0.3115428453125 0.4635120796875 0.3232366296875 0.465240990625 0.3443412515625 0.46941597812499997 0.34419181718749997 0.48496682187499995 0.3319444015625 0.48849871875 0.327510846875
4 0.5009595296875 0.478429965625 0.500601090625 0.47524320781249996 0.49323164531249997 0.4684925015625 0.496405103125 0.4608721875 0.48281532031249996 0.459020446875 0.4749503609375 0.452164415625 0.46894088749999996 0.45607134374999997 0.45813433281249993 0.470364046875 0.45616277343749995 0.47720297343749996 0.44930984374999994 0.4850780484375 0.448118446875 0.4931196625 0.44529293125 0.49666650625 0.448982903125 0.5036719734374999 0.44942563125 0.5162083578125001 0.4528309515625 0.5221164640625 0.46189780625 0.528191109375 0.477322075 0.5262853562500001 0.49053241718749996 0.5104298828125 0.492145540625 0.5004041953125 0.49694261875 0.490018425 0.49664746718749997 0.48166083437499996 0.5009595296875 0.478429965625
4 0.543763440625 0.520707628125 0.542909484375 0.5174155453125 0.53207143125 0.5099275640625 0.51955696875 0.5176360984375 0.5079807484375001 0.5379863421875 0.5055874593749999 0.5468093406250001 0.50525001875 0.5581430375 0.5099310218750001 0.5653591546875 0.5199889078125 0.5716444515625 0.531449053125 0.568896096875 0.5334839031249999 0.556886340625 0.540811346875 0.534596134375 0.543763440625 0.520707628125
4 0.5217694546875 0.7752468109375 0.5241522437499999 0.7591635812499999 0.520177621875 0.7510607546875 0.51373591875 0.749691528125 0.508928340625 0.752817071875 0.50420505 0.765292240625 0.505849671875 0.7770472390625 0.5172465265625 0.779469715625 0.5217694546875 0.7752468109375