3 0.3427734375 0.8173828125 0.369140625 0.833984375 0.388671875 0.837890625 0.4375 0.83984375 0.47119140625 0.8232421875 0.48974609375 0.8193359375 0.50390625 0.810546875 0.54833984375 0.8134765625 0.57177734375 0.8017578125 0.58740234375 0.798828125 0.5947265625 0.77734375 0.59228515625 0.7646484375 0.58642578125 0.7548828125 0.580078125 0.7529296875 0.5712890625 0.7275390625 0.5556640625 0.7158203125 0.52880859375 0.7099609375 0.521484375 0.716796875 0.5087890625 0.7412109375 0.49853515625 0.7373046875 0.486328125 0.71875 0.474609375 0.71484375 0.46484375 0.7294921875 0.45556640625 0.73828125 0.4365234375 0.7451171875 0.431640625 0.75 0.423828125 0.748046875 0.41943359375 0.759765625 0.4189453125 0.775390625 0.41455078125 0.7919921875 0.40771484375 0.80078125 0.400390625 0.7939453125 0.3984375 0.7880859375 0.39306640625 0.78515625 0.376953125 0.8037109375 0.369140625 0.806640625 0.35693359375 0.8037109375 0.345703125 0.7939453125 0.33984375 0.794921875 0.3310546875 0.7880859375 0.322265625 0.7890625 0.31494140625 0.7998046875 0.314453125 0.8056640625 0.3203125 0.810546875 0.34130859375 0.8134765625 0.3427734375 0.8173828125
3 0.15771484375 0.634765625 0.15869140625 0.6220703125 0.1552734375 0.607421875 0.15234375 0.6025390625 0.14306640625 0.6015625 0.1357421875 0.609375 0.1318359375 0.6181640625 0.1298828125 0.62890625 0.13037109375 0.6416015625 0.14208984375 0.6611328125 0.1455078125 0.6611328125 0.15771484375 0.634765625
4 0.34130859375 0.6435546875 0.34619140625 0.640625 0.3544921875 0.6201171875 0.359375 0.6142578125 0.36083984375 0.6064453125 0.3544921875 0.5947265625 0.3544921875 0.5888671875 0.34814453125 0.5830078125 0.349609375 0.580078125 0.337890625 0.580078125 0.33349609375 0.587890625 0.33203125 0.611328125 0.33056640625 0.6142578125 0.3330078125 0.6279296875 0.34130859375 0.6435546875
4 0.5244140625 0.6376953125 0.53369140625 0.634765625 0.53759765625 0.626953125 0.54150390625 0.6083984375 0.541015625 0.5986328125 0.53759765625 0.5869140625 0.53173828125 0.5791015625 0.521484375 0.5810546875 0.513671875 0.5947265625 0.51123046875 0.603515625 0.5107421875 0.6162109375 0.5126953125 0.6259765625 0.515625 0.6318359375 0.5244140625 0.6376953125
3 0.576171875 0.6923828125 0.58203125 0.6767578125 0.58203125 0.6572265625 0.5771484375 0.650390625 0.5693359375 0.6513671875 0.56005859375 0.6728515625 0.5615234375 0.69140625 0.56591796875 0.697265625 0.572265625 0.697265625 0.576171875 0.6923828125
4 0.64208984375 0.2666015625 0.634765625 0.2685546875 0.63134765625 0.2744140625 0.630859375 0.2822265625 0.6376953125 0.29296875 0.642578125 0.287109375 0.64208984375 0.2666015625
4 0.6396484375 0.5361328125 0.638671875 0.517578125 0.62890625 0.5146484375 0.62548828125 0.5185546875 0.6259765625 0.5439453125 0.6298828125 0.5498046875 0.634765625 0.5498046875 0.6396484375 0.5361328125
4 0.46337890625 0.4013671875 0.4619140625 0.3974609375 0.455078125 0.3955078125 0.4501953125 0.3984375 0.4482421875 0.4033203125 0.45068359375 0.4208984375 0.4580078125 0.4228515625 0.462890625 0.4189453125 0.46337890625 0.4013671875
4 0.6201171875 0.58203125 0.6220703125 0.56640625 0.619140625 0.560546875 0.61083984375 0.560546875 0.607421875 0.5654296875 0.607421875 0.580078125 0.609375 0.5849609375 0.61474609375 0.5888671875 0.6201171875 0.58203125
4 0.7421875 0.6318359375 0.74169921875 0.626953125 0.7373046875 0.6220703125 0.7314453125 0.6220703125 0.72509765625 0.6298828125 0.72412109375 0.6435546875 0.73193359375 0.6572265625 0.740234375 0.640625 0.7421875 0.6318359375
4 0.4697265625 0.4599609375 0.470703125 0.4697265625 0.478515625 0.4658203125 0.48193359375 0.4716796875 0.48681640625 0.47265625 0.498046875 0.4599609375 0.509765625 0.4619140625 0.51171875 0.458984375 0.51025390625 0.451171875 0.50390625 0.4462890625 0.4921875 0.4443359375 0.48583984375 0.4501953125 0.48046875 0.435546875 0.47802734375 0.43359375 0.47412109375 0.4375 0.470703125 0.4365234375 0.46875 0.4248046875 0.46728515625 0.421875 0.46533203125 0.423828125 0.46435546875 0.4345703125 0.4658203125 0.4384765625 0.4658203125 0.4501953125 0.4697265625 0.4599609375