3 0.40990487968749995 0.8116311265625 0.45762002500000004 0.8224474718750001 0.4850682375 0.8137588093750001 0.5025278046875 0.813265125 0.5141686 0.7912094546875 0.513701246875 0.777013065625 0.5090212203125 0.7654084625 0.5024685328125 0.7621979453125001 0.4972948203125 0.733133775 0.48235297499999996 0.7177311890625 0.45421690000000003 0.70675685625 0.4450938265625 0.7129162546875001 0.42712085312500003 0.7372280156250001 0.41666485625 0.7312266046875 0.40660707812499997 0.7089932234375 0.3945614546875 0.702740040625 0.3814462171875 0.7169578328124999 0.3698679453125 0.7249010375 0.34802785625 0.7290462578125 0.3418898578125 0.7335057734375 0.33374754218749997 0.7300434874999999 0.3269644828125 0.7420051875 0.3237490375 0.7588772875 0.3161267375 0.77613774375 0.30719784375 0.7845005703125 0.3004246453125 0.7758234484375001 0.29931223125 0.7691292437499999 0.29398714375 0.765026825 0.27331212968749996 0.782392609375 0.2643305734375 0.784229078125 0.251587225 0.7789517218750001 0.241078565625 0.766423953125 0.23455220781250002 0.766476615625 0.22618938281249998 0.757547721875 0.2164837703125 0.7570968421875001 0.20668930625 0.767495246875 0.20515234062499998 0.7737698296875 0.21067160937499999 0.7800756765625 0.2329527203125 0.786863665625 0.23387095468750002 0.79135444375 0.2596308265625 0.8139021171874999 0.2801544609375 0.8214980875 0.3328063375 0.8320099953125 0.3722211796875 0.81978498125 0.39302785 0.8187350906249999 0.40990487968749995 0.8116311265625
3 0.039205665625000004 0.538909953125 0.03523983125 0.550231521875 0.033587682812500005 0.5640922140625 0.042947735937499995 0.5873014203125 0.0466568671875 0.5878888890625 0.0644356609375 0.5613737015625 0.0676774375 0.5477647812499999 0.066486028125 0.5312810421874999 0.064146015625 0.5254787390625 0.0542462234375 0.52282443125 0.044955304687499996 0.53004358125 0.039205665625000004 0.538909953125
4 0.2858644359375 0.545386784375 0.279983140625 0.5379372640625 0.2820763125 0.53500978125 0.269359296875 0.532995603125 0.26324762968750004 0.5407182984375 0.257629646875 0.5659005609375 0.255536475 0.56882804375 0.2558359796875 0.584084184375 0.262158296875 0.602466915625 0.26796059687499996 0.6001269015624999 0.2804932953125 0.5792988296875 0.28679914218749997 0.5737795640625001 0.2897315546875 0.5655533234375001 0.28485734687500003 0.55174529375 0.2858644359375 0.545386784375
4 0.479887803125 0.5652537078125001 0.46842471718749995 0.5656108046874999 0.45759683281249997 0.5791045390625 0.453436821875 0.5882226828125 0.45072491875000004 0.6019155265625 0.451165940625 0.6128487375 0.4533381046875 0.619710790625 0.46186878125 0.6275799328125 0.4724399640625 0.625995234375 0.47802175468749997 0.618188615625 0.4854498734375 0.59872473125 0.48659848125 0.58804329375 0.484903528125 0.5747388078125 0.479887803125 0.5652537078125001
3 0.4929076859375 0.6922444921875 0.4966694796875 0.699358315625 0.503557865625 0.700449328125 0.5086361109374999 0.6958219640625 0.5176801890625 0.6798730296875 0.5210371515625 0.6586780015625 0.5169133328125 0.6504205015625 0.5082674734375 0.6501374671875 0.494507175 0.671857440625 0.4929076859375 0.6922444921875
4 0.653351121875 0.24510008593750002 0.6450672890625 0.24596072812499997 0.6403510703124999 0.25173176875 0.638478409375 0.26012585625 0.6440503390625001 0.272958059375 0.6503561859375 0.267438790625 0.653351121875 0.24510008593750002
4 0.5967270250000001 0.5511691421875 0.60437565625 0.5371718624999999 0.6065050203125 0.5168687375000001 0.59641105 0.5120110015625 0.5920305265625 0.5156625390625 0.5881963515625 0.5433000015625 0.59142826875 0.5503299015625001 0.5967270250000001 0.5511691421875
4 0.4267322734375 0.3830209421875 0.432702421875 0.37962117812499996 0.43625356562500006 0.3606295765625 0.43533532968750005 0.3561387984375 0.42825276562500003 0.3528443578125 0.422450465625 0.35518437187499996 0.41949172187499995 0.3601474328125 0.4191198328125 0.379642578125 0.4267322734375 0.3830209421875
4 0.5631309546875001 0.5849561421875 0.5682881953125001 0.5901183125 0.5752917640625 0.5836232171875 0.5800968390625 0.5670028921875 0.5779246734375 0.5601408375 0.5689167859375 0.558714128125 0.564368415625 0.56342541875 0.5618506937500001 0.5793216906249999 0.5631309546875001 0.5849561421875
4 0.6837089984375 0.684442690625 0.6955703046874999 0.667853625 0.6992004390625 0.658651559375 0.6995098046875 0.6532688765625 0.6955801640625 0.6472148046874999 0.6892216546875 0.646207715625 0.6809904859375 0.6535947140625 0.677580859375 0.6682633859375 0.6837089984375 0.684442690625
4 0.4761851734375 0.43430695156250004 0.4788082203125 0.43146339375 0.47856137812500005 0.422733609375 0.472512234375 0.416343840625 0.4601309140625 0.412210159375 0.452235440625 0.4174776546875 0.44892452968749996 0.40065821875 0.44661084687499997 0.3981190953125 0.44170045 0.40168670781250004 0.43815916875000005 0.40003948906250003 0.43805384218750004 0.386986775 0.436967759375 0.3835557484375 0.43451256093749996 0.3853395546875 0.4316064796875 0.396828971875 0.4325247140625 0.40131975000000003 0.4305105359375 0.41403676875000006 0.43307106093750003 0.425305675 0.43245233125000004 0.4360710375 0.4416017359375 0.43317481718749995 0.444303775 0.44012079374999996 0.44943468593749997 0.4420197859375 0.46380385156250004 0.43017327187500004 0.4761851734375 0.43430695156250004