3 0.8107791140625 0.54723345 0.8206817 0.5035492500000001 0.8127270515625 0.4784198453125 0.8122750734374999 0.4624352515625 0.7920826515625 0.4517778625 0.7790855640625 0.452205734375 0.7684613109375 0.45649039687500004 0.7655220171875 0.4624895171875 0.7389131703125 0.46722615625 0.724811784375 0.48090572500000006 0.7147645546875 0.5066648812500001 0.7204036125 0.5150172421875 0.74266153125 0.5314718703125 0.7371671156249999 0.5410445515625 0.7168119984375 0.5502526546875 0.7110870796875 0.561280671875 0.7241037593749999 0.5732879421875 0.7313759281250001 0.5838880890625 0.7351709625 0.603883140625 0.73925374375 0.60950260625 0.7360839484375 0.6169570625 0.74703513125 0.62316709375 0.7624818859375 0.6261109015625 0.778284190625 0.633089275 0.7859405296875 0.641263859375 0.777996446875 0.6474648625 0.7718677640625 0.6484833015625 0.768111915625 0.6533585296875 0.784010646875 0.67228693125 0.7856919734375001 0.6805097296875 0.7808604453125 0.692176528125 0.7693910140625 0.7017974234375 0.769439228125 0.7077724375 0.7612646421875 0.7154287765625 0.7608518515625 0.724314465625 0.7703718046875 0.7332815 0.776116315625 0.734688621875 0.7818894484375 0.7296356187499999 0.7881039921874999 0.709236803125 0.7922153921875 0.7083961390625 0.8128582546875001 0.6848124453125 0.81981251875 0.6660226328125 0.829436390625 0.6178187562499999 0.8182441375 0.5817336531249999 0.8172829406250001 0.56268471875 0.8107791140625 0.54723345
3 0.561097253125 0.8866162281250001 0.571462384375 0.8902470296875 0.584152134375 0.89175960625 0.605400640625 0.8831902843749999 0.60593848125 0.8797944984375 0.5816632796875 0.863517646875 0.5692040328125 0.8605497328125 0.554112828125 0.8616404921875 0.5488007015624999 0.863782821875 0.546370628125 0.872846284375 0.5529799078125001 0.8813523156249999 0.561097253125 0.8866162281250001
4 0.5670269265625001 0.660795034375 0.5602067359375 0.66617948125 0.557526565625 0.6642631390625 0.5556825437499999 0.6759058312499999 0.56275283125 0.6815011875 0.5858077109375001 0.6866445671875 0.5884878828125 0.6885609078125 0.60245519375 0.68828670625 0.6192849640625 0.6824984953125 0.6171426328125 0.6771863671875 0.5980741046875 0.6657124249999999 0.5930211015625 0.6599392921875 0.5854898093750001 0.6572546078125 0.5728482734375 0.6617170453125001 0.5670269265625001 0.660795034375
4 0.5852155046874999 0.4831626390625 0.585542434375 0.49365733125 0.597896228125 0.503570484375 0.606244075 0.507379059375 0.6187801562499999 0.5098618625 0.6287897375 0.509458096875 0.6350720875 0.507469434375 0.6422764484375 0.4996594265625 0.6408256265625 0.489981290625 0.63367850625 0.4848710453125 0.6158589171875 0.47807044843749996 0.606079840625 0.47701887656249997 0.593899309375 0.478570640625 0.5852155046874999 0.4831626390625
3 0.7014781859375 0.47124266718749996 0.7079910390624999 0.46779866875 0.708989884375 0.4614922109375 0.7047534375 0.4568429703125 0.690151859375 0.44856292968749994 0.6707473734375 0.4454895609375 0.6631874609375 0.4492650046875 0.6629283375 0.45718046718750005 0.6828134218749999 0.469778303125 0.7014781859375 0.47124266718749996
4 0.2921082609375 0.32435339375 0.2928961953125 0.3319374140625 0.2981797015625 0.33625520937500003 0.3058646625 0.3379696671875 0.3176128078125 0.3328684515625 0.3125598046875 0.32709531875 0.2921082609375 0.32435339375
4 0.5723207953125 0.376193921875 0.559505996875 0.3691914421875 0.5409180671875 0.367241965625 0.536470709375 0.3764832046875 0.5398137671875001 0.3804936625 0.5651164343749999 0.3840039296875 0.571552453125 0.38104504375000003 0.5723207953125 0.376193921875
4 0.41837764999999993 0.5318276234375 0.41526509375 0.5263618296875 0.397877890625 0.5231106859375 0.39376649218750004 0.523951346875 0.3907503625 0.53043558125 0.39289269375 0.5357477078125 0.3974364796875 0.5384564984375 0.41528468749999997 0.5387969703125 0.41837764999999993 0.5318276234375
4 0.603253490625 0.4069518171875 0.6079795640625 0.40223025625000003 0.6020331703124999 0.39581834531250004 0.5868169187500001 0.3914192015625 0.5805345671875 0.3934078640625 0.579228384375 0.4016547703125 0.5835416671875 0.40581889687499995 0.59809503125 0.40812392343750004 0.603253490625 0.4069518171875
4 0.694335478125 0.29656013125 0.6791478453125 0.28570086093749997 0.6707231640625 0.28237739687499996 0.6657952093749999 0.2820941671875 0.6602525781249999 0.285691834375 0.65933056875 0.2915131796875 0.66609351875 0.29904898593749996 0.6795229890625001 0.3021705671875 0.694335478125 0.29656013125
4 0.4653310484375 0.48655247343749997 0.4627277125 0.48415101875 0.454735415625 0.484377009375 0.44888544843749995 0.489915125 0.44510097968749995 0.5012504796874999 0.4499234796875 0.5084789484375001 0.4345249390625 0.5115101546874999 0.43220031875 0.5136283781250001 0.43546654218749997 0.51812395 0.433958478125 0.521366065625 0.42200845 0.52146249375 0.41886727500000004 0.522456825 0.4205003859375 0.5247046109375 0.4310191859375 0.5273651874999999 0.4351305859375 0.526524525 0.4467732765625 0.528368546875 0.45709019375000004 0.5260243328125 0.46694610625 0.5265907921874999 0.46429455468749997 0.518214325 0.470653740625 0.5157405515625 0.47239230781249997 0.511043096875 0.461546578125 0.497887828125 0.4653310484375 0.48655247343749997