4 0.1953125 0.544921875 0.20458984375 0.537109375 0.20458984375 0.5166015625 0.20166015625 0.5126953125 0.18505859375 0.5126953125 0.18359375 0.517578125 0.18310546875 0.5283203125 0.18603515625 0.5400390625 0.189453125 0.544921875 0.1953125 0.544921875
4 0.19287109375 0.58984375 0.19921875 0.548828125 0.19140625 0.5458984375 0.18505859375 0.5478515625 0.17919921875 0.5732421875 0.17919921875 0.595703125 0.18359375 0.6025390625 0.189453125 0.599609375 0.19287109375 0.58984375
4 0.294921875 0.6044921875 0.2978515625 0.6015625 0.306640625 0.5751953125 0.30517578125 0.53515625 0.3017578125 0.5166015625 0.29638671875 0.513671875 0.28076171875 0.5166015625 0.27880859375 0.5224609375 0.2783203125 0.5517578125 0.2744140625 0.5595703125 0.275390625 0.5908203125 0.2783203125 0.5966796875 0.28759765625 0.603515625 0.294921875 0.6044921875
4 0.33740234375 0.5966796875 0.337890625 0.5771484375 0.3330078125 0.5625 0.326171875 0.556640625 0.318359375 0.556640625 0.31591796875 0.5595703125 0.31640625 0.5634765625 0.314453125 0.5673828125 0.31396484375 0.5771484375 0.31787109375 0.6044921875 0.330078125 0.60546875 0.33740234375 0.5966796875
4 0.3583984375 0.4931640625 0.35595703125 0.498046875 0.35986328125 0.5068359375 0.357421875 0.515625 0.357421875 0.529296875 0.35400390625 0.5517578125 0.35546875 0.572265625 0.365234375 0.58984375 0.37646484375 0.587890625 0.38330078125 0.580078125 0.38427734375 0.564453125 0.38232421875 0.5595703125 0.3818359375 0.529296875 0.38671875 0.521484375 0.38720703125 0.5166015625 0.38427734375 0.5087890625 0.37890625 0.5048828125 0.38134765625 0.5 0.38623046875 0.498046875 0.38623046875 0.4931640625 0.3896484375 0.486328125 0.38818359375 0.482421875 0.3896484375 0.4697265625 0.3876953125 0.4658203125 0.39013671875 0.462890625 0.38671875 0.45703125 0.39013671875 0.447265625 0.38671875 0.44140625 0.38623046875 0.4345703125 0.37744140625 0.4208984375 0.36572265625 0.4150390625 0.35693359375 0.4169921875 0.34716796875 0.443359375 0.3466796875 0.458984375 0.3515625 0.47265625 0.35791015625 0.482421875 0.3583984375 0.4931640625
4 0.41650390625 0.5634765625 0.42138671875 0.55859375 0.4248046875 0.5498046875 0.42822265625 0.5068359375 0.41845703125 0.5048828125 0.40234375 0.509765625 0.4013671875 0.533203125 0.40380859375 0.55078125 0.412109375 0.5634765625 0.41650390625 0.5634765625
4 0.46337890625 0.607421875 0.46728515625 0.6142578125 0.46630859375 0.619140625 0.47119140625 0.6240234375 0.478515625 0.6220703125 0.48681640625 0.6025390625 0.49462890625 0.572265625 0.49755859375 0.5654296875 0.50146484375 0.56640625 0.5 0.5595703125 0.5048828125 0.5517578125 0.50537109375 0.541015625 0.51318359375 0.51953125 0.513671875 0.5048828125 0.5048828125 0.501953125 0.48828125 0.505859375 0.48681640625 0.5185546875 0.47705078125 0.5283203125 0.4794921875 0.533203125 0.47119140625 0.5546875 0.4658203125 0.5546875 0.462890625 0.5595703125 0.46533203125 0.564453125 0.4619140625 0.5751953125 0.46337890625 0.5810546875 0.46142578125 0.5908203125 0.46337890625 0.5947265625 0.46337890625 0.607421875
4 0.431640625 0.603515625 0.4326171875 0.623046875 0.4365234375 0.630859375 0.43603515625 0.634765625 0.43994140625 0.642578125 0.447265625 0.642578125 0.44970703125 0.6220703125 0.45166015625 0.619140625 0.455078125 0.6240234375 0.45556640625 0.61328125 0.4521484375 0.611328125 0.45458984375 0.6064453125 0.45068359375 0.6103515625 0.44921875 0.607421875 0.45068359375 0.603515625 0.4482421875 0.599609375 0.447265625 0.580078125 0.44873046875 0.576171875 0.44873046875 0.556640625 0.44482421875 0.541015625 0.439453125 0.5341796875 0.42626953125 0.5380859375 0.42236328125 0.544921875 0.41650390625 0.5673828125 0.41552734375 0.5751953125 0.419921875 0.5849609375 0.423828125 0.5859375 0.431640625 0.603515625
4 0.5185546875 0.6015625 0.5166015625 0.638671875 0.51904296875 0.6533203125 0.52490234375 0.66015625 0.529296875 0.673828125 0.53369140625 0.677734375 0.53759765625 0.6787109375 0.54833984375 0.6728515625 0.55908203125 0.6435546875 0.55810546875 0.6337890625 0.5595703125 0.626953125 0.55517578125 0.607421875 0.55029296875 0.595703125 0.55126953125 0.572265625 0.54833984375 0.548828125 0.54833984375 0.513671875 0.544921875 0.5068359375 0.537109375 0.5029296875 0.521484375 0.5029296875 0.51708984375 0.513671875 0.51806640625 0.517578125 0.513671875 0.5244140625 0.5146484375 0.537109375 0.51318359375 0.541015625 0.5146484375 0.544921875 0.51171875 0.5517578125 0.51318359375 0.55859375 0.5107421875 0.5673828125 0.51171875 0.580078125 0.5185546875 0.6015625
4 0.57861328125 0.583984375 0.5859375 0.578125 0.59130859375 0.5625 0.59521484375 0.55859375 0.60791015625 0.5185546875 0.6044921875 0.505859375 0.583984375 0.501953125 0.5556640625 0.505859375 0.55029296875 0.515625 0.5498046875 0.5595703125 0.552734375 0.5712890625 0.56005859375 0.580078125 0.57861328125 0.583984375
4 0.58544921875 0.6650390625 0.59326171875 0.6376953125 0.59375 0.62109375 0.58935546875 0.5986328125 0.5859375 0.5947265625 0.578125 0.59765625 0.56884765625 0.6181640625 0.56103515625 0.64453125 0.56103515625 0.65234375 0.568359375 0.666015625 0.58154296875 0.66796875 0.58544921875 0.6650390625
4 0.63427734375 0.583984375 0.6455078125 0.5927734375 0.65478515625 0.591796875 0.66162109375 0.5859375 0.673828125 0.5673828125 0.67431640625 0.517578125 0.6708984375 0.4931640625 0.65771484375 0.4912109375 0.63623046875 0.498046875 0.63525390625 0.533203125 0.63134765625 0.5556640625 0.63134765625 0.5751953125 0.63427734375 0.583984375
4 0.62158203125 0.4052734375 0.62548828125 0.427734375 0.63330078125 0.4560546875 0.64013671875 0.46875 0.67431640625 0.4677734375 0.7001953125 0.4619140625 0.70703125 0.455078125 0.70703125 0.4501953125 0.71240234375 0.443359375 0.7080078125 0.423828125 0.70166015625 0.4111328125 0.6943359375 0.3876953125 0.66162109375 0.337890625 0.65087890625 0.3330078125 0.64453125 0.3359375 0.642578125 0.3408203125 0.6376953125 0.3369140625 0.6337890625 0.341796875 0.63525390625 0.345703125 0.6318359375 0.3515625 0.62158203125 0.3603515625 0.623046875 0.3642578125 0.62060546875 0.3740234375 0.61474609375 0.3662109375 0.615234375 0.3603515625 0.61376953125 0.3603515625 0.61376953125 0.3642578125 0.611328125 0.36328125 0.6142578125 0.3720703125 0.611328125 0.3779296875 0.615234375 0.392578125 0.62158203125 0.4052734375
4 0.587890625 0.3056640625 0.59326171875 0.3017578125 0.5966796875 0.2939453125 0.59814453125 0.2822265625 0.595703125 0.2763671875 0.595703125 0.267578125 0.591796875 0.26171875 0.5791015625 0.259765625 0.57666015625 0.2548828125 0.57275390625 0.2548828125 0.568359375 0.2568359375 0.5654296875 0.263671875 0.5654296875 0.2802734375 0.568359375 0.2998046875 0.5751953125 0.3056640625 0.587890625 0.3056640625
4 0.78271484375 0.3876953125 0.7841796875 0.3740234375 0.783203125 0.357421875 0.7763671875 0.3388671875 0.7734375 0.3359375 0.748046875 0.3359375 0.7431640625 0.3447265625 0.7431640625 0.3515625 0.76416015625 0.390625 0.77294921875 0.3974609375 0.78271484375 0.3876953125
4 0.806640625 0.578125 0.81298828125 0.5673828125 0.8232421875 0.541015625 0.8203125 0.521484375 0.81787109375 0.517578125 0.8134765625 0.5185546875 0.80322265625 0.533203125 0.796875 0.5615234375 0.79541015625 0.5751953125 0.79736328125 0.5771484375 0.79833984375 0.5849609375 0.806640625 0.578125