4 0.91174786875 0.5684382875 0.9141864234374999 0.56446905 0.873430009375 0.504438459375 0.861405640625 0.5044321093749999 0.858266659375 0.5104313578124999 0.8528194265625 0.5726935265625 0.9068190156249999 0.58891998125 0.9096856343749999 0.5860338406250001 0.91174786875 0.5684382875
4 0.837538475 0.5023440031249999 0.8398081562499999 0.47640143281249997 0.83629285625 0.46877436406250006 0.8282635953125 0.46493495781250005 0.8214277390625 0.46538254375 0.815694503125 0.471154825 0.812555521875 0.4771540734375 0.8103117140625 0.4968250328125 0.812335375 0.509549828125 0.8247619359374999 0.5169108859375 0.8327521546875 0.5092447734375 0.837538475 0.5023440031249999
4 0.811050240625 0.42264880312499997 0.8108037515625 0.4194903015625 0.806523109375 0.40865933749999994 0.804953384375 0.3907460265625 0.7961587812500001 0.38370272499999997 0.787558925 0.392361146875 0.782202009375 0.4117597453125 0.7825265859375 0.437929284375 0.7935132515625 0.437844846875 0.7973009140625 0.44235880625 0.8021521500000001 0.4406919421875 0.811050240625 0.42264880312499997
4 0.842894921875 0.44111953593750003 0.8399892609374999 0.43250015937499997 0.82721225 0.4052411734375 0.823761865625 0.40284801249999996 0.81800275625 0.41489190468750003 0.8172505859375001 0.4294651375 0.8237623359375 0.44467388124999996 0.8408844312499999 0.44617187031250005 0.842894921875 0.44111953593750003
4 0.734674184375 0.3155847796875 0.7356079296875 0.2989361421875 0.7259571984375001 0.289726646875 0.7179020656249999 0.2921588515625 0.71205216875 0.3052404453125 0.709652659375 0.3207152 0.711274128125 0.3260852890625 0.7161902796875 0.3296523328125 0.7296155015625 0.325598659375 0.734674184375 0.3155847796875
4 0.6624004890624999 0.5142082015625 0.6633342343749999 0.49755956250000005 0.65300895 0.48410846875 0.638909175 0.48392054531250006 0.6262883390625 0.5026836328125001 0.6240962734375 0.5098113703125 0.6225011453125 0.539995540625 0.6274172984375 0.5435625859375001 0.6530225921875 0.5437114656250001 0.6567712109375 0.536719909375 0.658288721875 0.5253505703125 0.6624004890624999 0.5142082015625
4 0.631593040625 0.4540023875 0.6330715078125 0.43112753281250005 0.63125529375 0.4100557203125 0.6211506265625 0.4060347390625 0.6083740875 0.42060162187500005 0.5928344171875 0.412968203125 0.5902142875 0.41901284531250005 0.5907980546875 0.42429214843749996 0.5877239890625 0.43552530312500004 0.5909928015625 0.4399938703125 0.5888915234375001 0.44608390625 0.591330078125 0.4421146703125 0.59200463125 0.44635626874999995 0.5971931453125 0.4468102046875 0.60336761875 0.4598981484375 0.6013961703125 0.47645600000000005 0.603017640625 0.4818260890625 0.619711671875 0.48224098125000003 0.627883465625 0.4724994640625 0.628882125 0.46108473281249995 0.631593040625 0.4540023875
4 0.5897993953125 0.435706878125 0.588605990625 0.43141988593749997 0.5803302390625 0.4244219765625 0.56760544375 0.4264456390625 0.5622094828125 0.43433872031250004 0.5582534171875 0.44967729375000004 0.56278055 0.463666759375 0.5669962765625 0.4692638171875 0.571237875 0.4685892625 0.58001930625 0.45785543593750005 0.586413925 0.438547625 0.5897993953125 0.435706878125
4 0.49678105156249996 0.3156847421875 0.49923230625 0.287666765625 0.499167390625 0.2824328578125 0.4940696640625 0.2809412203125 0.4814097828125 0.2881987890625 0.47650680312500004 0.302408871875 0.47893265781250005 0.322488375 0.48644306718749997 0.3262823875 0.49678105156249996 0.3156847421875
4 0.49631394375 0.30309612812500003 0.4962099859375 0.28635670156250004 0.48876449062500005 0.2877965953125 0.48657242656250005 0.294924334375 0.4863259375 0.2917658328125 0.48303125312499995 0.2935688765625 0.48230495624999997 0.30187050000000004 0.4854439359375 0.2958712515625 0.48697461875 0.3022790421875 0.49124208906250005 0.29533287812500003 0.49225391875 0.30169527500000004 0.49631394375 0.30309612812500003
4 0.49327939218749994 0.36766066875000003 0.495951265625 0.34907280625000003 0.490788621875 0.342347259375 0.47641648593749997 0.34527244375 0.4715135046875 0.3594825265625 0.4773248296875 0.3767212828125 0.48779264375000003 0.3765914515625 0.49327939218749994 0.36766066875000003
4 0.31370694375 0.5318011703125001 0.31269511250000004 0.5254387734375 0.307350896875 0.5207886312500001 0.28738805312500004 0.515905171875 0.2840025828125 0.51874591875 0.2832762859375 0.527047540625 0.2873236078125 0.55249713125 0.2966370625 0.5595858265625 0.30530183437499997 0.5561613140625 0.30999736875 0.550298246875 0.31370694375 0.5318011703125001
4 0.31487588906249997 0.6678373750000001 0.317482846875 0.6440156046875 0.312553521875 0.6226714328125 0.30314928281250003 0.6166204390625001 0.2983888328125 0.6172495984374999 0.2952498515625 0.6232488484375 0.2925130640625 0.6366028046875 0.29121617187500004 0.657402253125 0.29412183281250004 0.66602163125 0.31139963125 0.6717158249999999 0.31487588906249997 0.6678373750000001
4 0.312944425 0.77955248125 0.3151882359375 0.7598815203125 0.30139939375 0.7262601375 0.2937981984375 0.7235038281249999 0.28513342656249996 0.7269283421875 0.276351996875 0.73766216875 0.266092096875 0.77127085 0.26841399374999997 0.7746109265625 0.28208570312500003 0.77371575625 0.30245073906250003 0.785953921875 0.3088585296875 0.7844232390625 0.312944425 0.77955248125
4 0.523715696875 0.8743247109375 0.5159583265625 0.8255463296875 0.5115219843750001 0.810519159375 0.507371171875 0.8101560093750001 0.5023383609375001 0.8138982796875001 0.4994199984375 0.829327640625 0.4922859078125 0.8391599453125 0.48098783593750005 0.830851971875 0.47613659999999997 0.832518834375 0.47349059843749997 0.8448350874999999 0.4762537296875 0.8670353890625 0.4751901546875 0.8732162125 0.5176451828124999 0.8779761921875 0.523715696875 0.8743247109375
4 0.7563144765625001 0.6897279171874999 0.7564311359375 0.6824186046875 0.7519557484375 0.655885915625 0.7478308078125 0.64925115625 0.7431611453125 0.6488426140625 0.7385564 0.6536679796875 0.7344446312499999 0.6648103484375001 0.73338105625 0.670991171875 0.734885865625 0.6836705734375 0.7407230609375001 0.6946377203125 0.7478961953125001 0.6963109328125 0.7545763484375 0.6916671421875 0.7563144765625001 0.6897279171874999
4 0.765083678125 0.744868696875 0.76665293125 0.7209561390625 0.7648108437500001 0.7061559390625 0.7549526671875 0.705293459375 0.751904475 0.7102550046875 0.750659325 0.718511234375 0.75228079375 0.7238813234375 0.7519566890625 0.739537653125 0.7556535656250001 0.745089315625 0.765083678125 0.744868696875
4 0.83241581875 0.590775709375 0.833414478125 0.5793609796875 0.8252295140625 0.5713253671875 0.8007527109374999 0.5702295703125 0.7989887109375 0.5784404046875 0.79997466875 0.5910744140624999 0.798054965625 0.59508904375 0.7940857296875 0.592650490625 0.7838907453124999 0.6314930796875 0.783255234375 0.638757 0.7867705359375 0.6463840671875001 0.7871727296875 0.653738775 0.7952669046875 0.6628120890625 0.803568528125 0.6635383859374999 0.81076753125 0.6589399890625 0.8272926890625 0.6373815484375001 0.8318325218749999 0.6273222765625001 0.83319433125 0.611756734375 0.835114034375 0.607742103125 0.83241581875 0.590775709375