4 0.5193756609375 0.0789313359375 0.51540323125 0.0768576828125 0.46053380937500005 0.1199948265625 0.46133455625 0.1315336046875 0.46730194531249997 0.1341431578125 0.5274130296874999 0.1351924 0.5393602265624999 0.08228663750000001 0.5363983906249999 0.079729546875 0.5193756609375 0.0789313359375
4 0.46093234687500007 0.1545761875 0.43588606093750004 0.154139003125 0.4288031515625 0.158023996875 0.4256576984375 0.1659863453125 0.42654588125000004 0.1725158671875 0.4324695546875 0.17763004843750002 0.43843694375000003 0.1802396 0.4574633765625 0.1810727875 0.46953805624999995 0.17827708125 0.47576775624999995 0.1658588640625 0.4678753578125 0.1587060046875 0.46093234687500007 0.1545761875
4 0.386235746875 0.185341365625 0.3832214484375 0.1857898296875 0.373115496875 0.1906242125 0.3560315625 0.1933324796875 0.3498630671875 0.20224422031249997 0.3587485734375 0.2099154921875 0.3777225453125 0.21375423124999998 0.4028125484375 0.2116867859375 0.401994315625 0.201149859375 0.4060716703125 0.197212403125 0.4041466609375 0.1926690984375 0.386235746875 0.185341365625
4 0.4018231140625 0.15354443281250002 0.393747096875 0.1569110125 0.3684472453125 0.1710006734375 0.36638233593749997 0.174472178125 0.37832585937499996 0.17919035781249998 0.3923605234375 0.17893425624999998 0.4065175984375 0.17166519375 0.4068061390625 0.1551346453125 0.4018231140625 0.15354443281250002
4 0.288624046875 0.26581439218749997 0.2725856796875 0.26603551875 0.264395996875 0.275914134375 0.2672703953125 0.28348048124999997 0.2802157703125 0.28821615 0.295226053125 0.28948031093750004 0.300270284375 0.2875640453125 0.3033632765625 0.28260725 0.2985726109375 0.26999667031249996 0.288624046875 0.26581439218749997
4 0.4840688328125 0.3218391171875 0.46803046718749997 0.32206024375000003 0.45581588906250003 0.3328707609375 0.4565816609375 0.3464132421875 0.4754332203125 0.3572649421875 0.48241995 0.35889013125 0.5114911265625001 0.3583954140625 0.51458411875 0.35343861875 0.51300885625 0.328858284375 0.506048359375 0.32573031874999997 0.49503673593749997 0.32503703125 0.4840688328125 0.3218391171875
4 0.4283636921875 0.35544118281250003 0.40631421874999996 0.35555738593749997 0.38621598281249997 0.35871411875 0.38303555624999996 0.368680171875 0.397870965625 0.379962846875 0.391588803125 0.3953866203125 0.39756493593750003 0.39749524687500004 0.40259168125 0.3965808328125 0.4135770703125 0.398776896875 0.4176456828125 0.39534036562499997 0.4236305609375 0.3969480671875 0.41965812968750005 0.39487441562500003 0.42368302187499995 0.3939425125 0.423770459375 0.38893325624999997 0.4359150875 0.3821301453125 0.45193596718749995 0.38291086875 0.45698019843750004 0.380994603125 0.45625814531250003 0.3649474921875 0.44636204218750003 0.357759659375 0.4353416765625 0.3575672984375 0.4283636921875 0.35544118281250003
4 0.41361204531249995 0.39677319375 0.409578409375 0.3982060203125 0.40341865937500004 0.40661683281250005 0.4062143640625 0.4186915125 0.4141504828125 0.42333974375 0.429134534375 0.4261066828125 0.44225478437500004 0.42082383593749995 0.44734273281250003 0.416402940625 0.44641083125 0.4123780484375 0.435521621875 0.40467180156250004 0.41656513906250003 0.399831209375 0.41361204531249995 0.39677319375
4 0.304682696875 0.4940853328125 0.277632709375 0.49361317343750005 0.27261470781249997 0.49402666249999994 0.27152541874999997 0.49901843125 0.2793391265625 0.5106796218749999 0.2933038390625 0.514430925 0.31240896406249996 0.5107557796875 0.31554567499999997 0.50329435625 0.304682696875 0.4940853328125
4 0.2926342484375 0.49537825937499996 0.2765783953125 0.4966012390625 0.27845968593750003 0.5036491734374999 0.28544641406250004 0.5052743625 0.282432115625 0.5057228265625 0.28438335625 0.5087633546875 0.29239816875 0.5089032546875 0.28643077968749997 0.5062937015625 0.2924768609375 0.5043949234375 0.28552510781249996 0.5007660328125 0.291562446875 0.4993681796875 0.2926342484375 0.49537825937499996
4 0.354792753125 0.49395785 0.336776915625 0.492641225 0.33066962499999997 0.498046484375 0.334440953125 0.5116414265625 0.3484056671875 0.5153927296874999 0.3645577 0.50865956875 0.363730721875 0.49862356874999997 0.354792753125 0.49395785
4 0.5243481875 0.6552582 0.5183108484375001 0.6566560531250001 0.5142072625 0.6620962859375 0.510860703125 0.6815799265625 0.513813796875 0.6846379421875 0.5218286062499999 0.6847778421874999 0.545977965625 0.67918643125 0.552155203125 0.669773765625 0.548287696875 0.6616890062499999 0.5423465375000001 0.6575766749999999 0.5243481875 0.6552582
4 0.6548074625 0.6450084171875 0.6317736234375 0.64410528125 0.6116229265625 0.65026756875 0.606447540625 0.6596977203125001 0.6073706984375 0.6642235390625 0.6133380890625 0.666833090625 0.626335925 0.6685632046875 0.646381696875 0.6684120265625 0.6544577140625 0.6650454453125 0.6587624046875 0.648083921875 0.6548074625 0.6450084171875
4 0.762136715625 0.6393656812499999 0.7431102828125 0.638532496875 0.7117730921875001 0.654020009375 0.7096382343750001 0.6614989203125 0.7135057406249999 0.66958368125 0.72439495 0.677289928125 0.757333634375 0.6848799718749999 0.7603829078125 0.6824278046875001 0.758606540625 0.6693687609375 0.7689835453125 0.64900568125 0.7670847671875001 0.6429595984375001 0.762136715625 0.6393656812499999
4 0.8389354734375001 0.43075439375 0.7926492046875 0.4414712640625 0.77852710625 0.4467366234375 0.77845715625 0.45074402812500003 0.7823858687499999 0.45532230937499996 0.7973874078125001 0.4570873984375 0.8073009984375 0.4632733796875 0.8000869328125001 0.474672259375 0.8020119421875 0.479215565625 0.8140079281249999 0.480928190625 0.8351255015625 0.47678709531249996 0.841127865625 0.4773929453125 0.8428467 0.43633452500000003 0.8389354734375001 0.43075439375
4 0.6461924890625 0.21994362656250002 0.6391707859375 0.220322140625 0.6140108328125 0.226396990625 0.6079210296875 0.230800396875 0.6078423374999999 0.2353087296875 0.6127816453125 0.2394035703125 0.6237495484375 0.2426014875 0.6297519140625 0.2432073359375 0.641817846875 0.24091255781249998 0.6519500296875 0.234575396875 0.65307429375 0.2275799234375 0.6481699609375 0.22148137812500002 0.6461924890625 0.21994362656250002
4 0.6985160968749999 0.20782890156249997 0.675464771875 0.20792761875000002 0.6613863890625 0.2106883484375 0.6612202593750001 0.2202059375 0.6661857984374999 0.222798003125 0.674191865625 0.22343882656249997 0.679236096875 0.2215225609375 0.69428135625 0.22078302187499999 0.6993605625 0.2168630515625 0.6985160968749999 0.20782890156249997
4 0.546133434375 0.1535579859375 0.5351130671875 0.153365625 0.527951465625 0.16175895 0.5285423640625 0.1853199453125 0.5365396875 0.1864616953125 0.548596878125 0.18466784218750001 0.5525780546875 0.18624056875 0.5505044 0.1902129984375 0.5884610859375 0.197389553125 0.5954740468749999 0.1975119640625 0.60255695625 0.1936269703125 0.609587403125 0.19274753125 0.61775085625 0.18437169375 0.6178907546875 0.17635688124999999 0.612995165625 0.1697574125 0.591199259375 0.1553467703125 0.58124195 0.151665415625 0.5662141796875 0.1514031046875 0.56223300625 0.149830378125 0.546133434375 0.1535579859375