4 0.15185546875 0.509765625 0.15185546875 0.451171875 0.1494140625 0.4453125 0.13818359375 0.4443359375 0.09521484375 0.4970703125 0.09716796875 0.5009765625 0.09765625 0.517578125 0.10009765625 0.5205078125 0.15185546875 0.509765625
4 0.19482421875 0.4541015625 0.19775390625 0.4423828125 0.197265625 0.423828125 0.19482421875 0.41796875 0.18994140625 0.412109375 0.18359375 0.4111328125 0.17578125 0.4140625 0.171875 0.4208984375 0.171875 0.4453125 0.17578125 0.4521484375 0.1826171875 0.4599609375 0.19482421875 0.4541015625
4 0.21826171875 0.388671875 0.228515625 0.3896484375 0.23095703125 0.365234375 0.2275390625 0.3466796875 0.22021484375 0.337890625 0.21142578125 0.34375 0.20849609375 0.3603515625 0.20361328125 0.3701171875 0.203125 0.373046875 0.2099609375 0.390625 0.21435546875 0.392578125 0.21826171875 0.388671875
4 0.19677734375 0.37890625 0.197265625 0.365234375 0.19287109375 0.353515625 0.189453125 0.35546875 0.17529296875 0.3798828125 0.171875 0.3876953125 0.17333984375 0.392578125 0.189453125 0.392578125 0.19677734375 0.37890625
4 0.30419921875 0.291015625 0.30615234375 0.2861328125 0.30517578125 0.271484375 0.30078125 0.2587890625 0.29345703125 0.255859375 0.28369140625 0.263671875 0.283203125 0.279296875 0.287109375 0.2890625 0.29931640625 0.2939453125 0.30419921875 0.291015625
4 0.3408203125 0.4990234375 0.36474609375 0.5009765625 0.36962890625 0.498046875 0.37060546875 0.4697265625 0.369140625 0.462890625 0.35888671875 0.4443359375 0.345703125 0.443359375 0.3349609375 0.455078125 0.33447265625 0.470703125 0.33740234375 0.4814453125 0.337890625 0.4921875 0.3408203125 0.4990234375
4 0.376953125 0.4443359375 0.392578125 0.4453125 0.39453125 0.4404296875 0.39404296875 0.4248046875 0.40087890625 0.4130859375 0.40576171875 0.4130859375 0.40673828125 0.4091796875 0.40869140625 0.4130859375 0.4072265625 0.4072265625 0.41064453125 0.4033203125 0.40869140625 0.392578125 0.40966796875 0.3876953125 0.40771484375 0.3818359375 0.392578125 0.3876953125 0.3818359375 0.373046875 0.3720703125 0.3759765625 0.36865234375 0.3955078125 0.3681640625 0.4169921875 0.3701171875 0.423828125 0.3701171875 0.4345703125 0.376953125 0.4443359375
4 0.42333984375 0.435546875 0.42724609375 0.4365234375 0.431640625 0.431640625 0.43701171875 0.4189453125 0.4345703125 0.404296875 0.43017578125 0.396484375 0.41845703125 0.3935546875 0.41015625 0.3994140625 0.40869140625 0.4033203125 0.41162109375 0.40625 0.416015625 0.4248046875 0.42333984375 0.435546875
4 0.525390625 0.2880859375 0.52197265625 0.2744140625 0.5107421875 0.2666015625 0.505859375 0.267578125 0.50537109375 0.2724609375 0.50537109375 0.298828125 0.51416015625 0.3095703125 0.521484375 0.306640625 0.525390625 0.2880859375
4 0.515625 0.287109375 0.517578125 0.28125 0.52001953125 0.287109375 0.52001953125 0.279296875 0.51708984375 0.27734375 0.5166015625 0.2802734375 0.51513671875 0.2734375 0.50830078125 0.271484375 0.5068359375 0.287109375 0.5107421875 0.2861328125 0.51220703125 0.2802734375 0.515625 0.287109375
4 0.525390625 0.341796875 0.52197265625 0.328125 0.5087890625 0.32421875 0.50341796875 0.330078125 0.50439453125 0.34765625 0.5087890625 0.3564453125 0.5185546875 0.357421875 0.525390625 0.341796875
4 0.67236328125 0.54296875 0.681640625 0.537109375 0.6875 0.513671875 0.6875 0.505859375 0.6845703125 0.5029296875 0.66552734375 0.505859375 0.66015625 0.509765625 0.65869140625 0.515625 0.66064453125 0.533203125 0.66455078125 0.5390625 0.67236328125 0.54296875
4 0.66943359375 0.634765625 0.669921875 0.615234375 0.66845703125 0.6025390625 0.666015625 0.5966796875 0.66162109375 0.595703125 0.65234375 0.6005859375 0.64599609375 0.6201171875 0.646484375 0.642578125 0.6494140625 0.646484375 0.666015625 0.642578125 0.66943359375 0.634765625
4 0.66845703125 0.744140625 0.68115234375 0.74609375 0.68359375 0.7431640625 0.6767578125 0.7109375 0.66943359375 0.7001953125 0.66162109375 0.6962890625 0.654296875 0.6982421875 0.638671875 0.728515625 0.63916015625 0.7470703125 0.642578125 0.751953125 0.6484375 0.75390625 0.66845703125 0.744140625
4 0.4794921875 0.8154296875 0.48388671875 0.794921875 0.482421875 0.783203125 0.47802734375 0.78125 0.466796875 0.7880859375 0.4609375 0.7783203125 0.45947265625 0.763671875 0.455078125 0.759765625 0.451171875 0.759765625 0.44580078125 0.7734375 0.4345703125 0.818359375 0.43994140625 0.822265625 0.47998046875 0.8212890625 0.4794921875 0.8154296875
4 0.24658203125 0.6328125 0.2529296875 0.623046875 0.25537109375 0.611328125 0.2548828125 0.60546875 0.251953125 0.5947265625 0.248046875 0.58984375 0.24365234375 0.58984375 0.2392578125 0.595703125 0.23291015625 0.6201171875 0.232421875 0.626953125 0.23388671875 0.62890625 0.23974609375 0.6337890625 0.24658203125 0.6328125
4 0.2333984375 0.6591796875 0.2353515625 0.654296875 0.23486328125 0.646484375 0.232421875 0.6416015625 0.22314453125 0.6416015625 0.22021484375 0.6552734375 0.2197265625 0.677734375 0.228515625 0.6787109375 0.232421875 0.673828125 0.2333984375 0.6591796875
4 0.1669921875 0.5625 0.17041015625 0.572265625 0.18408203125 0.59375 0.1904296875 0.5986328125 0.1982421875 0.5986328125 0.20654296875 0.5908203125 0.20751953125 0.583984375 0.21142578125 0.5771484375 0.21142578125 0.5703125 0.205078125 0.533203125 0.201171875 0.53515625 0.19970703125 0.53125 0.20166015625 0.51953125 0.20068359375 0.51171875 0.177734375 0.5107421875 0.16943359375 0.517578125 0.16943359375 0.5283203125 0.16552734375 0.5439453125 0.1669921875 0.5478515625 0.1669921875 0.5625