0 0.6968330640625 0.82949418125 0.7091199687499999 0.8286619328124999 0.721046346875 0.8206380359375001 0.7202691203125 0.8166395546875 0.7121059375 0.8120019781250001 0.69552909375 0.8121120218750001 0.6894061312499999 0.8179704578125 0.6909605828125 0.8259674203125 0.6968330640625 0.82949418125
3 0.8365971468750001 0.61455925625 0.8525910703124999 0.611450353125 0.8618100484375001 0.60550880625 0.8612552171875001 0.5973175359375 0.840513671875 0.592012778125 0.8284210734374999 0.5938446453124999 0.8185910890624999 0.6019797390625 0.8213394671875 0.6107820171875 0.8365971468750001 0.61455925625
4 0.8594314265625 0.454512265625 0.8794238343749999 0.4506261359375 0.8612105812499999 0.42096996249999996 0.860891034375 0.42466294062500004 0.8533798375 0.42871644375000006 0.8466458671874999 0.436768428125 0.8493661593749999 0.45076311249999995 0.8594314265625 0.454512265625
4 0.34255498281249996 0.3838135671875 0.36025668906249997 0.37881661875 0.3738627609375 0.3740970875 0.39200925625 0.3607145640625 0.385512878125 0.3433043171875 0.37196298125 0.33763903125 0.365965259375 0.3388048703125 0.3262157296875 0.35846137968749997 0.3149975109375 0.36479153750000004 0.31097094375 0.370761171875 0.31323355625 0.3770643984375 0.32388174375 0.3838124140625 0.34255498281249996 0.3838135671875
4 0.3564478984375 0.455286421875 0.38843575 0.4490686140625 0.3972661140625 0.44112782656249994 0.411774653125 0.435714178125 0.4170923015625 0.43104966874999995 0.41685701875000003 0.41916542031250004 0.40430674218749996 0.4133058296875 0.39830902031250004 0.41447166874999997 0.35755987031249997 0.43432248281249997 0.3372198265625 0.4470939984375 0.3402877546875 0.45220329843749996 0.3564478984375 0.455286421875
3 0.44040216093750006 0.66304354375 0.4553964640625 0.6601289453125 0.467808609375 0.6546041015624999 0.468739165625 0.6487175765625001 0.4587019828125 0.6397760140625001 0.4462207734375 0.6396086421875 0.43761280312500006 0.643356640625 0.4249782640625 0.653074275 0.4250473296875 0.6587664921874999 0.44040216093750006 0.66304354375
3 0.477474684375 0.6029305 0.4915665234375 0.60071001875 0.5033266828125 0.5864940953125 0.49635742812499994 0.58266183125 0.4855559109375 0.5857988234375 0.469922509375 0.5960993765625 0.4706025828125 0.5995980484375 0.477474684375 0.6029305
4 0.40691102343749996 0.2826071984375 0.4279030515625 0.27852676249999997 0.43944081874999996 0.2685036265625 0.436303825 0.2577021078125 0.426335709375 0.254452765625 0.4073429234375 0.2581445890625 0.3953193921875 0.265668675 0.3947493609375 0.27874685 0.40691102343749996 0.2826071984375
4 0.380312196875 0.2525062375 0.3913080203125 0.250368865625 0.431737621875 0.23421103125 0.45417405781250003 0.22155071093749998 0.44626135937500006 0.2075279390625 0.440388878125 0.2040011796875 0.4253945734375 0.206915778125 0.416814690625 0.2054713671875 0.40581886718750004 0.20760873906250002 0.40130653125000004 0.2110793234375 0.37770425625000004 0.2177419203125 0.3723866078125 0.22240643124999998 0.36813764375 0.232568853125 0.37030310312500003 0.23837226875 0.3677619203125 0.24664664687500001 0.380312196875 0.2525062375
4 0.33013225625 0.3359148984375 0.3428358609375 0.331889484375 0.3558871015625 0.31897868281249997 0.35877591875000003 0.30181891875 0.3499326640625 0.2936826703125 0.3354522140625 0.2939039125 0.3298711921875 0.2918765828125 0.3235539234375 0.2967354 0.3009512671875 0.3032036890625 0.2911212828125 0.3113387828125 0.287066625 0.3225008265625 0.2885239234375 0.3299979796875 0.2964647109375 0.3388283421875 0.300754653125 0.3395505484375 0.33013225625 0.3359148984375
4 0.6848980203125 0.30378275625 0.6912843546875 0.3046161578125 0.6932145296875001 0.29853532656250004 0.68688436875 0.28731710781249997 0.6763052468749999 0.28626131093749996 0.6637549703125 0.2804017203125 0.6668790734375001 0.275126203125 0.6638111453125 0.27001690312500004 0.65464834375 0.26557363437500003 0.66377016875 0.25913227656250004 0.652094271875 0.257770978125 0.642389528125 0.2612134734375 0.6312274859375 0.2571588171875 0.6292001578125 0.2627398390625 0.622494275 0.2655994140625 0.6003083203124999 0.2688745359375 0.5753459000000001 0.268539790625 0.5342643125000001 0.2760065484375 0.5222407796875 0.2835306359375 0.49722218281249997 0.29358070468749997 0.4987485484375 0.3067700765625 0.5054954078125 0.314795128125 0.610023646875 0.318855553125 0.6386650015625001 0.3221060515625 0.6476615828125001 0.32035729218750003 0.6555333046875 0.3234954390625 0.6559500078125 0.32030227187500004 0.66336405 0.3157489578125 0.6703613921875 0.3143888125 0.6734854953125 0.3091132953125 0.6785807484374999 0.3086415734375 0.6848980203125 0.30378275625
4 0.6319545015625 0.3996585828125 0.6429503249999999 0.3975212125 0.6444918890625 0.389441140625 0.6561958734375 0.38561003125000004 0.65951428125 0.38133413437499997 0.6555438875 0.3769189515625 0.6587651421875 0.37214324374999996 0.650727203125 0.36281306875 0.646923028125 0.364589915625 0.6168934390625 0.359534484375 0.60260729375 0.3607553453125 0.576908625 0.36730674531249996 0.5742012234375 0.36938909531249997 0.562011475 0.370721153125 0.549599328125 0.3762459984375 0.545378453125 0.38121601250000003 0.549348846875 0.3856311953125 0.5435173437499999 0.3929890640625 0.5450998828125 0.3957936171875 0.5611628750000001 0.39837693281250003 0.6112820218749999 0.4000460421875 0.6319545015625 0.3996585828125
4 0.76926763125 0.305537284375 0.7766816750000001 0.3009839703125 0.7798057765624999 0.295708453125 0.7713663328125 0.26830200312499997 0.76374509375 0.2557786609375 0.7567758390625 0.2519463984375 0.7468487015624999 0.2595816828125 0.74240543125 0.268744484375 0.7500395609375 0.2973448609375 0.75520388125 0.3025653578125 0.765171996875 0.3058147 0.76926763125 0.305537284375