0 0.1787109375 0.3818359375 0.17578125 0.3662109375 0.169921875 0.359375 0.166015625 0.359375 0.16064453125 0.3720703125 0.162109375 0.3837890625 0.16650390625 0.388671875 0.17431640625 0.388671875 0.1787109375 0.3818359375
3 0.35986328125 0.216796875 0.359375 0.205078125 0.3505859375 0.1865234375 0.3427734375 0.1875 0.3388671875 0.197265625 0.3388671875 0.212890625 0.34521484375 0.2265625 0.35400390625 0.2275390625 0.35986328125 0.216796875
4 0.5107421875 0.1630859375 0.51318359375 0.1552734375 0.5166015625 0.154296875 0.4853515625 0.142578125 0.4853515625 0.162109375 0.49072265625 0.1708984375 0.50439453125 0.1708984375 0.5107421875 0.1630859375
4 0.66455078125 0.6630859375 0.66943359375 0.658203125 0.67333984375 0.646484375 0.6845703125 0.60546875 0.6845703125 0.599609375 0.6767578125 0.587890625 0.6591796875 0.5849609375 0.64990234375 0.6044921875 0.64794921875 0.6181640625 0.646484375 0.6357421875 0.64990234375 0.6533203125 0.658203125 0.662109375 0.66455078125 0.6630859375
4 0.59619140625 0.630859375 0.607421875 0.5888671875 0.607421875 0.5830078125 0.599609375 0.572265625 0.58837890625 0.57421875 0.5849609375 0.580078125 0.58251953125 0.5947265625 0.57666015625 0.6044921875 0.57666015625 0.6357421875 0.58251953125 0.650390625 0.587890625 0.65234375 0.59619140625 0.630859375
3 0.384765625 0.59375 0.38671875 0.5849609375 0.38427734375 0.5732421875 0.3740234375 0.5654296875 0.36865234375 0.5673828125 0.36572265625 0.580078125 0.36572265625 0.5947265625 0.37255859375 0.6083984375 0.3779296875 0.607421875 0.384765625 0.59375
3 0.43017578125 0.5380859375 0.43115234375 0.52734375 0.42626953125 0.521484375 0.4150390625 0.53515625 0.41552734375 0.548828125 0.419921875 0.5546875 0.42333984375 0.5546875 0.43017578125 0.5380859375
4 0.7529296875 0.5517578125 0.7529296875 0.533203125 0.748046875 0.5244140625 0.7373046875 0.5234375 0.72998046875 0.5361328125 0.72998046875 0.556640625 0.73583984375 0.5673828125 0.748046875 0.564453125 0.7529296875 0.5517578125
4 0.7841796875 0.583984375 0.79296875 0.578125 0.79638671875 0.572265625 0.79833984375 0.548828125 0.80078125 0.5439453125 0.80078125 0.533203125 0.7978515625 0.525390625 0.7978515625 0.5107421875 0.79345703125 0.505859375 0.77880859375 0.5009765625 0.77099609375 0.5244140625 0.76318359375 0.5654296875 0.76318359375 0.576171875 0.77099609375 0.5869140625 0.7783203125 0.5830078125 0.7841796875 0.583984375
4 0.70703125 0.6767578125 0.71435546875 0.6767578125 0.72412109375 0.6708984375 0.72998046875 0.66015625 0.73193359375 0.6376953125 0.7353515625 0.630859375 0.732421875 0.6259765625 0.72998046875 0.6123046875 0.720703125 0.60546875 0.705078125 0.611328125 0.6953125 0.6259765625 0.69384765625 0.638671875 0.69580078125 0.6669921875 0.697265625 0.6708984375 0.70703125 0.6767578125
4 0.65185546875 0.314453125 0.65185546875 0.3212890625 0.64892578125 0.3291015625 0.64599609375 0.330078125 0.650390625 0.3369140625 0.650390625 0.345703125 0.65869140625 0.3720703125 0.681640625 0.4697265625 0.6904296875 0.474609375 0.703125 0.4736328125 0.7080078125 0.4482421875 0.712890625 0.435546875 0.71240234375 0.3955078125 0.70751953125 0.3720703125 0.70654296875 0.3505859375 0.7080078125 0.34375 0.712890625 0.3408203125 0.70703125 0.3310546875 0.70849609375 0.3212890625 0.705078125 0.310546875 0.70068359375 0.3203125 0.69482421875 0.3125 0.689453125 0.310546875 0.68505859375 0.314453125 0.67724609375 0.3037109375 0.67431640625 0.2939453125 0.66259765625 0.2900390625 0.6572265625 0.29296875 0.6591796875 0.298828125 0.65576171875 0.3056640625 0.65625 0.310546875 0.65185546875 0.314453125
4 0.59814453125 0.447265625 0.60107421875 0.4482421875 0.60693359375 0.44140625 0.61181640625 0.4443359375 0.61572265625 0.439453125 0.61865234375 0.4267578125 0.61767578125 0.4150390625 0.619140625 0.412109375 0.62060546875 0.38671875 0.619140625 0.373046875 0.60888671875 0.345703125 0.60986328125 0.341796875 0.599609375 0.3359375 0.595703125 0.33984375 0.5908203125 0.3369140625 0.58740234375 0.3408203125 0.5859375 0.3525390625 0.57861328125 0.35546875 0.57861328125 0.3662109375 0.58203125 0.3857421875 0.5927734375 0.4326171875 0.59814453125 0.447265625
4 0.6533203125 0.236328125 0.681640625 0.23828125 0.689453125 0.232421875 0.69482421875 0.2216796875 0.68994140625 0.2158203125 0.6767578125 0.2109375 0.6494140625 0.2080078125 0.64501953125 0.2119140625 0.64208984375 0.2197265625 0.642578125 0.2236328125 0.6474609375 0.232421875 0.6533203125 0.236328125