0 0.302816940625 0.1679825390625 0.2902484625 0.1688338578125 0.27804877031249997 0.1770416359375 0.2788438078125 0.18113174999999998 0.2871940625 0.1858756046875 0.3041507921875 0.1857630390625 0.3104140734375 0.179770346875 0.30882399843749997 0.17159011875000002 0.302816940625 0.1679825390625
3 0.15984993125 0.3878430546875 0.143489478125 0.3910232046875 0.1340592328125 0.3971009109375 0.13462677812499999 0.405479896875 0.1558436515625 0.4109062234375 0.16821337187500002 0.40903237499999995 0.1782686265625 0.4007108515625 0.1754572625 0.39170685625 0.15984993125 0.3878430546875
4 0.1364923640625 0.5515577890625 0.1160417984375 0.5555329765625 0.1346724375 0.5858687687499999 0.1349993078125 0.5820911609375 0.1426826359375 0.5779447656250001 0.14957092656249998 0.56970825625 0.14678829531249998 0.5553928609375001 0.1364923640625 0.5515577890625
4 0.6652138937500001 0.623876665625 0.6471065234375 0.6289881265624999 0.63318864375 0.6338158140625 0.6146262921875 0.647505021875 0.621271546875 0.665314253125 0.6351319609375 0.6711093671875 0.64126713125 0.6699168109375 0.6819275874999999 0.6498098406249999 0.693402890625 0.6433346171875 0.697521734375 0.6372281765625 0.6952072703125001 0.630780503125 0.6843150609374999 0.6238778453125 0.6652138937500001 0.623876665625
4 0.6510025984375 0.5507658906249999 0.6182816921875001 0.557126190625 0.609248965625 0.5652489546874999 0.5944079390625 0.570786665625 0.588968428125 0.575558071875 0.589209103125 0.587714665625 0.602046990625 0.5937085390625 0.608182159375 0.5925159828125001 0.64986514375 0.5722102546875 0.6706713125 0.5591460578125 0.6675330796875001 0.5539196703125 0.6510025984375 0.5507658906249999
3 0.5651243859374999 0.33824766875 0.5497864609375 0.341229059375 0.5370898703125 0.346880515625 0.536137990625 0.352901940625 0.546405190625 0.36204841249999997 0.559172428125 0.362219621875 0.5679776640624999 0.35838572968750004 0.5809017453124999 0.3484454015625 0.580831096875 0.3426227359375 0.5651243859374999 0.33824766875
3 0.52720228125 0.399738303125 0.51278750625 0.40200967031249996 0.50075784375 0.416551378125 0.507886809375 0.4204714625 0.5189358609375 0.41726258125 0.5349275265625 0.40672597499999996 0.53423186875 0.40314712343750003 0.52720228125 0.399738303125
4 0.5993830265625 0.727402346875 0.57790993125 0.7315762921875 0.5661077578125 0.7418291265625 0.569316640625 0.752878178125 0.5795131921875 0.7562019875 0.5989412296875 0.752425559375 0.6112403015625001 0.7447290453125001 0.61182339375 0.7313511625 0.5993830265625 0.727402346875
4 0.6265914109375 0.758193121875 0.6153436 0.7603794749999999 0.5739874859375 0.7769075953125 0.55103688125 0.7898580453124999 0.5591309125 0.8042021734375 0.5651379703125 0.8078097546875 0.5804758953125 0.8048283640625 0.5892524015625 0.8063058734374999 0.6005002125 0.8041195203125 0.6051159546875 0.8005694046875 0.629259115625 0.7937541218749999 0.634698628125 0.7889827171875 0.6390449640625 0.77858740625 0.6368298796875 0.7726509953125 0.639429296875 0.7641869953125 0.6265914109375 0.758193121875
4 0.6779213078125 0.6728730109375001 0.664926578125 0.676990675 0.6515762484375001 0.69019735 0.648621228125 0.7077503593750001 0.657667140625 0.7160730625 0.672479434375 0.7158467515625 0.6781883546875 0.717920540625 0.6846503953124999 0.7129503749999999 0.7077710265625 0.7063338531250001 0.7178262828124999 0.6980123296875 0.721973859375 0.686594490625 0.7204831640625 0.678925528125 0.7123604 0.6698928015625001 0.7079721484375 0.669154046875 0.6779213078125 0.6728730109375001
4 0.31502549687500003 0.7057415171875 0.3084928078125 0.704889015625 0.30651839999999997 0.7111092 0.312993625 0.722584503125 0.32381518593749997 0.7236644937500001 0.336653071875 0.7296583671875 0.3334573765625 0.73505478125 0.336595609375 0.7402811687499999 0.3459683921875 0.7448262640625 0.3366375265625 0.7514152359375 0.3485809953125 0.75280773125 0.358508140625 0.7492863453124999 0.369925978125 0.7534339218749999 0.3719997671875 0.7477250015625 0.3788593265625 0.74479989375 0.401553709375 0.7414497156250001 0.4270881859375 0.7417921328125 0.46911122499999997 0.7341542624999999 0.48141029687500003 0.7264577484375 0.5070022359374999 0.7161773640625 0.50544089375 0.7026857359375 0.4985394171875 0.6944767781250001 0.391615740625 0.6903233 0.362318021875 0.6869983125 0.3531152671875 0.688787146875 0.3450631515625 0.6855770859375 0.34463689999999997 0.6888434296875 0.3370529515625 0.6935010890625 0.329895253125 0.6948924046875 0.3266995578125 0.7002888203125 0.3214875359375 0.7007713515625 0.31502549687500003 0.7057415171875
4 0.369182303125 0.607668534375 0.357934490625 0.6098548874999999 0.3563576 0.618120128125 0.3443854 0.6220390328125001 0.3409909453125 0.62641291875 0.34505232656249996 0.6309292828124999 0.34175725 0.6358144343750001 0.34997939375 0.645358425 0.3538707484375 0.6435408578125 0.3845885140625 0.64871214375 0.39920205000000003 0.6474633046875 0.425489646875 0.64076176875 0.4282590921875 0.6386316984375 0.4407281921875 0.6372691140625 0.45342478281250004 0.6316176578125 0.4577423859375 0.6265337468750001 0.4536810046875 0.622017384375 0.45964614687500005 0.6144908984375 0.4580273390625 0.6116220734375 0.44159623750000004 0.6089795578125 0.3903285265625 0.607272196875 0.369182303125 0.607668534375
4 0.2287224140625 0.7039467796875 0.22113846406249998 0.708604440625 0.2179427703125 0.7140008546875001 0.22657561718750002 0.7420353703125 0.234371509375 0.75484570625 0.2415004765625 0.7587657906249999 0.2516551109375 0.75095553125 0.25620020625 0.74158275 0.24839112812500003 0.712326946875 0.2431084578125 0.706986815625 0.23291190624999997 0.70366300625 0.2287224140625 0.7039467796875