4 0.8676960765624999 0.4637463140625 0.8691089359375 0.4578484484375 0.8391721999999999 0.45675451093749997 0.82666894375 0.463875746875 0.8253951781250001 0.4677844515625 0.8288210875 0.4760195625 0.8356510015625 0.47849604531249995 0.840246353125 0.484314321875 0.8600534906249999 0.48719853750000003 0.871791721875 0.49101768437500004 0.8737609640624999 0.477163178125 0.8676960765624999 0.4637463140625
4 0.811171290625 0.556739740625 0.8021068124999999 0.5576050578125 0.7628840859375 0.57485120625 0.7626058953125 0.578829528125 0.7702575125 0.583862078125 0.796107634375 0.5861694156249999 0.8173624046875 0.5826584765625 0.8214618890625 0.56695404375 0.8159752859375 0.559574278125 0.811171290625 0.556739740625
4 0.8023696515625 0.7255299546875 0.7956092859375 0.72205889375 0.7786845453125 0.7208753999999999 0.7635075359375 0.7233121734375 0.76415536875 0.7283546921874999 0.7586906703125 0.7349686671875 0.76335556875 0.739792365625 0.777050171875 0.7442480375 0.7889622734375 0.745580734375 0.8021133640624999 0.74350201875 0.8058303359375 0.7332677765625 0.8023696515625 0.7255299546875
4 0.5338097421875 0.817688653125 0.509811671875 0.8175097093750001 0.5025644687499999 0.821000709375 0.5001212625 0.8273262484374999 0.5006995484375001 0.8333633468749999 0.5149376640625001 0.8443534093749999 0.5365620765625 0.849863309375 0.5428137046875 0.8463026921875001 0.5441698875000001 0.826908375 0.541496134375 0.8222239124999999 0.5338097421875 0.817688653125
4 0.44336073593750003 0.8378490968750001 0.4548903234375 0.844651984375 0.46797186875 0.8435678484375 0.46835438125 0.8380976562500001 0.46361993437500004 0.8342685390625 0.4518817015625 0.8304493921875 0.4436041546875 0.8343680656249999 0.44336073593750003 0.8378490968750001
4 0.48447525 0.507409675 0.48313193749999994 0.512312959375 0.4848448921875 0.5164305125 0.4984351734375 0.52237805625 0.5182423093749999 0.525262271875 0.5211375781250001 0.5124719625 0.5149683671874999 0.5005469687499999 0.49601770937499995 0.49972153124999996 0.48447525 0.507409675
4 0.2176721015625 0.6316734109375 0.22356311875 0.6475767265625 0.2321059890625 0.6541707625 0.24614833125 0.653653534375 0.25349985468749997 0.6486706625 0.2515215796875 0.6340403968749999 0.23892687031249998 0.6281624703124999 0.22299770468750002 0.6270485953125 0.2176721015625 0.6316734109375
4 0.237708428125 0.5311312421875 0.2420951359375 0.5399332625000001 0.25269869843750004 0.545671953125 0.26354567812499996 0.5479296125 0.28270497968749997 0.545771309375 0.2873132015625 0.5370985562499999 0.2602717359375 0.523214309375 0.2493552078125 0.5219512296875 0.237708428125 0.5311312421875
4 0.2951926546875 0.324268340625 0.283580646875 0.3329510625 0.2852240546875 0.3380631984375 0.3035487828125 0.347839859375 0.33074221718749997 0.3452439125 0.3340071265625 0.34147444375 0.334598284375 0.3330205109375 0.331785434375 0.330325209375 0.315208434375 0.3241688140625 0.2951926546875 0.324268340625
4 0.33280675 0.3014127625 0.3359544671875 0.31362619375 0.35427919375 0.32340285468749996 0.363274125 0.3235321203125 0.3868677796875 0.3151875140625 0.384333121875 0.3085138890625 0.3689603390625 0.2994433703125 0.34929229687499996 0.2945699953125 0.33280675 0.3014127625
4 0.43709577343749995 0.0833308359375 0.4137326640625 0.10268544375 0.42107131718749996 0.112193603125 0.44197834843750006 0.11365556562500001 0.46134629374999997 0.108513521875 0.4647283953125 0.08876115 0.459067925 0.083867834375 0.4453733203125 0.07941216250000001 0.43709577343749995 0.0833308359375