4 0.447265625 0.173828125 0.44921875 0.1669921875 0.45458984375 0.162109375 0.4560546875 0.142578125 0.458984375 0.130859375 0.4453125 0.1298828125 0.4326171875 0.13671875 0.4267578125 0.1357421875 0.427734375 0.1650390625 0.435546875 0.1767578125 0.439453125 0.177734375 0.447265625 0.173828125
4 0.55224609375 0.2314453125 0.556640625 0.2236328125 0.55712890625 0.1982421875 0.55224609375 0.177734375 0.53662109375 0.1748046875 0.52978515625 0.1806640625 0.52734375 0.185546875 0.52880859375 0.1943359375 0.54833984375 0.2314453125 0.55224609375 0.2314453125
4 0.705078125 0.224609375 0.70947265625 0.2197265625 0.712890625 0.2060546875 0.71337890625 0.1943359375 0.71044921875 0.181640625 0.7001953125 0.1787109375 0.69287109375 0.1826171875 0.68994140625 0.189453125 0.68994140625 0.2060546875 0.693359375 0.220703125 0.6982421875 0.2197265625 0.705078125 0.224609375
4 0.81884765625 0.4697265625 0.82861328125 0.455078125 0.83251953125 0.43359375 0.82861328125 0.427734375 0.8095703125 0.427734375 0.80517578125 0.4306640625 0.80126953125 0.4384765625 0.802734375 0.4619140625 0.806640625 0.46875 0.81298828125 0.470703125 0.81884765625 0.4697265625
4 0.8330078125 0.513671875 0.8310546875 0.5009765625 0.82568359375 0.5009765625 0.822265625 0.505859375 0.8193359375 0.517578125 0.82373046875 0.525390625 0.8271484375 0.525390625 0.8330078125 0.513671875
4 0.51025390625 0.5068359375 0.51513671875 0.4931640625 0.5166015625 0.4736328125 0.50390625 0.4716796875 0.49267578125 0.478515625 0.4931640625 0.4970703125 0.50146484375 0.5078125 0.50634765625 0.5087890625 0.51025390625 0.5068359375
4 0.662109375 0.744140625 0.66064453125 0.73046875 0.6552734375 0.7236328125 0.64111328125 0.7265625 0.63623046875 0.7392578125 0.63623046875 0.7548828125 0.64111328125 0.759765625 0.65625 0.7529296875 0.662109375 0.744140625
4 0.5546875 0.7314453125 0.55615234375 0.720703125 0.552734375 0.7021484375 0.5439453125 0.6982421875 0.5322265625 0.7255859375 0.53173828125 0.736328125 0.54150390625 0.7470703125 0.5498046875 0.7421875 0.5546875 0.7314453125
4 0.35791015625 0.6953125 0.353515625 0.6689453125 0.349609375 0.666015625 0.34130859375 0.666015625 0.3388671875 0.6689453125 0.333984375 0.685546875 0.33544921875 0.705078125 0.3447265625 0.7158203125 0.349609375 0.7138671875 0.35791015625 0.6953125
4 0.33056640625 0.6474609375 0.330078125 0.638671875 0.3203125 0.6162109375 0.31396484375 0.619140625 0.30615234375 0.634765625 0.302734375 0.654296875 0.310546875 0.669921875 0.322265625 0.666015625 0.33056640625 0.6474609375
4 0.11962890625 0.5966796875 0.11962890625 0.576171875 0.11328125 0.5576171875 0.09375 0.5556640625 0.08935546875 0.5615234375 0.0859375 0.5751953125 0.09033203125 0.5830078125 0.11083984375 0.6044921875 0.11962890625 0.5966796875