4 0.0811913015625 0.4122715484375 0.0486841203125 0.40948065468749995 0.0494286375 0.416043271875 0.0410916421875 0.42974081093749994 0.04138155625 0.444977734375 0.054577634374999996 0.44240751093749997 0.07637221093749999 0.4419188171875 0.082112084375 0.43623966562499994 0.0898240015625 0.43446929843750004 0.09462047031250001 0.4260225390625 0.093762303125 0.4216284984375 0.0811913015625 0.4122715484375
4 0.0981899421875 0.52406358125 0.0926205453125 0.5264898671875 0.08570996875 0.5337385640625001 0.0880571671875 0.5512578390625 0.1105678453125 0.5578739046875001 0.138818396875 0.5588108218750001 0.1477578453125 0.55438661875 0.1479851453125 0.550049465625 0.10787390781249999 0.5262019984374999 0.0981899421875 0.52406358125
4 0.1115233609375 0.7057922109375 0.093070425 0.7048251343749999 0.08530167968749999 0.7076797906250001 0.080533625 0.7155844046875 0.0831933609375 0.72714009375 0.09713395625 0.7311324875 0.11018797031250001 0.7312729859375 0.12558339375 0.72827439375 0.1312664421875 0.72367953125 0.126236884375 0.715805078125 0.1276064765625 0.7104405234375 0.1115233609375 0.7057922109375
4 0.38935238125 0.84593188125 0.3633864140625 0.8429401625 0.35447537812499996 0.846822221875 0.3509632640625 0.8515308578124999 0.3498551734375 0.8726744796875 0.356140675 0.8773529546875001 0.38024824687500003 0.8742673140624999 0.39709850156250004 0.8642777328125 0.39852491875 0.857828890625 0.3967233484375 0.85066724375 0.38935238125 0.84593188125
4 0.450257965625 0.8676073375 0.43706188749999997 0.8701775578125 0.431435665625 0.8736881328124999 0.43112312656249996 0.8796517187499999 0.44512054531249995 0.8825598250000001 0.45848710156249994 0.8767367390624999 0.4586859890625 0.8729417296875001 0.450257965625 0.8676073375
4 0.4464427578125 0.504260415625 0.42584730000000004 0.5026374203125 0.41759554374999996 0.514708528125 0.41902775 0.5289180484375 0.4408223265625 0.5284293546875001 0.4563029875 0.5238043296875 0.45870122343749997 0.51958095 0.45789988125000003 0.514102621875 0.4464427578125 0.504260415625
4 0.7246811328125 0.678126796875 0.7073136640625 0.67721660625 0.6929184671875 0.6818985171875 0.6888381031249999 0.6974500390625 0.6961238328125 0.7038118328125 0.71123513125 0.70623468125 0.721345284375 0.700240934375 0.7298243421875 0.6838326718750001 0.7246811328125 0.678126796875
4 0.710137553125 0.561027096875 0.6981690046875 0.5609434859375 0.6670940296875 0.5723621109375 0.670924471875 0.5823482531249999 0.691349453125 0.5872241125000001 0.7033748281250001 0.5862234374999999 0.7155990890624999 0.5814277515625 0.7215094375 0.5724957359375 0.710137553125 0.561027096875
4 0.6868244671875 0.3412647640625 0.665200365625 0.33850059374999997 0.646463303125 0.3429549578125 0.6430648406249999 0.34549501875 0.6425818265625 0.35471146875000004 0.6456109265625 0.3592192828125 0.67466281875 0.365634528125 0.6957697031250001 0.35749892656250004 0.6982247625 0.352191259375 0.6868244671875 0.3412647640625
4 0.6322838296875 0.3019829875 0.6103756046875 0.304640259375 0.5925535328125 0.3124043734375 0.5889277703125 0.3192815875 0.61332525625 0.33143286875 0.6230660453125 0.3324869953125 0.64417293125 0.324351396875 0.6491966984374999 0.3115674828125 0.6322838296875 0.3019829875
4 0.55697619375 0.05666314375 0.5415807703125 0.0596617359375 0.5348122562500001 0.064199709375 0.5358466859375 0.08599925 0.5561011953125 0.09412797656250001 0.5788959984375001 0.0953226015625 0.5880911609374999 0.0860191015625 0.5654042171875 0.061997534374999996 0.55697619375 0.05666314375