4 0.5570194390625 0.5849013515625 0.5585185609375001 0.5684667015625 0.5564571 0.5599042265625 0.5274503328125 0.5553039734375 0.525665771875 0.5571621953125 0.523647015625 0.5693783640625 0.5231786234375 0.59009425 0.52883483125 0.6074074640625 0.542894209375 0.611211078125 0.5488846281249999 0.6046759203125001 0.5570194390625 0.5849013515625
4 0.548094159375 0.5308332984375 0.54821125625 0.5256543265625 0.543979778125 0.5178640765625 0.543577240625 0.508466621875 0.541013225 0.5039971203125 0.521080525 0.5015496921875 0.5172515843750001 0.5031568984375 0.51012188125 0.5147455203125 0.5064527421875 0.5319523937499999 0.513365334375 0.5390331734375 0.5430088328125 0.5426729375 0.548094159375 0.5308332984375
2 0.6374186546875 0.5469943171875 0.641079253125 0.5256317140625 0.63951180625 0.5088205359375 0.6351461484375001 0.49789780156249996 0.6287531921875 0.49503550625 0.623265328125 0.49747769062499997 0.619059471875 0.502154625 0.60977683125 0.522826928125 0.6058734968749999 0.550391746875 0.610356253125 0.5561355109375 0.6297778562499999 0.5585201828125 0.6374186546875 0.5469943171875
4 0.48532344375 0.5688275 0.487208021875 0.5534788484375001 0.48149635625 0.5507002046875 0.47980141718749997 0.554646771875 0.47877068593749994 0.550365534375 0.4780168546875 0.5565049937500001 0.4748331890625 0.5613074390625 0.4554115859375 0.558922765625 0.44712551093749997 0.56725339375 0.4381112296875 0.5941906671875 0.43940177656249996 0.600581146875 0.43830519375000004 0.6264132499999999 0.4416486625 0.637210475 0.4582549734375 0.6371721359375 0.46488212500000003 0.6296764875 0.471777634375 0.6284458093749999 0.47827060781249997 0.6178176765625001 0.47884755468750007 0.5877670890625 0.4808663109375 0.575550921875 0.48532344375 0.5688275
4 0.3580095875 0.528267246875 0.35965996875 0.5232765390624999 0.3554284921875 0.5154862875 0.3448211375 0.5131451984375001 0.3305190234375 0.5155438015625 0.3240175109375 0.522016203125 0.3172732625 0.5346908234375001 0.313478484375 0.552920940625 0.3122391828125 0.5714648328124999 0.3159851890625 0.5916595140625 0.3190602984375 0.5961917703124999 0.3240370671875 0.5936868296875 0.32724635625 0.6013515703125 0.34357576875 0.59089253125 0.34955764375 0.5802016437499999 0.35768391718750003 0.556271346875 0.35765829375 0.5438041609375001 0.361101778125 0.541110959375 0.3580095875 0.528267246875
4 0.3692145625 0.38630659375 0.3722384265625 0.3659044796875 0.36799840625 0.3539585015625 0.358790159375 0.34867319218750004 0.3406676453125 0.3568347265625 0.3344430328125 0.373727828125 0.3358677609375 0.3832507921875 0.33436009843750003 0.3955297140625 0.33860011874999996 0.4074756921875 0.3499783828125 0.4119887765625 0.3585328171875 0.40992311875 0.3692145625 0.38630659375
4 0.301436509375 0.2876202140625 0.3032125296875 0.28160626093749996 0.29259663593749996 0.27510944375 0.2712989953125 0.29222915 0.2669760421875 0.3020850578125 0.2688033078125 0.3210054765625 0.2772662640625 0.336585975 0.28877016875 0.3400758171875 0.2969220640625 0.3286127046875 0.3007253828125 0.314538315625 0.3031210546875 0.29925241874999997 0.301436509375 0.2876202140625
4 0.235745775 0.6451662171875 0.2395234703125 0.6186246421875 0.23732782968750002 0.6069296828125 0.2304152390625 0.599848903125 0.22019334218750003 0.5985938125 0.209234696875 0.6117896390625 0.20811249062499998 0.6251545578125 0.21094486406250001 0.635889028125 0.2237478578125 0.649925078125 0.235745775 0.6451662171875
4 0.554091996875 0.714375646875 0.5521647171875 0.7089456578125 0.5440957562500001 0.6986068828125 0.533748221875 0.6983750359374999 0.5285201749999999 0.7029264625 0.52662705625 0.7141193859375 0.534227628125 0.745174046875 0.5410060390625 0.7491223406249999 0.5464853609375 0.7425244281250001 0.55245015625 0.7235220828125 0.554091996875 0.714375646875
4 0.65628039375 0.587741034375 0.6591956999999999 0.5766736203125 0.655994953125 0.5731646078125 0.6436030374999999 0.5726817421875 0.6413244640625 0.5827886671875 0.642112459375 0.5932721187500001 0.6446764734375 0.597741621875 0.6488908703125 0.5972204140625 0.65628039375 0.587741034375
4 0.15969625468749998 0.4997627515625 0.162217565625 0.48345361093749994 0.14700181875 0.47639200156249994 0.1333364375 0.47783011406250003 0.1286194859375 0.4824442953125 0.1516041453125 0.5403159609375 0.155952721875 0.542927240625 0.1645071546875 0.54086158125 0.1660318984375 0.5368941171875 0.15969625468749998 0.4997627515625
4 0.3811686578125 0.546690871875 0.3821566828125 0.5301934671875 0.38061485781250004 0.525849475 0.38162850625 0.5218192562499999 0.37650901718749996 0.51703598125 0.36001980312500004 0.5118953515625 0.3550515765625 0.51855601875 0.36063338906250003 0.5618268468750001 0.3638341359375 0.5653358578125001 0.3783789875 0.5567350421875 0.3811686578125 0.546690871875