4 0.45947265625 0.587890625 0.466796875 0.572265625 0.46875 0.552734375 0.46826171875 0.541015625 0.466796875 0.5390625 0.43896484375 0.5400390625 0.43603515625 0.5478515625 0.435546875 0.5634765625 0.44091796875 0.5830078125 0.44580078125 0.58984375 0.45947265625 0.587890625
4 0.4892578125 0.51953125 0.48779296875 0.5029296875 0.482421875 0.4912109375 0.47900390625 0.4892578125 0.4599609375 0.4892578125 0.45703125 0.4931640625 0.45556640625 0.501953125 0.45068359375 0.5087890625 0.4501953125 0.513671875 0.45361328125 0.525390625 0.48193359375 0.525390625 0.4892578125 0.51953125
2 0.3935546875 0.525390625 0.39306640625 0.4990234375 0.38671875 0.478515625 0.38330078125 0.4736328125 0.37841796875 0.470703125 0.3720703125 0.47265625 0.36669921875 0.482421875 0.36328125 0.498046875 0.3642578125 0.5185546875 0.3701171875 0.5302734375 0.388671875 0.5302734375 0.3935546875 0.525390625
4 0.505859375 0.603515625 0.5107421875 0.6142578125 0.51708984375 0.6162109375 0.5224609375 0.6240234375 0.5380859375 0.6259765625 0.54248046875 0.6162109375 0.54443359375 0.591796875 0.54638671875 0.5859375 0.541015625 0.5595703125 0.5341796875 0.55078125 0.515625 0.55078125 0.51318359375 0.5458984375 0.51318359375 0.5400390625 0.51171875 0.5439453125 0.5105795890625 0.5400390625 0.5048828125 0.5419921875 0.5048828125 0.556640625 0.50830078125 0.5634765625 0.5087890625 0.5751953125 0.505859375 0.603515625
4 0.62646484375 0.5595703125 0.63134765625 0.5830078125 0.6357421875 0.59375 0.64990234375 0.60546875 0.65380859375 0.5986328125 0.658203125 0.6015625 0.66162109375 0.59765625 0.66748046875 0.5791015625 0.66845703125 0.5615234375 0.6669921875 0.5439453125 0.662109375 0.53125 0.65673828125 0.5244140625 0.6435546875 0.5205078125 0.63330078125 0.521484375 0.62841796875 0.5283203125 0.62939453125 0.533203125 0.625 0.544921875 0.6279296875 0.5478515625 0.62646484375 0.5595703125
4 0.66162109375 0.421875 0.6669921875 0.4111328125 0.6669921875 0.3994140625 0.66943359375 0.390625 0.66552734375 0.3740234375 0.6494140625 0.3642578125 0.64013671875 0.3681640625 0.634765625 0.37890625 0.63525390625 0.3984375 0.642578125 0.421875 0.650390625 0.4248046875 0.66162109375 0.421875
4 0.7099609375 0.3525390625 0.71630859375 0.3642578125 0.7275390625 0.3623046875 0.7373046875 0.3486328125 0.7412109375 0.3310546875 0.73828125 0.3212890625 0.72021484375 0.302734375 0.70947265625 0.3076171875 0.71044921875 0.3134765625 0.70751953125 0.32421875 0.7080078125 0.3388671875 0.7099609375 0.3525390625
4 0.75927734375 0.6416015625 0.759765625 0.62890625 0.7509765625 0.615234375 0.7412109375 0.615234375 0.73388671875 0.62109375 0.73046875 0.6318359375 0.73095703125 0.6572265625 0.74169921875 0.6630859375 0.75537109375 0.6513671875 0.75927734375 0.6416015625
4 0.431640625 0.7197265625 0.4384765625 0.716796875 0.44921875 0.6884765625 0.44873046875 0.677734375 0.4443359375 0.6728515625 0.4345703125 0.671875 0.42578125 0.6806640625 0.42333984375 0.685546875 0.423828125 0.6943359375 0.42724609375 0.712890625 0.431640625 0.7197265625
4 0.3544921875 0.5615234375 0.3564453125 0.5517578125 0.35546875 0.5419921875 0.34375 0.541015625 0.34033203125 0.5439453125 0.341796875 0.5546875 0.34765625 0.564453125 0.3515625 0.5654296875 0.3544921875 0.5615234375
4 0.81787109375 0.5703125 0.822265625 0.568359375 0.8505859375 0.5166015625 0.8466796875 0.51171875 0.833984375 0.5087890625 0.81884765625 0.513671875 0.8193359375 0.529296875 0.80908203125 0.5634765625 0.81005859375 0.5673828125 0.81787109375 0.5703125
4 0.623046875 0.564453125 0.63330078125 0.5244140625 0.62939453125 0.517578125 0.61328125 0.5205078125 0.60791015625 0.5244140625 0.6083984375 0.5283203125 0.6064453125 0.5322265625 0.60546875 0.5478515625 0.60693359375 0.5576171875 0.61962890625 0.5673828125 0.623046875 0.564453125