4 0.404050521875 0.518566721875 0.4212135078125 0.519229084375 0.43000082656250005 0.5166168109375 0.4332042859375 0.48618674687499996 0.43117586093750004 0.4844315328125 0.4183691109375 0.4829982078125 0.396812465625 0.4836419828125 0.37912555625 0.4904720546875 0.3759370171875 0.5053072296875001 0.38305522187499996 0.511182890625 0.404050521875 0.518566721875
4 0.4597609453125 0.506328653125 0.46515010625000003 0.506167709375 0.4730167703125 0.50133989375 0.48276216875 0.5004079859375 0.487268096875 0.4974963265625 0.48872759375 0.476624546875 0.48684885937500005 0.47272863750000005 0.47441634062500004 0.46594357343750004 0.4563326984375 0.4630656703125 0.4493492671875 0.4706442 0.4471787328125 0.501684284375 0.4597609453125 0.506328653125
2 0.44782275781249997 0.6001450203124999 0.47022521250000004 0.602787134375 0.4876127375 0.600238453125 0.4987278671875 0.5951 0.5013550625 0.5882924328125 0.4985182484375 0.58271615625 0.493428471875 0.5785957093749999 0.47143766875 0.570066684375 0.442575703125 0.5675106671875 0.4368497359375 0.5724881749999999 0.43542766093749996 0.5928247828125001 0.44782275781249997 0.6001450203124999
4 0.416857021875 0.4430959578125 0.43291223749999996 0.44421864843750003 0.43548954687499997 0.4381244671875 0.43129546406249997 0.436576521875 0.43568912343750005 0.435270384375 0.4292670375 0.4348213078125 0.4241024140625 0.431771209375 0.4255244875 0.411434603125 0.41641528125000005 0.40326855625 0.387927546875 0.3953608015625 0.38135576718749997 0.3970524203125 0.3544473828125 0.397321965625 0.34340709999999997 0.40139007187500003 0.34435025937499997 0.418665325 0.3525013875 0.42515100625 0.354155584375 0.43225795937499994 0.365555178125 0.438433003125 0.3968198 0.43739249375 0.4096265484375 0.4388258203125 0.416857021875 0.4430959578125
4 0.45208823125 0.30842293125000003 0.4573651234375 0.3098675078125 0.46523178749999994 0.3050396921875 0.46708801875 0.2938758890625 0.46381705 0.279126809375 0.45673626875 0.272715975 0.443195978125 0.2663912390625 0.42404198906249996 0.2634384890625 0.40470088437499996 0.263161609375 0.383915203125 0.268161621875 0.37937185156250003 0.271608453125 0.3822460859375 0.27664955625 0.3744542671875 0.28040702500000003 0.3862131734375 0.2968252203125 0.39765019218750003 0.30246509062500004 0.42296430625000003 0.30961313281249997 0.43592074687500004 0.3089057625 0.438907253125 0.31234134375 0.45208823125 0.30842293125000003
4 0.600245290625 0.31232959375 0.6216148203125 0.31436168750000004 0.633800296875 0.30929808125 0.638792725 0.29942916249999996 0.6293242078125 0.281019965625 0.61142768125 0.2754661921875 0.6016074359375 0.27746844843749996 0.5887632640625 0.2765702953125 0.5765777875 0.2816339015625 0.5725060140625 0.2937183625 0.5751182906250001 0.3025056828125 0.600245290625 0.31232959375
4 0.69912868125 0.2364244234375 0.705475921875 0.237943846875 0.711650965625 0.22654425156250002 0.6926990109375 0.20532074687500002 0.682220071875 0.20136124375 0.6626544296875 0.20429540624999998 0.6469211015624999 0.2139510390625 0.6439196765624999 0.22611034531250002 0.65627735 0.2339657578125 0.6711125265625 0.237154296875 0.68713031875 0.23881216093750002 0.69912868125 0.2364244234375
4 0.323938059375 0.1876013296875 0.3517296765625 0.1900825 0.3637654609375 0.1871595875 0.37074889375 0.17958105625 0.371497353125 0.1688775796875 0.3571861 0.15819660625 0.34323415625 0.15775878125 0.3322312953125 0.16129171250000002 0.31833927812499996 0.17537842812499999 0.323938059375 0.1876013296875
4 0.2693214859375 0.5225903187500001 0.2748603390625 0.5202886796875 0.28516708125 0.5113291640625001 0.28484519375 0.5005508421875 0.2798302625 0.495360046875 0.2680938609375 0.4940015671875 0.236230471875 0.5036048562500001 0.2324955078125 0.5108727531249999 0.239651134375 0.516213240625 0.2597257796875 0.5213815296875 0.2693214859375 0.5225903187500001
4 0.406498434375 0.621993715625 0.418159990625 0.62442254375 0.42163299531250004 0.6209008640625 0.4214608 0.6079818453125 0.41083216875 0.6061630390625 0.3999789984375 0.6075552734375 0.3954730703125 0.6104669328125001 0.396244034375 0.61482316875 0.406498434375 0.621993715625
4 0.47092717031250003 0.10053968906249999 0.48801531093749995 0.1022723984375 0.49452716093750004 0.0860562390625 0.49228911562500005 0.07191718281250001 0.4872367625 0.06726156093749999 0.4283378 0.09433480625 0.425860296875 0.099001678125 0.428472571875 0.1077889984375 0.43267911718749996 0.1091587296875 0.47092717031250003 0.10053968906249999
4 0.4341992890625 0.3335237609375 0.4513996984375 0.3336509484375 0.45583077968749997 0.33180963750000003 0.46007475 0.33264419375 0.46476779375 0.327056665625 0.4692137953125 0.30962046718749997 0.46202074531250004 0.3048151546875 0.41735060625 0.31298511875 0.4138776015625 0.31650679843749996 0.42360808125 0.3311697796875 0.4341992890625 0.3335237609375