4 0.2431640625 0.7978515625 0.2392578125 0.796875 0.23583984375 0.80078125 0.23291015625 0.7890625 0.22412109375 0.7861328125 0.212890625 0.794921875 0.21044921875 0.80078125 0.21044921875 0.818359375 0.2177734375 0.8203125 0.232421875 0.810546875 0.2431640625 0.7978515625
4 0.29150390625 0.501953125 0.3056640625 0.513671875 0.3310546875 0.505859375 0.33544921875 0.5009765625 0.33837890625 0.4892578125 0.33837890625 0.4814453125 0.333984375 0.4775390625 0.32958984375 0.4638671875 0.318359375 0.4482421875 0.302734375 0.447265625 0.30029296875 0.4560546875 0.2900390625 0.466796875 0.291015625 0.470703125 0.28662109375 0.478515625 0.28759765625 0.494140625 0.29150390625 0.501953125
4 0.39453125 0.6650390625 0.39794921875 0.6552734375 0.39697265625 0.634765625 0.388671875 0.6240234375 0.384765625 0.626953125 0.37353515625 0.6640625 0.373046875 0.6689453125 0.37744140625 0.673828125 0.38525390625 0.6728515625 0.39453125 0.6650390625
4 0.3349609375 0.794921875 0.32958984375 0.7978515625 0.330078125 0.8017578125 0.333984375 0.8056640625 0.341796875 0.8037109375 0.345703125 0.80859375 0.36669921875 0.7958984375 0.36669921875 0.7783203125 0.3623046875 0.767578125 0.36376953125 0.744140625 0.35400390625 0.728515625 0.34521484375 0.732421875 0.33056640625 0.755859375 0.326171875 0.7568359375 0.326171875 0.779296875 0.3330078125 0.779296875 0.3349609375 0.783203125 0.3349609375 0.794921875
4 0.388671875 0.869140625 0.3935546875 0.873046875 0.39501953125 0.8544921875 0.392578125 0.8125 0.384765625 0.802734375 0.375 0.8046875 0.373046875 0.806640625 0.3779296875 0.822265625 0.38427734375 0.8583984375 0.388671875 0.869140625
4 0.52978515625 0.728515625 0.5283203125 0.71484375 0.52490234375 0.708984375 0.51318359375 0.7109375 0.50927734375 0.71484375 0.50537109375 0.7255859375 0.50537109375 0.73828125 0.51318359375 0.744140625 0.52392578125 0.7392578125 0.52978515625 0.728515625
4 0.59228515625 0.734375 0.5966796875 0.732421875 0.6025390625 0.72265625 0.6044921875 0.7041015625 0.6083984375 0.6884765625 0.61181640625 0.68359375 0.61181640625 0.6689453125 0.61083984375 0.6650390625 0.603515625 0.6591796875 0.603515625 0.654296875 0.599609375 0.646484375 0.59228515625 0.642578125 0.587890625 0.6484375 0.5859375 0.6591796875 0.57568359375 0.6640625 0.57177734375 0.68359375 0.5712890625 0.716796875 0.57958984375 0.7216796875 0.58349609375 0.7333984375 0.59228515625 0.734375
4 0.63916015625 0.59375 0.640625 0.576171875 0.638671875 0.5654296875 0.62890625 0.5654296875 0.62841796875 0.5751953125 0.630859375 0.5908203125 0.63427734375 0.5947265625 0.63916015625 0.59375
4 0.55029296875 0.498046875 0.55078125 0.4931640625 0.544921875 0.474609375 0.5400390625 0.474609375 0.53662109375 0.482421875 0.537109375 0.5009765625 0.5400390625 0.505859375 0.5478515625 0.50390625 0.55029296875 0.498046875
4 0.5673828125 0.521484375 0.56689453125 0.5126953125 0.56396484375 0.50390625 0.55908203125 0.5048828125 0.55615234375 0.513671875 0.5556640625 0.521484375 0.55908203125 0.5263671875 0.564453125 0.52734375 0.5673828125 0.521484375
4 0.615234375 0.4775390625 0.62548828125 0.4736328125 0.6259765625 0.458984375 0.619140625 0.4404296875 0.607421875 0.4287109375 0.60400390625 0.431640625 0.6005859375 0.44140625 0.60205078125 0.458984375 0.60986328125 0.46875 0.6103515625 0.4736328125 0.615234375 0.4775390625
4 0.64892578125 0.39453125 0.65283203125 0.3671875 0.64599609375 0.337890625 0.63330078125 0.330078125 0.6259765625 0.337890625 0.623046875 0.3369140625 0.6171875 0.3486328125 0.619140625 0.3642578125 0.63818359375 0.40234375 0.642578125 0.404296875 0.64892578125 0.39453125
4 0.6865234375 0.3408203125 0.6904296875 0.3271484375 0.69091796875 0.3056640625 0.68603515625 0.2890625 0.67724609375 0.2890625 0.6708984375 0.302734375 0.67041015625 0.310546875 0.673828125 0.3291015625 0.681640625 0.341796875 0.6865234375 0.3408203125
4 0.6845703125 0.4267578125 0.6875 0.443359375 0.69287109375 0.453125 0.70068359375 0.4580078125 0.70458984375 0.466796875 0.70947265625 0.46484375 0.71630859375 0.4677734375 0.72021484375 0.458984375 0.7197265625 0.4541015625 0.72412109375 0.4501953125 0.7216796875 0.447265625 0.71875 0.427734375 0.708984375 0.400390625 0.701171875 0.380859375 0.69482421875 0.373046875 0.69091796875 0.3740234375 0.685546875 0.3837890625 0.6865234375 0.404296875 0.68505859375 0.408203125 0.68603515625 0.419921875 0.6845703125 0.4267578125
4 0.7197265625 0.4150390625 0.72021484375 0.419921875 0.724609375 0.4140625 0.732421875 0.3916015625 0.73291015625 0.3828125 0.72900390625 0.3662109375 0.716796875 0.353515625 0.7041015625 0.35546875 0.7021484375 0.3681640625 0.70166015625 0.3779296875 0.70458984375 0.3916015625 0.7109375 0.4052734375 0.7197265625 0.4150390625
4 0.7392578125 0.4794921875 0.7470703125 0.5078125 0.75537109375 0.5166015625 0.76708984375 0.5146484375 0.77294921875 0.509765625 0.76904296875 0.482421875 0.76904296875 0.46484375 0.771484375 0.453125 0.77490234375 0.4501953125 0.77783203125 0.435546875 0.77490234375 0.42578125 0.75927734375 0.3916015625 0.75146484375 0.3818359375 0.74462890625 0.3798828125 0.74169921875 0.3876953125 0.7431640625 0.408203125 0.740234375 0.4306640625 0.74267578125 0.4384765625 0.74267578125 0.455078125 0.73974609375 0.462890625 0.7392578125 0.4794921875