4 0.863784859375 0.77577555 0.8602873421874999 0.7577823828125 0.8566224515625 0.752270428125 0.8433780593750001 0.74550836875 0.8349643953125 0.7502559890625 0.8342972140624999 0.7628343531249999 0.830021315625 0.7595159437500001 0.826217140625 0.761292790625 0.8397389499999999 0.7721504828125 0.8566763203125 0.7792320890625 0.863784859375 0.77577555
4 0.7121430625 0.4359409921875 0.7123654562499999 0.43174820468749997 0.6997320703125001 0.4227925984375 0.6954842609375 0.41428178281249994 0.67968464375 0.41839030624999995 0.6712979125 0.43661875625 0.6695199125 0.451487821875 0.665798846875 0.45636068124999996 0.6673533 0.4643576453125 0.6726838390625 0.47577016875 0.6781536625 0.4798938921875 0.70569824375 0.4828388859375 0.7178610609375 0.46802599687499996 0.7203050890625 0.45925180781249997 0.71819580625 0.44306357656250006 0.7121430625 0.4359409921875
4 0.667619175 0.6551856703125 0.66614783125 0.6502847218750001 0.6472685515625 0.6145336734375 0.64268715 0.6123120390625 0.6363277484375 0.6249594671875001 0.6394085640625 0.6461458015625 0.6448503015625 0.65546193125 0.655901146875 0.6616129843749999 0.6640924171875 0.6610581515625 0.667619175 0.6551856703125
4 0.7375575890625 0.7588160562499999 0.7330885390625 0.7358247890625 0.7283959390625 0.735699546875 0.708738278125 0.7146232578125 0.6989644687500001 0.712373534375 0.6920771703125 0.7303105265625 0.6982399578125 0.754009953125 0.6958790359375 0.7658801578125 0.699376553125 0.7838733234374999 0.723394375 0.7926907984375 0.726421325 0.7869154703125 0.7348068999999999 0.787360259375 0.73802815625 0.7825845515625 0.7377507390625 0.778488915625 0.731669909375 0.7765587421875 0.7293382312500001 0.764563296875 0.7305602453125 0.760176203125 0.7375575890625 0.7588160562499999
4 0.69501639375 0.7961321406249999 0.6926285390625 0.7945215109375 0.6822437234375001 0.7944653359375 0.6761898265624999 0.8060159921875 0.6820459546875 0.8494854343749999 0.6872372078125 0.8681867609375 0.691458084375 0.8632167468749999 0.693819003125 0.8513465421875 0.6931271953125 0.813097596875 0.69501639375 0.7961321406249999
4 0.54596638125 0.7524872484375 0.5434403953125 0.7394921828125 0.5373045421875 0.7292735859375 0.532528834375 0.7260523296875 0.5201447781249999 0.7263847671875 0.5178119453125001 0.7330625625 0.51903280625 0.7473487078125001 0.5271679 0.7571786921875 0.53913525625 0.7600394234375 0.54596638125 0.7524872484375
4 0.4742172625 0.7436112890625 0.4671110328125 0.7097213515624999 0.45922642031249994 0.69050616875 0.447758875 0.6875482875000001 0.4436222609375 0.6769410765625 0.43795813125 0.6718177328125 0.43123820312500005 0.6772735125 0.428794175 0.6860477031250001 0.4297657078125 0.6910458046875 0.42343439375 0.6985008234375 0.42321200000000003 0.7026936125 0.426126596875 0.71768791875 0.4305968015625 0.722005946875 0.43770418749999995 0.737222646875 0.44339525156250004 0.7558268203125 0.4513360390625 0.7646571843750001 0.45622294218750004 0.765782046875 0.46502522031250004 0.7630336671875 0.466692021875 0.750260996875 0.4742172625 0.7436112890625
4 0.387565028125 0.6100332703125 0.38512215312500003 0.60013421875 0.37512595000000004 0.602077284375 0.37526408125 0.613461721875 0.38026102812499996 0.631163428125 0.38545343593750003 0.6311915156250001 0.38817488125 0.6265129609375 0.387565028125 0.6100332703125
4 0.4662622359375 0.5158944640625001 0.46307022187499997 0.49680452343750003 0.4580170984375 0.489487634375 0.45301899843750004 0.4904591671875 0.45071310000000003 0.5106177921875 0.4521844421875 0.5155187406249999 0.45584933124999993 0.521030696875 0.4642349078125 0.5214754859374999 0.4662622359375 0.5158944640625001
4 0.4513498875 0.540578315625 0.44929562343749996 0.53267850625 0.4445480046875 0.5242648421875 0.43935559687500003 0.5242367546875 0.43810549375 0.53381625625 0.4393544421875 0.54290999375 0.44351914218750005 0.548324796875 0.4488227484375 0.546256490625 0.4513498875 0.540578315625
4 0.391432303125 0.4858321734375 0.389434215625 0.467547546875 0.3839924796875 0.45823141562499997 0.3799108890625 0.455912628125 0.370247121875 0.4702397484375 0.3669416046875 0.49059268281249996 0.3703560125 0.505489834375 0.3816292515625 0.5074480968749999 0.385850128125 0.5024780828125001 0.3853784046875 0.497382828125 0.391432303125 0.4858321734375
4 0.3550912140625 0.3922693625 0.3539815515625 0.3758868234375 0.3456521515625 0.3650572171875 0.342847596875 0.36663975937500004 0.333795990625 0.36010009374999996 0.3223553796875 0.3706230421875 0.3211872328125 0.401971796875 0.330626296875 0.4291839421875 0.33906689375 0.4379171546875 0.34317657343749997 0.4350435328125 0.3550912140625 0.3922693625
4 0.2919242875 0.347491334375 0.2898700265625 0.33959152656249997 0.280652203125 0.326859834375 0.2716556203125 0.3286085921875 0.269960728125 0.3465736703125 0.2747352828125 0.3684681640625 0.2814540546875 0.3816856234375 0.2866464625 0.3817137109375 0.292117440625 0.36716419375 0.2919242875 0.347491334375
4 0.294083978125 0.44666094687499996 0.2910031609375 0.42547461249999996 0.28356218437499997 0.4165470953125 0.2793693953125 0.4163247 0.2744263171875 0.42558465625 0.2703154828125 0.44713151562500003 0.2657598625 0.4770639484375 0.26664713125 0.49763927656250007 0.264731 0.501123903125 0.27000651875 0.50424800625 0.27047824062500003 0.5093432609375 0.27622548125 0.5175626171875 0.282639903125 0.513203609375 0.28802661875 0.51423131875 0.290276340625 0.504457509375 0.297301771875 0.49790495625000003 0.30085661875 0.48684006718750006 0.3005522671875 0.4692636015625 0.2976926921875 0.46255771875 0.296360634375 0.4503679671875 0.294083978125 0.44666094687499996
4 0.2733435859375 0.422682946875 0.2709007125 0.41278389843749996 0.2663754859375 0.4001774453125 0.2529918078125 0.40070418906249994 0.2430225390625 0.4161280859375 0.24232726875 0.4338988578125 0.2445758375 0.44279828749999994 0.25704185 0.46423510312499994 0.2627059796875 0.469358446875 0.2622342578125 0.464263190625 0.269287775 0.4525182296875 0.2730650171875 0.4372605515625 0.2733435859375 0.422682946875
4 0.24340653437499998 0.4928202828125 0.244351134375 0.48433755468750006 0.2368832234375 0.4619292046875 0.23430221874999999 0.44064571875 0.2297489046875 0.4332316734375 0.223140175 0.4365910609375 0.21708627812499998 0.448141715625 0.20789307968749998 0.4862373328125 0.206837284375 0.49681645625000004 0.21275074218749998 0.5112278421875 0.2168323328125 0.51354663125 0.2216630625 0.5250563078125 0.22516057968749997 0.5430494734375 0.22660267968749997 0.5718160703125 0.233571934375 0.5756483328125 0.2459559921875 0.5753158953125 0.25270400625 0.5646677078125 0.2550660796875 0.534124265625 0.251263059375 0.5172278718750001 0.2467097453125 0.5098138296875 0.24340653437499998 0.4928202828125