4 0.855558803125 0.25757416875 0.8381517484375 0.255127765625 0.8320096171875001 0.2567299453125 0.8217431109375 0.26662791874999997 0.8234210859375001 0.27573918124999997 0.8346180562500001 0.2802712921875 0.83027413125 0.2831123515625 0.8306975453125001 0.2871164984375 0.8447643312500001 0.2782456984375 0.8564735859375 0.26509893125 0.855558803125 0.25757416875
4 0.50007324375 0.288972109375 0.4963409203125 0.28746140625 0.4842762078125 0.2961204984375 0.47523290156250003 0.29731494375 0.47402537968749997 0.31292379375 0.4879353390625 0.3262195484375 0.500862559375 0.33247406874999996 0.50411919375 0.337369478125 0.5118556640625 0.33845676875 0.5238681015625 0.3371865265625 0.5293149953125 0.33351431875 0.5405851562499999 0.309458084375 0.530951165625 0.29380479843749996 0.5237583406249999 0.2888492734375 0.5084213140625 0.28570763593750004 0.50007324375 0.288972109375
4 0.6849696078124999 0.3977950171875 0.680066359375 0.39759899062500004 0.6417551515625 0.40355553750000006 0.6383103296875 0.40701603906250006 0.6477927296875 0.4167310609375 0.6679650500000001 0.42055225625 0.6781113265625 0.4185266625 0.6871389531250001 0.4104268953125 0.6891933015625 0.40282633749999996 0.6849696078124999 0.3977950171875
4 0.8007709765625 0.3667341703125 0.7785286265625 0.3636082125 0.7769499671875 0.367824065625 0.7517018921874999 0.379068075 0.74661045625 0.3872279578125 0.76072428125 0.39907312500000003 0.7841375562499999 0.40088440625 0.7941636015625 0.40673119375000005 0.8115706578124999 0.40917759531250003 0.8270645109375 0.39015268125 0.8227728624999999 0.385604890625 0.8257942703125 0.37814024375 0.82246968125 0.3737283640625 0.8186694015624999 0.3727011890625 0.8150207140625 0.377612278125 0.803416009375 0.37598134375000003 0.799819596875 0.37350358125 0.8007709765625 0.3667341703125
4 0.8213248796875 0.41695849999999995 0.8191189390625 0.41862079531249996 0.8158257109375 0.428019559375 0.82440900625 0.437115140625 0.8656527515624999 0.4453769703125 0.8842307328125001 0.44650869687499994 0.8810420546875 0.44112975781249997 0.871016009375 0.43528297031249996 0.8361182625 0.42396837343750005 0.8213248796875 0.41695849999999995
4 0.7352148015625 0.5384811625 0.7226430390624999 0.5367143171875 0.7114617484375 0.5390875281249999 0.70704986875 0.5424121171875 0.7034848171875 0.5537449999999999 0.7088114796875 0.5579451718749999 0.722146434375 0.5612985171875 0.7335995468750001 0.5569911890625 0.7399298640625 0.5470330999999999 0.7352148015625 0.5384811625
4 0.704765503125 0.600767575 0.671817553125 0.5966301234375 0.651932734375 0.5977801328125001 0.6456703734375 0.6072546921875001 0.63476090625 0.6076937859375 0.628346953125 0.6112300828125 0.631195853125 0.61902666875 0.638388678125 0.6239821921875001 0.643223971875 0.6246617484375 0.6480069890625 0.63273015625 0.6517393125 0.634240859375 0.6662451921875 0.636279528125 0.671556175 0.6335743796875 0.6875727578124999 0.6318807234375 0.7062186953125 0.6325289203125 0.71670475 0.62808568125 0.7192504671875 0.6240057390625 0.719506609375 0.6151663 0.70844555 0.6096671296875 0.704765503125 0.600767575
4 0.5565911906250001 0.637633378125 0.5468526484375 0.6367577953125 0.5454935359374999 0.6464283828124999 0.5558593578125001 0.6498575234375 0.57347028125 0.6508533375 0.5751168953125 0.6461539546874999 0.57172435 0.6422256046875 0.5565911906250001 0.637633378125
4 0.49580243125 0.536884140625 0.4774962734375 0.533818296875 0.46928411406250004 0.5361157125 0.46860455781250004 0.54095100625 0.4861632046875 0.549335671875 0.4910664546875 0.5495316984375 0.49720858437500004 0.54792951875 0.5002299921875 0.540464871875 0.49580243125 0.536884140625
4 0.51352835 0.5581123906250001 0.5057239250000001 0.5575086296875 0.49661266406250004 0.5591866046875 0.49496604843750003 0.5638859875 0.50326184375 0.5680103640625 0.511897415625 0.5697170953125 0.5181075015625 0.5676313859375 0.5178879546874999 0.5621766515625 0.51352835 0.5581123906250001
4 0.4451808125 0.5953493578125 0.4279776234375 0.59145236875 0.417831346875 0.5934779609375 0.4144544828125 0.5964549328125 0.42442825156249997 0.6096905718750001 0.44185098749999996 0.6190422953125 0.4564248234375 0.620597434375 0.461720125 0.6109869640625 0.458531446875 0.605608025 0.45376410937499995 0.604444940625 0.4451808125 0.5953493578125
4 0.34899767656249997 0.5990894953125 0.33379655937499997 0.5949807984375 0.3213763890625 0.599152215625 0.3219357140625 0.6021893031250001 0.313179909375 0.608354953125 0.31914953281249997 0.6220140046875 0.3472099140625 0.632860753125 0.3748312015625 0.6327980328125 0.3853852109375 0.6278712640624999 0.38406269531250004 0.623247678125 0.34899767656249997 0.5990894953125
4 0.288674109375 0.6423849578125 0.280869684375 0.641781196875 0.26644744062500003 0.6461643203125 0.26522423906250003 0.6548678484375 0.28098468125 0.6620136328124999 0.30232792656249996 0.6645201515625 0.31641039375 0.6625546734375 0.3180570078125 0.6578552921874999 0.306572534375 0.6483519765625 0.288674109375 0.6423849578125
4 0.37926920625 0.671388903125 0.3590968859375 0.667567709375 0.34867878750000003 0.67152741875 0.3471680828125 0.6752597421875 0.3540211296875 0.6826329140625 0.3722750125 0.6930876078125 0.39799354375 0.706563709375 0.41692698281249996 0.712183109375 0.41948838125 0.715008490625 0.423968215625 0.7112003703124999 0.428735553125 0.7123634562500001 0.4379827265625 0.7097184234375 0.4360329296875 0.702541278125 0.43864660312500003 0.6979778078125001 0.43048671875 0.692886371875 0.426738715625 0.684470346875 0.41781564062500004 0.6777924109375 0.40178337812500003 0.6725807453125 0.3948101 0.6730799546874999 0.3833413078125 0.6704819609375 0.37926920625 0.671388903125
4 0.3510519984375 0.6827087093750001 0.34131345625 0.6818331265625 0.3284698703125 0.6820003984375 0.3247689078125 0.6943003375 0.33564177968750003 0.7081554171875 0.35153813125 0.7143341421875 0.36030961562499997 0.7150738140625 0.3836392546875 0.710463303125 0.39005320781249997 0.7069270078125001 0.38528586875 0.705763921875 0.376838484375 0.6957012812500001 0.36418308593750004 0.6875126421875 0.3510519984375 0.6827087093750001
4 0.4053013640625 0.7317516703125 0.397904671875 0.7282467328125 0.3752545890625 0.7280219515625 0.355150225 0.7237172265625 0.347006021875 0.7255311125 0.347988759375 0.732572346875 0.35657205625 0.741667928125 0.3882445296875 0.761897759375 0.39750738281250003 0.7661580484375 0.412420996875 0.765295540625 0.4157978625 0.76231856875 0.42774234375000003 0.76153185625 0.44514940000000003 0.763978259375 0.47168339687499994 0.7716520078125 0.4773341578125 0.7665292125 0.4808992109375 0.75519633125 0.473350928125 0.74575313125 0.4463935171875 0.7340752359375 0.4298855640625 0.732248275 0.4217413609375 0.7340621609375 0.4053013640625 0.7317516703125