3 0.391102715625 0.46266132656250003 0.3897640234375 0.4834555 0.380951634375 0.502902346875 0.38450694375 0.520518140625 0.389441828125 0.5285971328125 0.397401253125 0.5298323203125 0.40913216874999997 0.523027003125 0.40972806874999995 0.5167438953125 0.407519771875 0.504962653125 0.4085972375 0.4852530453125 0.4026867375 0.4640839671875 0.39670695 0.4603432328125 0.391102715625 0.46266132656250003
3 0.3891570703125 0.693568025 0.395504096875 0.6767388640625 0.3983775796875 0.6648086578125 0.3972550703125 0.6599465312499999 0.3927324640625 0.655869378125 0.38522204531250004 0.6565790390624999 0.370833828125 0.6496582656250001 0.363584634375 0.6492833625000001 0.3430655734375 0.6335354484375 0.3376082375 0.6276255859375001 0.3259791734375 0.601631209375 0.320970840625 0.597666196875 0.31704829375 0.6006202984375 0.3167177796875 0.6191332046875 0.3253590296875 0.64991439375 0.3261101421875 0.662032053125 0.3307879609375 0.6845099718750001 0.3417476796875 0.720901434375 0.3468703421875 0.7320098421875 0.366234328125 0.75826698125 0.3757652671875 0.7663091468750001 0.3879451859375 0.7614486796875 0.394141159375 0.739533115625 0.3891570703125 0.693568025
3 0.47093120156249996 0.7463868703125 0.45277981250000005 0.7741353281250001 0.4483022484375 0.7946299109375 0.4496125375 0.802521453125 0.4519677296875 0.8060747359375 0.471882571875 0.8014770312499999 0.49904244843749995 0.78393986875 0.5020302625 0.7791530546875001 0.502401659375 0.7718975218749999 0.49615648593749995 0.7559269890625 0.4906991484375 0.7500171250000001 0.482813171875 0.74466795625 0.47093120156249996 0.7463868703125
3 0.124148496875 0.5539959765625 0.1279241484375 0.559269834375 0.14772881875 0.5608430984375 0.15695764843749999 0.5587124546875 0.158525003125 0.5522050703125 0.1549329703125 0.5366462656250001 0.1433815140625 0.5198522734375 0.13777728125 0.52217036875 0.1273199296875 0.538924215625 0.124148496875 0.5539959765625
4 0.36392965 0.3183691515625 0.3723706421875 0.30617783906249996 0.36944795468749997 0.28022195 0.3681009421875 0.274387396875 0.3636150609375 0.2682532546875 0.3542719015625 0.26324050625 0.3377571546875 0.2670532359375 0.32886715781250003 0.277299696875 0.336230684375 0.28481799375 0.33589600937499997 0.2900165375 0.332197965625 0.2939430640625 0.3343286546875 0.2965239234375 0.33399398125 0.3017224671875 0.3380675828125 0.3038547671875 0.35174972968749996 0.32322961875 0.3563090578125 0.32524978125000004 0.35858664375 0.3196026828125 0.36392965 0.3183691515625
4 0.39403229687499997 0.2714734390625 0.4006079859375 0.268931065625 0.40311007187500003 0.26425639218749997 0.3995914859375 0.244583609375 0.396787290625 0.23908547656249998 0.3834848609375 0.2390838171875 0.37567649062499997 0.24293503125 0.3829340046875 0.26993866093749996 0.39403229687499997 0.2714734390625
4 0.40229870156249997 0.41808205000000004 0.39804148125 0.42623469687500004 0.40077639062500003 0.449161171875 0.3979396296875 0.459034390625 0.405078653125 0.4655802609375 0.4094910859375 0.4758283828125 0.41573210156249996 0.47848455312500004 0.43254479687499997 0.47153027031250005 0.43216508124999997 0.45215707812500006 0.42554435156250003 0.430127715625 0.41029485 0.41726025 0.40229870156249997 0.41808205000000004
4 0.5759121203124999 0.44764961562499994 0.6018393140625 0.43142129531249995 0.5950675296875 0.404305528125 0.5795935265625001 0.3904656390625 0.568870790625 0.3949896890625 0.565511578125 0.4070320359375 0.5660381906249999 0.41817726874999994 0.5695200515625001 0.43990704062499997 0.5759121203124999 0.44764961562499994
4 0.451813825 0.313443325 0.4595854703125 0.3116490984375 0.4626467328125 0.3027483046875 0.459242478125 0.2902189171875 0.45236468125 0.28258848125 0.44530326562500006 0.28524299375 0.439776640625 0.2967614703125 0.44228288750000005 0.305401159375 0.451813825 0.313443325
4 0.3107698421875 0.47813486562499996 0.3203091 0.51280575625 0.32288879531250003 0.5173314640625 0.33331774062499997 0.5292633312499999 0.344040478125 0.52473928125 0.3456812796875 0.514117915625 0.3450403375 0.4958292875 0.3371502015625 0.4771657578125 0.3207823484375 0.4727505296875 0.312786203125 0.4735723296875 0.3107698421875 0.47813486562499996
4 0.545259328125 0.647286421875 0.543169521875 0.6559629375 0.54537781875 0.6677441796875 0.5481820140625 0.6732423125 0.5670193890624999 0.68835421875 0.5828973546875 0.6795672234375 0.5882362 0.66501933125 0.5837870421875 0.6568281984375 0.5742193796875 0.6508430234375 0.5638313171875 0.6501685296875 0.55643106875 0.644707221875 0.545259328125 0.647286421875
4 0.7720526375000001 0.4617738328125 0.7770609703125 0.465738846875 0.790102175 0.4668250703125 0.794767515625 0.44935990156249994 0.7955103109375 0.43484883593749996 0.7921427796875 0.42026245781249993 0.78119138125 0.41049972031250004 0.76583586875 0.41711758593750003 0.7627746078125 0.4260183796875 0.7720526375000001 0.4617738328125
4 0.2942142125 0.470690221875 0.29018149531250004 0.47981529375000004 0.29182645625000003 0.48250829062499995 0.29074482968750004 0.4889035375 0.29343885468750003 0.5005726390625 0.299235025 0.5145983234375 0.302786175 0.5188997546875 0.3094353109375 0.5122434015625 0.30734134375 0.5076055546875 0.3067004015625 0.4893169265625 0.3002307265625 0.4723739671875 0.2942142125 0.470690221875
4 0.48614742499999997 0.6527394359375001 0.48513924687500004 0.655020703125 0.489886353125 0.6600702796875 0.493323171875 0.6572283171875 0.49840079375 0.643764990625 0.5146910375 0.6389798343749999 0.51681756875 0.62824633125 0.5135234843750001 0.6095459734374999 0.5099723359375 0.6052445421875 0.48531038750000005 0.60479266875 0.48053071562499994 0.61511444375 0.48240433749999995 0.6320942281249999 0.4813594359375 0.6364324859375 0.483192175 0.6421548984375 0.48031453125 0.64077074375 0.4787839015625 0.6452211390625 0.4805799171875 0.653000540625 0.4820371 0.6526641234375 0.481175815625 0.6467174328125 0.4840534609375 0.6481015875 0.48614742499999997 0.6527394359375001
4 0.4070721921875 0.74679030625 0.40838247968749997 0.7546818484375 0.4065906234375 0.7602168078125 0.408235584375 0.7629098062499999 0.4079009125 0.7681083484375 0.41190106562500006 0.7743546296875 0.42449326562499995 0.773496003125 0.43528944999999997 0.7648579718749999 0.43330565468750004 0.75404915625 0.43461178437500003 0.7486263359375 0.4318443109375 0.7410712109375 0.41902760937499994 0.7409574140624999 0.4070721921875 0.74679030625