3 0.4111328125 0.4951171875 0.4130859375 0.4892578125 0.41357421875 0.4775390625 0.4189453125 0.458984375 0.41796875 0.4375 0.4130859375 0.4326171875 0.4072265625 0.43359375 0.4013671875 0.453125 0.388671875 0.4697265625 0.38818359375 0.4873046875 0.39111328125 0.49609375 0.3984375 0.4990234375 0.4111328125 0.4951171875
3 0.30322265625 0.6689453125 0.3056640625 0.6806640625 0.318359375 0.7099609375 0.32568359375 0.7197265625 0.33837890625 0.7177734375 0.34912109375 0.6982421875 0.3544921875 0.6533203125 0.3642578125 0.638671875 0.36962890625 0.6279296875 0.36962890625 0.623046875 0.3662109375 0.6181640625 0.35888671875 0.6171875 0.3466796875 0.607421875 0.33984375 0.60546875 0.32373046875 0.5859375 0.31982421875 0.5791015625 0.314453125 0.5517578125 0.310546875 0.546875 0.30615234375 0.548828125 0.3017578125 0.56640625 0.30322265625 0.59765625 0.30126953125 0.609375 0.30078125 0.6318359375 0.30322265625 0.6689453125
3 0.439453125 0.763671875 0.443359375 0.759765625 0.4453125 0.7529296875 0.44287109375 0.736328125 0.43896484375 0.7294921875 0.4326171875 0.72265625 0.4208984375 0.7216796875 0.3974609375 0.744140625 0.388671875 0.7626953125 0.38818359375 0.7705078125 0.3896484375 0.7744140625 0.40966796875 0.7744140625 0.439453125 0.763671875
3 0.16259765625 0.4736328125 0.16552734375 0.4677734375 0.16552734375 0.4521484375 0.158203125 0.43359375 0.15234375 0.4345703125 0.138671875 0.4482421875 0.13232421875 0.4619140625 0.134765625 0.4677734375 0.1533203125 0.4736328125 0.16259765625 0.4736328125
4 0.3896484375 0.2626953125 0.38818359375 0.267578125 0.3916015625 0.2705078125 0.400390625 0.2919921875 0.404296875 0.294921875 0.40771484375 0.2900390625 0.4130859375 0.2900390625 0.423828125 0.2802734375 0.4267578125 0.2548828125 0.4267578125 0.2490234375 0.423828125 0.2421875 0.416015625 0.2353515625 0.3994140625 0.2353515625 0.388671875 0.2431640625 0.39404296875 0.251953125 0.392578125 0.2568359375 0.38818359375 0.259765625 0.3896484375 0.2626953125
4 0.46240234375 0.2470703125 0.46337890625 0.2275390625 0.4619140625 0.2216796875 0.44921875 0.21875 0.44091796875 0.220703125 0.44189453125 0.248046875 0.4521484375 0.251953125 0.458984375 0.2509765625 0.46240234375 0.2470703125
4 0.421875 0.4501953125 0.42724609375 0.4541015625 0.44482421875 0.451171875 0.44873046875 0.4326171875 0.447265625 0.41015625 0.435546875 0.39453125 0.427734375 0.3935546875 0.421875 0.400390625 0.41943359375 0.4228515625 0.41455078125 0.431640625 0.419921875 0.439453125 0.421875 0.4501953125
4 0.61474609375 0.4228515625 0.60302734375 0.40625 0.591796875 0.408203125 0.5859375 0.4189453125 0.583984375 0.4296875 0.58251953125 0.451171875 0.5869140625 0.4599609375 0.615234375 0.4501953125 0.61474609375 0.4228515625
4 0.5107421875 0.296875 0.51025390625 0.2841796875 0.50537109375 0.275390625 0.498046875 0.2763671875 0.490234375 0.2861328125 0.49072265625 0.294921875 0.498046875 0.3046875 0.505859375 0.3046875 0.5107421875 0.296875
4 0.3486328125 0.482421875 0.3525390625 0.47265625 0.35595703125 0.455078125 0.3525390625 0.435546875 0.337890625 0.427734375 0.330078125 0.4267578125 0.3271484375 0.4306640625 0.32861328125 0.4658203125 0.330078125 0.470703125 0.33740234375 0.484375 0.3486328125 0.482421875
4 0.54248046875 0.6826171875 0.55078125 0.669921875 0.54833984375 0.6611328125 0.54052734375 0.6533203125 0.53076171875 0.650390625 0.52490234375 0.6435546875 0.513671875 0.6435546875 0.509765625 0.6513671875 0.50927734375 0.6630859375 0.5107421875 0.6689453125 0.525390625 0.6875 0.54248046875 0.6826171875
4 0.79541015625 0.509765625 0.79931640625 0.49609375 0.79931640625 0.4814453125 0.791015625 0.4697265625 0.77490234375 0.47265625 0.77001953125 0.48046875 0.77099609375 0.5166015625 0.77490234375 0.521484375 0.787109375 0.525390625 0.79541015625 0.509765625
4 0.30810546875 0.462890625 0.310546875 0.4677734375 0.318359375 0.462890625 0.3173828125 0.4580078125 0.32080078125 0.4404296875 0.318359375 0.4228515625 0.31298828125 0.419921875 0.30712890625 0.427734375 0.30810546875 0.4306640625 0.3056640625 0.4365234375 0.3056640625 0.4482421875 0.30810546875 0.462890625
4 0.453125 0.623046875 0.45068359375 0.626953125 0.45068359375 0.634765625 0.4521484375 0.634765625 0.45263671875 0.62890625 0.455078125 0.630859375 0.4560546875 0.6357421875 0.45458984375 0.6376953125 0.4580078125 0.6435546875 0.4619140625 0.6416015625 0.4697265625 0.6298828125 0.486328125 0.62890625 0.49072265625 0.619140625 0.49169921875 0.6005859375 0.4892578125 0.595703125 0.4658203125 0.58984375 0.458984375 0.5986328125 0.45703125 0.615234375 0.455078125 0.619140625 0.45556640625 0.625 0.453125 0.623046875
4 0.37060546875 0.7373046875 0.3828125 0.7314453125 0.38330078125 0.720703125 0.3857421875 0.7158203125 0.384765625 0.7080078125 0.37255859375 0.705078125 0.35986328125 0.7080078125 0.359375 0.7158203125 0.3564453125 0.720703125 0.357421875 0.7236328125 0.35595703125 0.728515625 0.3583984375 0.7353515625 0.37060546875 0.7373046875