3 0.549206684375 0.6561769 0.5683997390625 0.6539591953125 0.58535498125 0.6384740250000001 0.6061714625 0.630190459375 0.6066792515625 0.6236836734375 0.600867284375 0.61880685625 0.5772584453125 0.6197953015625 0.5574640859375 0.6274509125 0.544684303125 0.6291075296875001 0.5384580609375 0.631806375 0.5353982390625001 0.6460758531249999 0.5393062359374999 0.653811896875 0.549206684375 0.6561769
3 0.43655920625 0.7597364890625 0.47090358749999994 0.7583473359374999 0.48972258281250003 0.7518541171875001 0.4914395234375 0.746857134375 0.485721071875 0.74304919375 0.4552781453125 0.7397887765625 0.4474219375 0.7361678656249999 0.424501375 0.7204016671875 0.421709015625 0.713106546875 0.409851296875 0.7006807140625 0.4080810578125 0.6927576390625 0.4024093625 0.6894841390625001 0.397064971875 0.6899517140625 0.3858216390625 0.69685920625 0.3707236109375 0.7089507125 0.322069534375 0.719131221875 0.3017206265625 0.7327591796874999 0.3007985625 0.746841628125 0.31218870781249997 0.75392306875 0.3454707515625 0.7650130468749999 0.3585310796875 0.766563065625 0.399382246875 0.7656817015625 0.42391969375 0.7629964234375 0.43655920625 0.7597364890625
3 0.2392319390625 0.6832961765625 0.2477362109375 0.68201361875 0.2672032671875 0.67061693125 0.2895431171875 0.6428130109375 0.2873520625 0.630079984375 0.2792620671875 0.623786878125 0.271405859375 0.6201659671875001 0.2530011390625 0.619083521875 0.24570601875000003 0.62187588125 0.2418045640625 0.6265254546875 0.23289910156250002 0.660154909375 0.2348161546875 0.6820669171875 0.2392319390625 0.6832961765625
3 0.6014983875000001 0.933791665625 0.6158548390624999 0.9255347484374999 0.62950993125 0.90926124375 0.630017721875 0.9027544593749999 0.6090076703125 0.8965146515625 0.591905615625 0.8980108875000001 0.5857728890625 0.9017786109375001 0.5866612796874999 0.91193295625 0.59485133125 0.9316805562500001 0.6014983875000001 0.933791665625
4 0.8062452984374999 0.627226575 0.8163795359374999 0.6322637734375001 0.8239019015625001 0.61975799375 0.8223121499999999 0.601587059375 0.8140818828124999 0.5936906359375 0.8063191890624999 0.591138603125 0.7999059203125001 0.5916996921875 0.7723956234375 0.5973377109375 0.7627355031249999 0.610030521875 0.763249834375 0.615909353125 0.7582327421875 0.620118 0.7618134375000001 0.6241129703125 0.7861703953125 0.6316755515625 0.7897043328125 0.6351360828125 0.7949084515625 0.633065190625 0.7982553593749999 0.6343879640625001 0.801041178125 0.6292974671875 0.8062452984374999 0.627226575
4 0.8059385906250001 0.5744774734375 0.8359607 0.5729279390625 0.8373035828125 0.56365544375 0.8328812546875 0.5500405671874999 0.8263277125 0.5489983375 0.805043659375 0.5519375109375 0.801095446875 0.5560526453125 0.8006811703125001 0.5636283093750001 0.8059385906250001 0.5744774734375
4 0.616760190625 0.6158008171875 0.64111060625 0.61097778125 0.6480316671875 0.6039099078125 0.6462146718749999 0.5954523953125 0.6279904390625 0.5841220890625001 0.6032659640625 0.5846696109375 0.5833313328124999 0.5907219046875001 0.5818079625 0.6102422609375 0.5865978078125 0.6157470328125 0.5985425 0.616856128125 0.6076078578125 0.6219868421875 0.616760190625 0.6158008171875
4 0.570145753125 0.440010046875 0.59352080625 0.4363494046875 0.6050914406250001 0.43318298593750004 0.6162880140625 0.425741053125 0.6173503499999999 0.41326192031250003 0.5980572421875 0.40202513125 0.5680818875 0.404109103125 0.56010503125 0.43604172500000005 0.570145753125 0.440010046875
4 0.7499566875 0.525522259375 0.7596233515625 0.5252150656250001 0.7695640171875 0.5157288921875 0.7699315359375001 0.5076187875 0.7598440562500001 0.5031160296875 0.7459018796875 0.50379728125 0.737818425 0.5098897906250001 0.7385665421875001 0.51844081875 0.7499566875 0.525522259375
4 0.578426409375 0.7193211609375 0.6170463046875 0.717557946875 0.6210412765625 0.713977253125 0.619224278125 0.7055197390625 0.6092705296875 0.69023468125 0.5875656593749999 0.6883639015624999 0.56865315 0.693788240625 0.558338425 0.6989989015625 0.5572760875 0.711478034375 0.572941746875 0.718185415625 0.578426409375 0.7193211609375
4 0.3452127390625 0.540468628125 0.357992521875 0.5388120125 0.3661694921875 0.5337883796875 0.365094071875 0.5214962796875 0.35705083437499996 0.5157376109375 0.3529090515625 0.5053293703125 0.34360990625 0.49752646250000004 0.3337562140625 0.49569589843750006 0.32065566875 0.50599705625 0.31694778437500004 0.5251700031250001 0.3386591953125 0.5394263984375 0.3452127390625 0.540468628125
4 0.480482553125 0.23998199687500002 0.52012456875 0.2375908296875 0.528208021875 0.2314983203125 0.5298716640625 0.21358128125000003 0.5162502484375 0.20561799062500002 0.5002170718750001 0.2070207125 0.4856268328125 0.2126054328125 0.469319653125 0.2231871359375 0.47476409999999997 0.23617405625000001 0.480482553125 0.23998199687500002
4 0.6188698421875001 0.738401075 0.62216999375 0.7391894109375 0.6301599312499999 0.7320280218749999 0.6264389671874999 0.726429734375 0.60696536875 0.7254408031249999 0.5880528578125 0.73086514375 0.58261495 0.7302638390625 0.5780186765625001 0.7392824390625 0.5835968546875 0.7414870625 0.59986381875 0.7427565375 0.6126903609375 0.7416343609375 0.6188698421875001 0.738401075
4 0.40259082187499995 0.5930714015625 0.420574725 0.5893438953125 0.42954002812500003 0.5810201125 0.42088240312499997 0.55592811875 0.415304225 0.553723496875 0.39508905 0.5565691546875 0.38482108125000003 0.5623142546875 0.385341953125 0.5805787046875001 0.3732635296875 0.5902519078124999 0.3714998328125 0.5947144515625 0.378240403125 0.5978944375 0.3802378890625 0.596104090625 0.38567579531249996 0.5967053953125 0.388047340625 0.5991905609375 0.3816808265625 0.6002860890624999 0.3818210984375 0.6018894078125 0.39037212499999996 0.6011412890625001 0.39441385156250003 0.598095034375 0.392042309375 0.5956098671875 0.39850233749999997 0.5955832171875 0.40259082187499995 0.5930714015625
4 0.2934838203125 0.7124771390625 0.29678397031250003 0.713265471875 0.3018478171875 0.7095912640625001 0.3103520875 0.7083087078125 0.31234303125 0.6941327421875 0.3079674609375 0.68105230625 0.29932291875 0.6807315468749999 0.29421231406250004 0.683871315625 0.2825014078125 0.68543441875 0.2772570734375 0.6993564875 0.28056376250000004 0.7125304375 0.2882796984375 0.7145480296875 0.2934838203125 0.7124771390625