4 0.5724279296875 0.9624523359375001 0.5766466968749999 0.962378696875 0.6247487296875 0.9378262921875 0.6466214 0.921635984375 0.6433653734375 0.9164233125000001 0.6210605296875 0.907854484375 0.5840911515625 0.9053380828125001 0.5641439609375001 0.9109557687500001 0.554752884375 0.916916146875 0.5494150578125 0.9133206656249999 0.54635213125 0.9191705859375 0.5559087218750001 0.9226924296875 0.55279981875 0.9259084 0.5540751921875 0.938532953125 0.5712720906250001 0.956676053125 0.5724279296875 0.9624523359375001
4 0.718641121875 0.8771689234375 0.7323705046875 0.8779831765624999 0.7489605218750001 0.8613581265624999 0.7476667546875 0.8476799921874999 0.74336523125 0.8430125203125 0.7360559515625 0.8473557093749999 0.7234272374999999 0.8491569968749999 0.706763659375 0.8615677249999999 0.705856090625 0.8700147765624999 0.7090753359375 0.8731202890624999 0.718641121875 0.8771689234375
4 0.5959088828125 0.6153089484375001 0.605327546875 0.610928940625 0.6093808000000001 0.601373078125 0.5996770859375 0.5894225921875 0.59742058125 0.58103076875 0.5793804812500001 0.5750222515625001 0.5487300562499999 0.571868603125 0.5436405 0.5824964546875 0.5450538046875 0.6030228609375 0.5959088828125 0.6153089484375001
4 0.7521200328125001 0.55883330625 0.77214998125 0.55795673125 0.77507498125 0.544204959375 0.772836865625 0.536866715625 0.7675266281249999 0.5348516046875 0.7412053125 0.537945796875 0.7360238046875 0.543305746875 0.7383078953125 0.553277940625 0.7521200328125001 0.55883330625
4 0.8423058375 0.46715054531250005 0.8590521703125 0.4594809296875 0.874707034375 0.44972256093749996 0.8735236093750001 0.44236590781249996 0.8692588671875001 0.439805596875 0.8450469343749999 0.4428629703125 0.8423058375 0.46715054531250005
4 0.804159478125 0.3972050078125 0.814678809375 0.3954405390625 0.8155128171875001 0.3827791671875 0.807982853125 0.3744793921875 0.7984446515625 0.372011128125 0.780551675 0.3744312546875 0.7763972734375 0.3781924234375 0.7797176671875 0.387092628125 0.804159478125 0.3972050078125
4 0.7608343640624999 0.39321869375 0.7745453546875 0.39297936718750004 0.7765627859374999 0.387674646875 0.7669602203125 0.3815188515625 0.7404090265625001 0.3714432921875 0.7288350015625 0.37322616875 0.7278538718750001 0.37745890000000004 0.736438528125 0.385740265625 0.7608343640624999 0.39321869375
4 0.6131039703125001 0.3915817328125 0.6278604578125 0.39079720625 0.6341610234374999 0.38910637812500004 0.6382510578125 0.3816576765625 0.6350042250000001 0.37697179531249997 0.6254200484375 0.3718695796875 0.6064355984375001 0.3722009546875 0.5907163703125 0.37827179218749996 0.591918184375 0.386682025 0.5961737312500001 0.388715546875 0.6131039703125001 0.3915817328125
4 0.7642807375 0.3488946828125 0.775854759375 0.3471118046875 0.7810914375 0.34491259687500003 0.7820633734375 0.340153075 0.77973330625 0.32754693125 0.7649124515625 0.32464392656249996 0.7522837359375 0.3264452125 0.74810175 0.3286260125 0.7451031890625 0.33816346406250003 0.75052376875 0.34650005781250004 0.7642807375 0.3488946828125
4 0.78886416875 0.246237153125 0.7930461546875 0.2440563515625 0.7972005546875 0.2402951828125 0.80013475 0.2270702 0.7924668593749999 0.21086857343749998 0.7871198390624999 0.2067463015625 0.7797186078125 0.2058215890625 0.76076174375 0.207733334375 0.7482157843749999 0.2142757328125 0.7483077359375 0.2195436328125 0.7835815140625 0.24580241093750002 0.78886416875 0.246237153125
4 0.4560008890625 0.3969587296875 0.48656855625000006 0.3953712671875 0.493905421875 0.39260845 0.498013846875 0.38621332812500003 0.49572055937500004 0.3757143453125 0.4914374265625 0.372100453125 0.48085372968750006 0.370177390625 0.452404640625 0.37225482187500003 0.4398954625 0.38090438125000003 0.4452424828125 0.385026653125 0.44751737968749994 0.39447205625000004 0.4560008890625 0.3969587296875
4 0.5025967265625 0.527883059375 0.52797369375 0.53112875625 0.5295405625 0.50001131875 0.52625695 0.493218275 0.5189660593750001 0.4986150453125 0.5147380984375001 0.49816189375000003 0.505328628125 0.5030686921874999 0.5010914718749999 0.50208875 0.4927918671875 0.51013788125 0.49297577031250006 0.520673684375 0.4962226 0.525359565625 0.5025967265625 0.527883059375
4 0.4311562984375 0.6055379000000001 0.4543503203125 0.6046060953125 0.46269590312500003 0.599190915625 0.4711150453125 0.5979900578125 0.479460628125 0.5925748796875 0.482633896875 0.593046440625 0.490970284375 0.5871044703125 0.484568571875 0.5830006078125 0.4865860046875 0.5776958875 0.48233045625 0.5756623656250001 0.4768455109375 0.563638240625 0.47154446562499996 0.5621499187500001 0.47356189843749996 0.556845196875 0.4683252203125 0.55904440625 0.45988768750000003 0.559191684375 0.43997727812500004 0.56691653125 0.3949933421875 0.5887797546875 0.40154217656249996 0.601312259375 0.4311562984375 0.6055379000000001
4 0.49252520781250003 0.49486096718750006 0.5104273796875 0.49296762968749996 0.5250091609374999 0.48217409218749996 0.5259627046875 0.47636099062500004 0.5217347421875 0.47590784062499997 0.5237889546875001 0.472710278125 0.5194966265625001 0.468569596875 0.5131868671875 0.4697336359375 0.508922125 0.4671733234375 0.49415644218750004 0.46743105937499996 0.47419086093749996 0.47199516406250003 0.465854475 0.477937134375 0.466001596875 0.486365778125 0.47133942187500005 0.48996125937499996 0.49252520781250003 0.49486096718750006
4 0.40020518593750004 0.6455994515625 0.41074290781249995 0.6448885640625 0.4211335078125 0.6357490359375 0.42104155624999995 0.6304811328125 0.4156761453125 0.62530528125 0.40507405781249994 0.6223286359375 0.3829163375 0.62218845 0.3767261140625 0.6302007609375 0.38117476093749997 0.643296875 0.40020518593750004 0.6455994515625
4 0.3733008828125 0.736177628125 0.387011875 0.735938303125 0.398539921875 0.731521475 0.40574805625000004 0.7213835937499999 0.40126262968750004 0.7061803171875 0.39272395000000004 0.7005329046875 0.383231725 0.7006985921875 0.35812141875000003 0.7127298078125001 0.3477032328125 0.7202889671875 0.3499413484375 0.727627209375 0.3616532984375 0.7337461843749999 0.3733008828125 0.736177628125
4 0.2971754875 0.8476390874999999 0.3056222171875 0.8480186 0.3023661890625 0.842805928125 0.3116653171875 0.831577646875 0.3062263453125 0.8221874734375 0.30698679218749997 0.805311778125 0.30267607343749997 0.800117515625 0.2942293453125 0.7997380046875 0.2795556140625 0.805263640625 0.27442008281249997 0.8132575421875 0.2745855953125 0.8227397640625 0.2875637265625 0.840956503125 0.2971754875 0.8476390874999999
4 0.27291207812499996 0.7268639578125 0.28768695625 0.7271330125000001 0.27673545312500003 0.7041383437500001 0.2564756265625 0.6918451640625001 0.2595937265625 0.6891559843749999 0.2648763796875 0.689590725 0.2680036734375 0.6874283359375 0.2637481265625 0.6853948140624999 0.2564020640625 0.6876308421874999 0.243663009375 0.6831106484375 0.2343730765625 0.69486571875 0.2399683671875 0.7132113265625 0.2570273359375 0.7234525734374999 0.27291207812499996 0.7268639578125
4 0.2967507015625 0.581536425 0.3220816921875 0.582148171875 0.3304548578125 0.5783133640625 0.338726878125 0.5686838640625 0.32876570156249996 0.5419832546875 0.3128257890625 0.535411128125 0.2948960296875 0.5357240921875001 0.2749580359375 0.54186856875 0.2718491328125 0.5450845390625 0.2703742140625 0.581469878125 0.278885309375 0.585536921875 0.2904685265625 0.584280834375 0.2967507015625 0.581536425
4 0.22323861250000002 0.4800642078125 0.2316485609375 0.4783365609375 0.2575652890625 0.45206359999999995 0.2563818640625 0.44470694687499995 0.2415150359375 0.4391699921875 0.23507654375000003 0.43295896718750004 0.2266665953125 0.434686615625 0.2225121953125 0.4384477859375 0.21722034531249998 0.43748625468749996 0.20693089531250003 0.452420475 0.20938969375 0.47240168125000004 0.22323861250000002 0.4800642078125