4 0.434140175 0.0476876125 0.4300723640625 0.048187078125 0.3861020125 0.0768123625 0.36661899062500003 0.094688846875 0.3702941796875 0.0993990125 0.39271155625 0.105420925 0.42867950937500005 0.10410147031250001 0.4473772875 0.09664424687499999 0.45584309999999995 0.0899272109375 0.461364896875 0.092862215625 0.4637289921875 0.086894375 0.454139384375 0.084458834375 0.45681564531249996 0.081033378125 0.45430029843749997 0.06895480781249999 0.43584389218749997 0.0531559875 0.434140175 0.0476876125
4 0.3015687421875 0.1449996828125 0.2882234875 0.145605990625 0.2738876640625 0.16336661875 0.276527878125 0.1764621421875 0.2811575859375 0.1805389671875 0.28777679375 0.1755970921875 0.29979293125 0.17257326875 0.31462821875 0.1588804515625 0.3146462421875 0.150619959375 0.3112207859375 0.14794369999999998 0.3015687421875 0.1449996828125
4 0.44674644687500004 0.38576140937500003 0.4380933359375 0.390953015625 0.43514931875 0.400605059375 0.4457378546875 0.411176221875 0.44877069062499997 0.4190621140625 0.46680808906250004 0.4230411078125 0.4967367578125 0.42297932656250004 0.5005728625 0.412185465625 0.49712102031249994 0.3924797484375 0.44674644687500004 0.38576140937500003
4 0.30158861875 0.45623106562500004 0.2823289453125 0.459112 0.280901346875 0.4727069859375 0.2838093140625 0.47957592499999996 0.2891438125 0.4809855015625 0.314255471875 0.4753214671875 0.31871590781250003 0.4696123703125 0.315495771875 0.4602010484375 0.30158861875 0.45623106562500004
4 0.2237897609375 0.554043903125 0.20839257656250001 0.5631604328125001 0.19426207499999998 0.574186003125 0.19615309218750002 0.58117980625 0.20053306875 0.5832227249999999 0.2236108234375 0.5778084203125 0.2237897609375 0.554043903125
4 0.2677491484375 0.617809440625 0.257766915625 0.6205835328125 0.2582483578125 0.632911834375 0.2663659578125 0.6401733953125001 0.2758307 0.6415919828125001 0.29286916875 0.637435353125 0.29649994999999996 0.633376553125 0.29238772812499997 0.6251070515625 0.2677491484375 0.617809440625
4 0.31000611875 0.61726621875 0.2967857296875 0.6188894781250001 0.2953761546875 0.6242239765625001 0.305277928125 0.6292019 0.331950415625 0.6362497765625 0.34294959999999997 0.63335081875 0.3434670875 0.6291581421875 0.3343325359375 0.6220214453125 0.31000611875 0.61726621875
4 0.45287900625 0.6038527734375 0.438704096875 0.6061093750000001 0.43278967812499997 0.6083840015625 0.4295959296875 0.6160021375 0.4332086859375 0.620203828125 0.44298559531250004 0.6241647984375 0.46129074843750006 0.6219172078125 0.47585827968750005 0.6144509734375 0.47384239843750003 0.6064402140625 0.469524853125 0.6049057734375001 0.45287900625 0.6038527734375
4 0.31118268437499996 0.6604777109375 0.3001835 0.6633766671875 0.2953484671875 0.6660349046875 0.2948934125 0.6707360578125 0.29842571093750003 0.6826897625 0.313037653125 0.683992496875 0.3250537890625 0.680968671875 0.32887186874999996 0.678435303125 0.3307989328125 0.668908128125 0.3247152390625 0.6613968328125 0.31118268437499996 0.6604777109375
4 0.2978708734375 0.76224380625 0.29405279375000004 0.764777178125 0.2904220125 0.768835978125 0.2889319796875 0.7819224890625 0.2979860765625 0.7968111984374999 0.30357030625000003 0.8002546796875001 0.31081384375 0.8003975703125 0.32893169843750003 0.79662455 0.34038593906250003 0.7890244375 0.3397616078125 0.783939671875 0.303018071875 0.762127953125 0.2978708734375 0.76224380625
4 0.6040928421875 0.5827053375 0.5747260703125 0.58734340625 0.567919565625 0.590759853125 0.56460095 0.5973610359375 0.567883515625 0.607280834375 0.5723883609375 0.6103407046875 0.582807621875 0.6111259484375 0.6100780546875 0.606229134375 0.6212825625 0.5965951171875 0.6156983328125001 0.5931516343750001 0.6125406328125 0.584248790625 0.6040928421875 0.5827053375
4 0.5457725499999999 0.4608305875 0.5209286453125 0.4602680390625 0.5225782890625 0.490517884375 0.526440778125 0.49675348125 0.53293511875 0.4907946515625 0.5370653640625 0.49080366406250003 0.54565604375 0.48510358125 0.549848721875 0.48562106875 0.55704785 0.47699499375 0.5557991890625 0.4668254625 0.5521864328125 0.462623771875 0.5457725499999999 0.4608305875
4 0.6068895125 0.3784857296875 0.5845789796874999 0.3817412609375 0.5770676859375 0.3878249546875 0.569056928125 0.38984083593749996 0.561545634375 0.39592453125 0.5584323437500001 0.395790653125 0.5509834812500001 0.40238282343750004 0.5575846640625 0.40570143906249995 0.5561750890625 0.4110359359375 0.560492634375 0.412570378125 0.567013359375 0.42364100625 0.5722854234375 0.42454210625 0.5708758484375 0.429876603125 0.57571088125 0.42721836562500004 0.5838465046875 0.4262194375 0.60229455 0.416728309375 0.64352620625 0.3910200046875 0.6359260953125 0.3795657671875 0.6068895125 0.3784857296875
4 0.558858409375 0.4917408109375 0.5417575078125 0.495388965625 0.5287688265625 0.507306621875 0.5284386359375 0.513024728125 0.53256888125 0.513033740625 0.530909575 0.5163343312500001 0.5354768515624999 0.5199026796874999 0.541453703125 0.5181365296875 0.54583368125 0.5201794484375 0.560071021875 0.5184313234375 0.578893665625 0.5119910546875001 0.5863425265625 0.5053988828125 0.5853435984375001 0.49726325937500004 0.5798218 0.4943282546875 0.558858409375 0.4917408109375
4 0.6327156234375 0.33660400625000003 0.6226085265625 0.3383611453125 0.6135003578125 0.34825390624999997 0.6141246890625001 0.353338671875 0.6198337859375 0.3577991046875 0.6303779140625 0.3596013046875 0.6517963609375 0.357487590625 0.6569615828125001 0.34911124843749997 0.6513329437500001 0.3368987984375 0.6327156234375 0.33660400625000003
4 0.6494973015625 0.2462831375 0.6362769125 0.247906396875 0.6255898921874999 0.2533477375 0.6196574515625 0.26388285312500004 0.6255358203125 0.2781292078125 0.634358209375 0.2827235203125 0.6435107859375 0.281599725 0.66654413125 0.2674164546875 0.6758395984375001 0.2590491234375 0.6729316296875 0.252180184375 0.66099595 0.24745199375000002 0.6494973015625 0.2462831375
4 0.711703315625 0.130771453125 0.7035052578125 0.13126190468750001 0.707180446875 0.135972071875 0.6993389640625 0.147773875 0.705547525 0.1563021203125 0.706528428125 0.172698234375 0.711220571875 0.1772835359375 0.7194186296875 0.17679308437500002 0.7330316421874999 0.1699601921875 0.737179909375 0.1617087140625 0.7360561140625 0.15255613750000002 0.7216675218749999 0.1362578515625 0.711703315625 0.130771453125
4 0.7474189328125 0.2450988625 0.73311915625 0.24633851093749998 0.74603574375 0.2674628171875 0.76685624375 0.2772937953125 0.76411755 0.280210778125 0.7589703515624999 0.28032663125 0.7561692250000001 0.2827351359375 0.7604867703125 0.28426957812500003 0.7673557078125001 0.28136160781249997 0.7801210421875 0.284439503125 0.7879000921875 0.272129225 0.78063016875 0.254956878125 0.763110259375 0.2467852046875 0.7474189328125 0.2450988625
4 0.7391642015625 0.38805155625 0.7146324625 0.39003139062500003 0.70693386875 0.39458965468749996 0.699922040625 0.40474116093749996 0.7122587031250001 0.42954966875 0.728324628125 0.43428687187500004 0.7456128296875 0.43216414687500004 0.7642481734375 0.4241984484375 0.766924434375 0.420772990625 0.7646504578125 0.38543837812500004 0.7560153703125 0.382369496875 0.744953753125 0.3847599765625 0.7391642015625 0.38805155625
4 0.8204914546875001 0.4787135796875 0.812543128125 0.4812379375 0.7901785234375 0.5092749390625 0.7920695390625 0.5162687453125 0.8069936453125001 0.520113859375 0.8138445609374999 0.5254663828125 0.8217928859375 0.5229420234375 0.8254236671875 0.5188832234375 0.8306332968750001 0.5192758468750001 0.8390547015625 0.5037898421875 0.8346483390625 0.4847174671875 0.8204914546875001 0.4787135796875