4 0.1201171875 0.484375 0.123046875 0.4814453125 0.12646484375 0.490234375 0.1318359375 0.4873046875 0.12841796875 0.482421875 0.1337890625 0.4736328125 0.138671875 0.455078125 0.1357421875 0.4208984375 0.12744140625 0.400390625 0.12255859375 0.3974609375 0.10791015625 0.41796875 0.0859375 0.462890625 0.0859375 0.466796875 0.09130859375 0.4677734375 0.1083984375 0.4833984375 0.1201171875 0.484375
4 0.17724609375 0.3408203125 0.1884765625 0.3251953125 0.18994140625 0.3134765625 0.19384765625 0.306640625 0.189453125 0.302734375 0.1767578125 0.3017578125 0.16162109375 0.3173828125 0.16259765625 0.330078125 0.16650390625 0.3388671875 0.16943359375 0.341796875 0.17724609375 0.3408203125
4 0.4482421875 0.482421875 0.44482421875 0.4541015625 0.43896484375 0.4375 0.43115234375 0.435546875 0.419921875 0.4267578125 0.4111328125 0.4306640625 0.4072265625 0.439453125 0.41943359375 0.486328125 0.4384765625 0.4873046875 0.4482421875 0.482421875
4 0.4765625 0.3037109375 0.47900390625 0.279296875 0.47705078125 0.2744140625 0.47021484375 0.2724609375 0.45751953125 0.275390625 0.45703125 0.2939453125 0.46240234375 0.306640625 0.4716796875 0.30859375 0.4765625 0.3037109375
4 0.56298828125 0.1796875 0.55615234375 0.1787109375 0.54736328125 0.193359375 0.54052734375 0.208984375 0.56298828125 0.2060546875 0.5654296875 0.18359375 0.56298828125 0.1796875
4 0.62744140625 0.2646484375 0.62939453125 0.248046875 0.626953125 0.2392578125 0.619140625 0.232421875 0.607421875 0.2333984375 0.60595703125 0.2431640625 0.61572265625 0.265625 0.6240234375 0.2685546875 0.62744140625 0.2646484375
4 0.62939453125 0.3125 0.630859375 0.3017578125 0.62109375 0.27734375 0.615234375 0.2685546875 0.6103515625 0.2705078125 0.6103515625 0.283203125 0.61767578125 0.3056640625 0.62548828125 0.3134765625 0.62939453125 0.3125
4 0.626953125 0.4404296875 0.63232421875 0.42578125 0.63232421875 0.408203125 0.62744140625 0.3994140625 0.623046875 0.396484375 0.6162109375 0.400390625 0.61474609375 0.40625 0.6142578125 0.419921875 0.6171875 0.435546875 0.619140625 0.439453125 0.626953125 0.4404296875
4 0.67041015625 0.2939453125 0.67236328125 0.2900390625 0.673828125 0.2783203125 0.6708984375 0.2646484375 0.6591796875 0.2626953125 0.65478515625 0.263671875 0.65283203125 0.2685546875 0.6513671875 0.279296875 0.65380859375 0.2919921875 0.66162109375 0.296875 0.67041015625 0.2939453125
4 0.7763671875 0.2919921875 0.7822265625 0.2802734375 0.78369140625 0.2626953125 0.78271484375 0.255859375 0.77880859375 0.2509765625 0.763671875 0.244140625 0.75146484375 0.2470703125 0.748046875 0.2509765625 0.74609375 0.2548828125 0.74658203125 0.259765625 0.771484375 0.2919921875 0.7763671875 0.2919921875
4 0.626953125 0.580078125 0.634765625 0.568359375 0.63623046875 0.5419921875 0.63427734375 0.5322265625 0.630859375 0.5283203125 0.62109375 0.5263671875 0.615234375 0.5302734375 0.61279296875 0.537109375 0.61181640625 0.5654296875 0.6142578125 0.5732421875 0.623046875 0.5751953125 0.626953125 0.580078125
4 0.50634765625 0.533203125 0.513671875 0.525390625 0.5126953125 0.521484375 0.51708984375 0.5126953125 0.5166015625 0.5087890625 0.521484375 0.501953125 0.51513671875 0.4990234375 0.486328125 0.5009765625 0.48974609375 0.5244140625 0.4921875 0.5302734375 0.49658203125 0.533203125 0.50634765625 0.533203125
4 0.45458984375 0.5830078125 0.46142578125 0.564453125 0.46142578125 0.556640625 0.46337890625 0.5517578125 0.45849609375 0.5537109375 0.45703125 0.548828125 0.44580078125 0.5439453125 0.44384765625 0.5400390625 0.43896484375 0.5419921875 0.43505859375 0.5361328125 0.4296875 0.5439453125 0.43017578125 0.546875 0.42529296875 0.5546875 0.42431640625 0.5625 0.41943359375 0.5703125 0.4189453125 0.591796875 0.42333984375 0.619140625 0.43505859375 0.625 0.45458984375 0.5830078125
4 0.53662109375 0.5576171875 0.5419921875 0.5498046875 0.5458984375 0.53125 0.5458984375 0.517578125 0.54345703125 0.513671875 0.54443359375 0.5078125 0.54052734375 0.50390625 0.53759765625 0.505859375 0.537109375 0.501953125 0.53173828125 0.5029296875 0.52197265625 0.5166015625 0.5205078125 0.533203125 0.525390625 0.552734375 0.52880859375 0.5576171875 0.53662109375 0.5576171875
4 0.404296875 0.63671875 0.40380859375 0.6162109375 0.40087890625 0.6064453125 0.39599609375 0.6015625 0.39111328125 0.6015625 0.3828125 0.611328125 0.38232421875 0.62109375 0.384765625 0.638671875 0.39697265625 0.642578125 0.404296875 0.63671875
4 0.31396484375 0.6708984375 0.32080078125 0.6611328125 0.33154296875 0.6376953125 0.33154296875 0.62890625 0.326171875 0.62109375 0.31201171875 0.6171875 0.302734375 0.6240234375 0.298828125 0.634765625 0.298828125 0.6474609375 0.30126953125 0.658203125 0.30712890625 0.6689453125 0.31396484375 0.6708984375
4 0.22900390625 0.740234375 0.236328125 0.7353515625 0.2412109375 0.7216796875 0.24072265625 0.7138671875 0.23583984375 0.7099609375 0.22021484375 0.7109375 0.21142578125 0.7060546875 0.201171875 0.71484375 0.1962890625 0.7119140625 0.19677734375 0.7197265625 0.203125 0.728515625 0.22021484375 0.740234375 0.22900390625 0.740234375
4 0.33935546875 0.775390625 0.35009765625 0.7666015625 0.345703125 0.7548828125 0.34765625 0.748046875 0.345703125 0.744140625 0.34375 0.7470703125 0.34423828125 0.751953125 0.341796875 0.7548828125 0.330078125 0.736328125 0.30859375 0.7265625 0.30908203125 0.740234375 0.3125 0.7548828125 0.322265625 0.7705078125 0.33935546875 0.775390625
4 0.44384765625 0.740234375 0.4775390625 0.73828125 0.48046875 0.7353515625 0.48583984375 0.716796875 0.48583984375 0.7001953125 0.4794921875 0.685546875 0.45458984375 0.6767578125 0.44580078125 0.6845703125 0.4423828125 0.6923828125 0.443359375 0.7158203125 0.44091796875 0.7216796875 0.43994140625 0.732421875 0.44384765625 0.740234375
4 0.578125 0.787109375 0.5771484375 0.7822265625 0.58056640625 0.7783203125 0.58203125 0.7705078125 0.576171875 0.7646484375 0.57080078125 0.7509765625 0.56396484375 0.75 0.5400390625 0.7744140625 0.53857421875 0.7822265625 0.5458984375 0.794921875 0.564453125 0.796875 0.578125 0.787109375