3 0.678748140625 0.7387511203125 0.66451979375 0.7315886234375 0.6405527265625001 0.727407815625 0.6324001 0.72289246875 0.6007453843749999 0.7230686390625001 0.585034271875 0.72537480625 0.5753730484374999 0.7298352171875 0.5603852359375 0.7459427796875 0.5579156828125 0.7554631578125 0.5681968796875 0.762832515625 0.57151889375 0.769578065625 0.56666245 0.771315365625 0.5615476828125 0.7681235921875 0.5617543406250001 0.7720668484375001 0.568713521875 0.7726906546875 0.5718288796875 0.7754929500000001 0.5735957984375 0.7714462640625 0.5785297375 0.7711876875 0.5816450953125 0.7739899828125 0.5787622265625 0.7756238484375 0.584786284375 0.7772851859375 0.58289020625 0.7788673359375 0.6027292953125001 0.7798046578125 0.6105719359374999 0.7784051203125 0.61955635625 0.779911309375 0.6263863781250001 0.77807058125 0.6353966296875 0.780069678125 0.6447737 0.7701872921875 0.650771925 0.7713557203125 0.66225173125 0.7638344390625 0.6681466281249999 0.7630312390625 0.6783813249999999 0.750632603125 0.678748140625 0.7387511203125
3 0.67945076875 0.4500659984375 0.680695878125 0.454943353125 0.7020642328125 0.46618000625 0.7291208250000001 0.47267020156250006 0.746025384375 0.47425557500000004 0.76051721875 0.4675649609375 0.7600005750000001 0.457706821875 0.75021535625 0.44092051562499995 0.7439588109375 0.43482301718749994 0.7348710609375 0.4313452 0.703268009375 0.4325071859375 0.6935292890625 0.435488875 0.6839713953125 0.4419209109375 0.67945076875 0.4500659984375
4 0.34586474218749996 0.84417521875 0.34963107187500003 0.840518009375 0.3574995421875 0.839611378125 0.3650321984375 0.8322969578125001 0.365605671875 0.82435873125 0.3510673375 0.81128135 0.32821621875 0.8095133625 0.311802471875 0.8172932218750001 0.3357385421875 0.839763303125 0.34586474218749996 0.84417521875
4 0.4642121484375 0.7989262921875 0.46891360000000004 0.794231553125 0.4686036140625 0.7883166687500001 0.4644756359375 0.78507318125 0.44557166875 0.7830983328125 0.43876748125000004 0.7854319671875001 0.43429851875000003 0.79456286875 0.43847816249999993 0.798792171875 0.44450221875 0.80045350625 0.4642121484375 0.7989262921875
4 0.28659545625 0.6006452609374999 0.29514073125 0.59377203125 0.2888583515625 0.587181625 0.2769135671875 0.5858305828125 0.2633568546875 0.5914836671875 0.25875873125000004 0.5981500343749999 0.260158834375 0.60598483125 0.2730129125 0.6058054375 0.28659545625 0.6006452609374999
4 0.38470595625000004 0.58462976875 0.4000295859375 0.574929996875 0.40158984843749995 0.5669400546875 0.39748770312500004 0.5641894749999999 0.3950491484375 0.5554205796875 0.37728696093749997 0.55635145625 0.36593631718749997 0.5663372734375 0.36572449375 0.5811761984375 0.3738254546875 0.5847057312499999 0.38470595625000004 0.58462976875
4 0.510152034375 0.5049048218750001 0.5034253421875 0.5087171796875001 0.4982020828125 0.522335959375 0.50185475 0.5542714828124999 0.5109941640625 0.5587351140625 0.530807421875 0.5591795265624999 0.5376116093750001 0.5568458921875 0.5636607484375 0.5441127171875 0.5817639171875 0.53080745 0.578467734375 0.5245548046875 0.5652003437500001 0.5168476875 0.54720566875 0.5133424 0.5330548171875 0.507658625 0.5231611046875 0.5076828718749999 0.510152034375 0.5049048218750001
4 0.6713394765625 0.5785046359375 0.66772814375 0.5851192890625 0.6657494015625 0.6040049 0.679120121875 0.613683646875 0.6860793015625 0.614307453125 0.69961018125 0.6081614625 0.71532129375 0.60585529375 0.729528975 0.5937427046875 0.7298182953125 0.5803825 0.726599609375 0.575608575 0.71044935 0.569535325 0.6984787328125 0.5676913734375 0.6847411953125 0.5698941093750001 0.6713394765625 0.5785046359375
4 0.7113844765625 0.6629016046875 0.70670885625 0.6680892515625 0.7209320390625 0.694033928125 0.73014895 0.69997628125 0.7380690859375 0.7000554640625001 0.7536252078125 0.6947918546875 0.7607187140625 0.6790980171875 0.7559191015625 0.6630389484375 0.7508043343749999 0.659847175 0.7489082546875 0.6614293265625 0.7449094390625 0.6606503734375 0.7416649203125 0.65538354375 0.7356408625 0.6537222093749999 0.7113844765625 0.6629016046875
4 0.6022074734375 0.2223058421875 0.59820865625 0.221526890625 0.5896375500000001 0.2279072109375 0.5862587046875001 0.23895802656249998 0.584956765625 0.2518770390625 0.590355684375 0.2604907875 0.5985083109375 0.265006134375 0.624603946875 0.272040953125 0.6338208578125 0.2779833046875 0.655220209375 0.2709306828125 0.6597408359375 0.2627855953125 0.6676351390625 0.262371871875 0.6641581328124999 0.25266887968749996 0.6302766859375 0.2292372296875 0.6089341640625 0.2184934859375 0.6049870125 0.218700346875 0.6022074734375 0.2223058421875
4 0.5369296328125001 0.20397943437500002 0.52788838125 0.22026961093750003 0.5283016953125 0.22815612343749997 0.5324555046875 0.2318925171875 0.5307144187499999 0.236432109375 0.5427625328125 0.2397547828125 0.5605763828125 0.23980971874999998 0.5693541468750001 0.237372653125 0.5760033421874999 0.2320815765625 0.5795630109375 0.22448110937500002 0.5769952953125 0.21324767968749997 0.5825285421874999 0.20554378281250002 0.561237684375 0.1957858515625 0.557368028125 0.197471434375 0.5533433796875 0.19619957500000001 0.5369296328125001 0.20397943437500002
4 0.37438858750000004 0.236716628125 0.3653215046875 0.252513896875 0.36654078125 0.2568983453125 0.37259067031250004 0.2590525890625 0.372874825 0.26447456406250003 0.4057488171875 0.2686828421875 0.41860289375 0.2685034484375 0.43717104375 0.26407050625 0.46412947187500003 0.24980689531250003 0.4652815859375 0.2151482609375 0.4618562421875 0.20643108125 0.4578057609375 0.204666315625 0.445860975 0.20331527187499998 0.411710875 0.21251891406249998 0.38288219843750004 0.22885758437499998 0.37438858750000004 0.236716628125
4 0.2509109203125 0.4106433703125 0.24651945625 0.44013375625 0.25251768124999996 0.44130218593750004 0.2516083890625 0.44283262187499994 0.2543879296875 0.43922712500000005 0.26495844375 0.43323627968749995 0.2751414765625 0.4198518296875 0.282829125 0.4154948515625 0.2708120078125 0.39388290625 0.269933715625 0.3771240703125 0.25905321406250004 0.37720003125 0.25879489218749996 0.3722709609375 0.2536801265625 0.369079190625 0.2510814140625 0.3761350328125 0.24513485156249998 0.37595241874999996 0.24970197500000002 0.38757532499999997 0.2509109203125 0.4106433703125
4 0.189011928125 0.49455072031249997 0.1851422734375 0.4962363015625 0.18111762343749999 0.4949644421875 0.1782605875 0.4970912171875 0.171714721875 0.504353921875 0.1696584828125 0.5217608109375 0.166775615625 0.5233946796875 0.169813475 0.5247182546875 0.16607298125 0.528868371875 0.172928834375 0.52752055 0.17596669375000001 0.528844125 0.1925612671875 0.524514615625 0.196430921875 0.52282903125 0.1981461765625 0.5177965328125 0.20601465000000002 0.5168899015624999 0.20913000624999997 0.519692196875 0.206019815625 0.49810772031250006 0.20298195468750002 0.4967841453125 0.189011928125 0.49455072031249997