3 0.432913084375 0.8074186515624999 0.44099055781249996 0.8072952875 0.4605567046875 0.8025217437500001 0.458363021875 0.80131226875 0.4640376328125 0.7984910515625 0.4608516984375 0.797421028125 0.46341009843750003 0.7940259140625 0.46837136093750004 0.793328653125 0.470913675 0.7970187609375 0.4734720765625 0.793623646875 0.4802783921875 0.7916552296875 0.479720584375 0.7876862203125 0.475247403125 0.7918563640625 0.47007696250000003 0.7910652453125 0.47207755625000003 0.7837011203124999 0.4808844671875 0.77436858125 0.4765829140625 0.7653605359375 0.45854536718750005 0.7522118546875001 0.4480650328125 0.7496373640625 0.4319798140625 0.7503802171875 0.40043690937500004 0.756331059375 0.39319614999999997 0.7624079390625 0.37014907343750003 0.7712121765625 0.357373153125 0.781102525 0.36003883124999997 0.7928701046875 0.3726270328125 0.8032431624999999 0.3786502734375 0.8029025781250001 0.39153346875 0.808174921875 0.3972778078125 0.8058498296875 0.40852512656249995 0.8138817093749999 0.41710676874999997 0.8101460109374999 0.424261715625 0.8106582250000001 0.432913084375 0.8074186515624999
3 0.23919311406250002 0.5305829109375 0.25571277812500004 0.52573159375 0.28138798125000003 0.5140283703125 0.3004821359375 0.4986967203125 0.3007771265625 0.49359600625000005 0.2947002484375 0.4863552453125 0.2839410109375 0.48179625000000004 0.2736698546875 0.4807101375 0.24198749843749998 0.4856687296875 0.2336150328125 0.49089280625000004 0.22856795624999998 0.4981791609375 0.2220780921875 0.5167986499999999 0.2234726125 0.526721175 0.23919311406250002 0.5305829109375
4 0.7091347640625 0.82172041875 0.718360028125 0.815364634375 0.7378349890625 0.788343178125 0.7199905328125 0.78376809375 0.6975870796875 0.789952246875 0.6856478703125 0.8057961109375 0.6877557390625 0.8135946796875 0.6966699234375 0.8194248328124999 0.7046776703125001 0.8188053421875001 0.7091347640625 0.82172041875
4 0.5825715953125 0.7995395859375 0.602486371875 0.797246671875 0.6081609828125 0.7944254546875 0.6115024609375 0.789402509375 0.6052861296875001 0.781169496875 0.5980614578125001 0.7801611562499999 0.5796270140625001 0.785787503125 0.5761460859375 0.7898181937500001 0.5769827984375 0.7957717093750001 0.5825715953125 0.7995395859375
4 0.735496428125 0.570111965625 0.7483259859375 0.5678029625 0.748202621875 0.559725490625 0.742334921875 0.5539731078125001 0.727746125 0.5509641734375 0.7161179984375 0.554622103125 0.711140646875 0.5624045828125 0.7209773578124999 0.56759915625 0.735496428125 0.570111965625
4 0.6202181296875 0.5706295796874999 0.6310631812499999 0.5685994812499999 0.63844339375 0.5635148546875001 0.6353593609375 0.5487705187499999 0.6221275359375 0.5410175421875 0.604266990625 0.543527678125 0.603537553125 0.55273685625 0.5999868984375001 0.556271421875 0.6030870203124999 0.5639305375 0.6202181296875 0.5706295796874999
4 0.469862359375 0.5735473828125001 0.4894982328125 0.5692699625000001 0.49773124687500003 0.5630536312500001 0.49518356093750004 0.53052651875 0.48734744374999994 0.5179678203125 0.47991359375 0.5154711015625 0.4675023921875 0.5207568609375001 0.4576495921875 0.5226475078124999 0.4446644953125 0.531049478125 0.42743148125 0.5380247515625001 0.41571754062500005 0.548271771875 0.4136472203125 0.5551397703125 0.43424316875 0.5648933406250001 0.4626376875 0.5725390406249999 0.469862359375 0.5735473828125001
4 0.325980390625 0.6585271546875 0.33278670625 0.6565587374999999 0.3442217453125 0.644327209375 0.3385953984375 0.6258927671875 0.3337199515625 0.6200009343749999 0.3187127984375 0.614015240625 0.304612084375 0.614479190625 0.2930536828125 0.6186332453125 0.27815380625 0.6278102453125001 0.2758743078125 0.633189865625 0.2787491640625 0.646445821875 0.29523665 0.655764946875 0.31132186875 0.65502209375 0.325980390625 0.6585271546875
4 0.290833221875 0.75402745625 0.2987015171875 0.7524157140625001 0.3067253515625 0.7447110046875001 0.31585943125 0.716107309375 0.3102009078125 0.71184330625 0.284278978125 0.7073915859375 0.2786043671875 0.710212803125 0.2763945953125 0.7160885484375 0.2725650375 0.717638609375 0.270371353125 0.716429134375 0.2658981734375 0.720599278125 0.26423012031250004 0.7375292531250001 0.274329646875 0.7517935515625 0.290833221875 0.75402745625
4 0.320901028125 0.30559899218750003 0.34551425468749997 0.29353909375 0.3527550140625 0.2874622140625 0.35646120937500003 0.27783468125 0.35266382812499997 0.26521430156250003 0.3471608453125 0.25485733125 0.3373938609375 0.250158884375 0.333564303125 0.25170894375 0.3300994625 0.24865441562499999 0.326130453125 0.2492122234375 0.306966571875 0.264047746875 0.2777782625 0.293952103125 0.276196025 0.3042929859375 0.284134046875 0.30317737031249997 0.290210925 0.31041813125 0.31287719375 0.3133037015625 0.320901028125 0.30559899218750003
4 0.37839266875 0.2610924234375 0.3961137625 0.257590034375 0.4074629859375 0.2519476 0.404850946875 0.24776136875 0.4082621484375 0.24323454843749998 0.4071465328125 0.23529652968749998 0.394992775 0.22081500781250002 0.37714831875 0.2162399234375 0.373388484375 0.2182861109375 0.369210296875 0.217355540625 0.3499069640625 0.231198809375 0.3569063703125 0.2378039921875 0.3565255640625 0.24949380156249998 0.3615404640625 0.2563778875 0.3691834921875 0.26036298593749996 0.37839266875 0.2610924234375
4 0.5252675109375 0.2622053125 0.5380970671874999 0.2598963109375 0.570004690625 0.249340878125 0.5692377046875 0.2438834890625 0.5748425890625 0.240566146875 0.575207309375 0.23596155625 0.5631232765624999 0.22197616406249998 0.5531471140625001 0.2157893359375 0.52128775625 0.20508910781249998 0.48551302500000004 0.202528034375 0.47388489843750004 0.20618596406249998 0.4701947921875 0.20872827656249998 0.46847310468750003 0.21807690468750002 0.47633068125 0.252387390625 0.5059266296875 0.2613820171875 0.5252675109375 0.2622053125
4 0.6888765921875 0.3823885109375 0.6973724203125 0.3852419046875 0.7101000749999999 0.3966072171875 0.7217818406250001 0.400530634375 0.725246678125 0.40358516250000004 0.7240452484375 0.4022362359375 0.7297895859375 0.39991114375 0.7197082921875 0.3713771796875 0.7164451140625 0.34815847031249997 0.7187407 0.3356936296875 0.7128569109375 0.3370264703125 0.7089039890625 0.3304990578125 0.7044308078125 0.3346692015625 0.70512806875 0.339630465625 0.694283015625 0.3416605625 0.6966536999999999 0.35852885625 0.6888765921875 0.3823885109375
4 0.8199612343749999 0.47273977812499995 0.8270464546875 0.47275586562500005 0.8225196359375 0.46934466406249997 0.8252872140624999 0.46743792968750003 0.8221012796875 0.46636790625 0.8166841125 0.44942184375 0.8087621796875 0.44345223906250003 0.8055065171875 0.441886090625 0.8017466859375 0.44393227656249995 0.7975684984375 0.44300170625 0.7840953171875 0.44793079062499996 0.7813277375000001 0.4498375265625 0.7824111765625 0.47194598593750003 0.784969578125 0.4685508734375 0.7929773250000001 0.46793138437500004 0.7956590890624999 0.4726137421875 0.7998372796875 0.47354431406249997 0.8171936531249999 0.4746465140625 0.8199612343749999 0.47273977812499995