3 0.220703125 0.623046875 0.22998046875 0.6328125 0.228515625 0.638671875 0.2353515625 0.650390625 0.23583984375 0.65625 0.24755859375 0.6669921875 0.25927734375 0.66796875 0.26708984375 0.654296875 0.2724609375 0.630859375 0.27734375 0.623046875 0.27880859375 0.591796875 0.27734375 0.576171875 0.2734375 0.56640625 0.25830078125 0.55078125 0.2490234375 0.5478515625 0.2412109375 0.5576171875 0.234375 0.560546875 0.23291015625 0.5556640625 0.236328125 0.55078125 0.232421875 0.55078125 0.2314453125 0.5576171875 0.228515625 0.560546875 0.232421875 0.5625 0.232421875 0.5673828125 0.2294921875 0.5703125 0.22802734375 0.5673828125 0.22607421875 0.5732421875 0.224609375 0.5712890625 0.22265625 0.5908203125 0.2236328125 0.5986328125 0.2216796875 0.607421875 0.22314453125 0.6142578125 0.220703125 0.623046875
3 0.5498046875 0.75390625 0.55615234375 0.748046875 0.56005859375 0.7392578125 0.560546875 0.7080078125 0.55810546875 0.6982421875 0.55224609375 0.6884765625 0.54443359375 0.68359375 0.53955078125 0.6845703125 0.52734375 0.705078125 0.51953125 0.7314453125 0.51708984375 0.748046875 0.52294921875 0.7626953125 0.53271484375 0.7626953125 0.5498046875 0.75390625
4 0.18310546875 0.353515625 0.19091796875 0.3544921875 0.20458984375 0.3408203125 0.20751953125 0.318359375 0.20068359375 0.3017578125 0.17724609375 0.32421875 0.17236328125 0.333984375 0.17578125 0.337890625 0.17626953125 0.345703125 0.18310546875 0.353515625
4 0.224609375 0.4541015625 0.2275390625 0.435546875 0.2255859375 0.4287109375 0.216796875 0.423828125 0.21240234375 0.427734375 0.21044921875 0.43359375 0.2109375 0.453125 0.21533203125 0.4580078125 0.22119140625 0.4580078125 0.224609375 0.4541015625
4 0.42919921875 0.291015625 0.43115234375 0.279296875 0.42626953125 0.265625 0.419921875 0.2607421875 0.412109375 0.26171875 0.41162109375 0.2744140625 0.416015625 0.2880859375 0.42236328125 0.296875 0.42919921875 0.291015625
4 0.4462890625 0.3994140625 0.455078125 0.3974609375 0.455078125 0.3798828125 0.44580078125 0.3681640625 0.43115234375 0.3671875 0.42724609375 0.375 0.4267578125 0.3857421875 0.435546875 0.4013671875 0.443359375 0.4033203125 0.4462890625 0.3994140625
4 0.4697265625 0.5830078125 0.47607421875 0.580078125 0.484375 0.5673828125 0.48876953125 0.5498046875 0.4951171875 0.5361328125 0.49560546875 0.5263671875 0.4990234375 0.513671875 0.49560546875 0.5068359375 0.482421875 0.5009765625 0.45068359375 0.5029296875 0.44580078125 0.51171875 0.4443359375 0.53125 0.4462890625 0.5380859375 0.45751953125 0.564453125 0.4697265625 0.5830078125
4 0.39990234375 0.7255859375 0.4130859375 0.7265625 0.41796875 0.7236328125 0.4248046875 0.7080078125 0.42724609375 0.6962890625 0.42578125 0.6826171875 0.41796875 0.6689453125 0.41162109375 0.6650390625 0.39306640625 0.662109375 0.3828125 0.6748046875 0.3818359375 0.681640625 0.38720703125 0.6953125 0.388671875 0.7109375 0.39990234375 0.7255859375
4 0.330078125 0.748046875 0.33349609375 0.7431640625 0.33203125 0.7412109375 0.3330078125 0.7373046875 0.33837890625 0.734375 0.34033203125 0.728515625 0.33251953125 0.7041015625 0.32763671875 0.69921875 0.30126953125 0.7119140625 0.294921875 0.720703125 0.29443359375 0.728515625 0.298828125 0.744140625 0.31396484375 0.751953125 0.330078125 0.748046875
4 0.73046875 0.673828125 0.73046875 0.681640625 0.740234375 0.6787109375 0.76513671875 0.646484375 0.77685546875 0.6259765625 0.77685546875 0.6220703125 0.7734375 0.619140625 0.7744140625 0.615234375 0.7685546875 0.6064453125 0.7578125 0.6025390625 0.7451171875 0.6005859375 0.736328125 0.60546875 0.7314453125 0.61328125 0.72314453125 0.638671875 0.716796875 0.6474609375 0.72265625 0.6689453125 0.73046875 0.673828125
4 0.7724609375 0.5966796875 0.78369140625 0.5947265625 0.791015625 0.6005859375 0.8017578125 0.580078125 0.80029296875 0.576171875 0.8017578125 0.572265625 0.794921875 0.5556640625 0.779296875 0.5458984375 0.771484375 0.5458984375 0.767578125 0.5498046875 0.76318359375 0.5478515625 0.75927734375 0.5595703125 0.75830078125 0.5771484375 0.76025390625 0.5859375 0.76513671875 0.5927734375 0.7724609375 0.5966796875
4 0.78759765625 0.484375 0.79638671875 0.4814453125 0.79833984375 0.4775390625 0.80029296875 0.4658203125 0.79296875 0.431640625 0.7783203125 0.40234375 0.77099609375 0.3935546875 0.755859375 0.3837890625 0.75146484375 0.384765625 0.7490234375 0.390625 0.74365234375 0.390625 0.73779296875 0.4228515625 0.7373046875 0.435546875 0.74072265625 0.4541015625 0.75341796875 0.4814453125 0.78759765625 0.484375
4 0.63818359375 0.2724609375 0.64306640625 0.2724609375 0.646484375 0.267578125 0.6396484375 0.2646484375 0.64013671875 0.2587890625 0.62841796875 0.2626953125 0.60556640625 0.2626953125 0.57666015625 0.2568359375 0.5751953125 0.2626953125 0.57373046875 0.26171875 0.5771484375 0.2646484375 0.58251953125 0.275390625 0.59521484375 0.2861328125 0.59912109375 0.2939453125 0.62109375 0.283203125 0.6376953125 0.283203125 0.63818359375 0.2724609375
4 0.49755859375 0.203125 0.50244140625 0.205078125 0.5029296875 0.212890625 0.5 0.2158203125 0.521484375 0.2138671875 0.52294921875 0.2109375 0.52587890625 0.197265625 0.5244140625 0.193359375 0.52587890625 0.189453125 0.52392578125 0.1865234375 0.51708984375 0.1796875 0.5 0.1767578125 0.49853515625 0.173828125 0.4970703125 0.1767578125 0.4931640625 0.1728515625 0.494140625 0.1796875 0.49267578125 0.1826171875 0.49609375 0.19921875 0.49755859375 0.203125