4 0.416015625 0.2314453125 0.42431640625 0.2265625 0.42919921875 0.2197265625 0.431640625 0.208984375 0.431640625 0.19921875 0.42626953125 0.1865234375 0.42041015625 0.1806640625 0.4091796875 0.185546875 0.40625 0.197265625 0.40625 0.2060546875 0.41015625 0.228515625 0.416015625 0.2314453125
4 0.65966796875 0.2880859375 0.662109375 0.283203125 0.6630859375 0.2705078125 0.6611328125 0.2548828125 0.654296875 0.244140625 0.64208984375 0.2470703125 0.6376953125 0.26953125 0.63720703125 0.27734375 0.6416015625 0.2861328125 0.650390625 0.291015625 0.65966796875 0.2880859375
4 0.630859375 0.3466796875 0.634765625 0.337890625 0.6357421875 0.330078125 0.630859375 0.306640625 0.626953125 0.3037109375 0.6142578125 0.306640625 0.61376953125 0.330078125 0.615234375 0.337890625 0.62548828125 0.3486328125 0.630859375 0.3466796875
4 0.75244140625 0.638671875 0.76416015625 0.6103515625 0.75634765625 0.583984375 0.7412109375 0.5751953125 0.732421875 0.576171875 0.72607421875 0.5908203125 0.7255859375 0.603515625 0.72802734375 0.6220703125 0.736328125 0.640625 0.75244140625 0.638671875
4 0.662109375 0.6806640625 0.6630859375 0.6787109375 0.6708984375 0.6875 0.68359375 0.689453125 0.693359375 0.6865234375 0.6962890625 0.693359375 0.7060546875 0.6923828125 0.716796875 0.6845703125 0.7470703125 0.6728515625 0.74267578125 0.654296875 0.73974609375 0.650390625 0.7314453125 0.650390625 0.71630859375 0.6591796875 0.6611328125 0.6591796875 0.65380859375 0.6611328125 0.64990234375 0.66796875 0.6494140625 0.6708984375 0.65673828125 0.6787109375 0.6611328125 0.6767578125 0.662109375 0.6806640625
4 0.59130859375 0.6884765625 0.59375 0.6845703125 0.5966796875 0.669921875 0.595703125 0.65625 0.58544921875 0.6396484375 0.58056640625 0.642578125 0.56787109375 0.666015625 0.56982421875 0.6845703125 0.57568359375 0.69140625 0.587890625 0.69140625 0.59130859375 0.6884765625
4 0.60302734375 0.7265625 0.60498046875 0.7216796875 0.603515625 0.7138671875 0.59326171875 0.705078125 0.576171875 0.7060546875 0.57080078125 0.7138671875 0.57080078125 0.7236328125 0.57763671875 0.7314453125 0.5966796875 0.73046875 0.60302734375 0.7265625
4 0.48193359375 0.7314453125 0.486328125 0.7333984375 0.494140625 0.728515625 0.49560546875 0.7216796875 0.49560546875 0.697265625 0.49365234375 0.6923828125 0.482421875 0.681640625 0.474609375 0.697265625 0.47314453125 0.703125 0.47412109375 0.712890625 0.4794921875 0.7216796875 0.48193359375 0.7314453125
4 0.46435546875 0.7314453125 0.46826171875 0.7177734375 0.46923828125 0.705078125 0.46630859375 0.7021484375 0.4580078125 0.7041015625 0.453125 0.7119140625 0.45068359375 0.7236328125 0.4501953125 0.7333984375 0.45166015625 0.736328125 0.46044921875 0.7373046875 0.46435546875 0.7314453125
4 0.33447265625 0.7666015625 0.345703125 0.7548828125 0.34619140625 0.740234375 0.3427734375 0.7353515625 0.330078125 0.732421875 0.3212890625 0.740234375 0.32177734375 0.7451171875 0.3173828125 0.751953125 0.32958984375 0.7646484375 0.33447265625 0.7666015625
4 0.24462890625 0.705078125 0.25048828125 0.693359375 0.25 0.677734375 0.2470703125 0.6708984375 0.23828125 0.6708984375 0.2314453125 0.6796875 0.23193359375 0.693359375 0.23388671875 0.703125 0.236328125 0.7060546875 0.24462890625 0.705078125