4 0.31474875625 0.12363107343749999 0.3032153515625 0.13070461875 0.3018141390625 0.14398786562500002 0.30316679375 0.1536125015625 0.310896578125 0.17760826093749998 0.317756965625 0.179915675 0.32608561875 0.173292528125 0.33037480625 0.1650560359375 0.3313921875 0.1529172609375 0.3298892390625 0.1422232203125 0.322060028125 0.1291467 0.31474875625 0.12363107343749999
4 0.5661112953125 0.1875422859375 0.5667795296875 0.19617258437500001 0.5729393093749999 0.205121621875 0.5833050390625 0.20911744687499997 0.59300253125 0.20448297499999998 0.5949216828125 0.19876062187500002 0.5940360984375 0.1847082375 0.5894948796875 0.1678980390625 0.5803638828125 0.1571855265625 0.5674616390625 0.1622703984375 0.5661112953125 0.1875422859375
4 0.549257446875 0.2575235859375 0.5520621828125 0.26585361875 0.56493205625 0.27604066562499996 0.5705068421874999 0.273076128125 0.5734271890625 0.2628509625 0.57329308125 0.254145596875 0.56434475 0.22923056718749998 0.5596208640625 0.2266228859375 0.5461844953125 0.23178282343749998 0.549257446875 0.2575235859375
4 0.7136546906250001 0.5397664890625 0.7191809203124999 0.5597098328125 0.7311166515624999 0.5787523796875 0.7484421921875 0.57413638125 0.7569026437499999 0.541322071875 0.7442986781250001 0.5136492265625 0.72638814375 0.50635165 0.7169241859375 0.50877225 0.7122349828125001 0.525789171875 0.7136546906250001 0.5397664890625
4 0.705966521875 0.64008490625 0.7165149171875 0.6298782140625 0.7478271375000001 0.61239125 0.7401644078125 0.5927481718750001 0.736358478125 0.5889209531249999 0.72727835 0.5901970828125 0.7120731234375001 0.602148778125 0.651716978125 0.61063128125 0.6440056921874999 0.613896084375 0.6407847546875 0.6219824421875 0.6407015125 0.6252657203124999 0.6499157515625 0.63269495625 0.6544222875 0.62988055 0.6560917171875 0.6340080343750001 0.656859378125 0.63171909375 0.666758034375 0.6401426671875 0.6809458796875 0.6403297484375 0.6911774984375 0.6356202093750001 0.6954343140625 0.6426556390625 0.705966521875 0.64008490625
4 0.5507511359375 0.632454790625 0.555743240625 0.6524731984375001 0.56320480625 0.6590582296874999 0.5765579359374999 0.6571815703125 0.579845928125 0.65344789375 0.5819153734375 0.6487949453125 0.5828656999999999 0.6323034890625 0.579693321875 0.617481965625 0.5659216781249999 0.60087849375 0.5610313109375 0.6048373687499999 0.5507511359375 0.632454790625
4 0.5628232875 0.695099225 0.5715033984375 0.7026035265624999 0.5921839859375 0.6986065328125 0.5985264328125 0.6933530546875 0.599911459375 0.68770576875 0.597106725 0.6793757359375 0.584537440625 0.6713274953125 0.5659933546875 0.6750242234375 0.5613203375 0.684405184375 0.5628232875 0.695099225
4 0.45968394999999995 0.662701871875 0.453542665625 0.6810133984375 0.452842059375 0.687655021875 0.4554132578125 0.698198928125 0.462641290625 0.7069978328125 0.46681486406249995 0.7173165406249999 0.47192258281250005 0.7187797515625001 0.4797171109375 0.71223166875 0.4802674203125 0.7045206421875 0.476510046875 0.6777855421875 0.47362207187500005 0.6727387890625 0.45968394999999995 0.662701871875
4 0.4314284953125 0.7135655578125 0.4323973203125 0.724334665625 0.43445057968749995 0.727317678125 0.4442151265625 0.7270358859375 0.44758635937499996 0.72001893125 0.44975523281249996 0.7044467437499999 0.4488696484375 0.6903943609375001 0.44521401093749996 0.6876365468750001 0.436434475 0.6910514828125 0.43229558125 0.7003573796875 0.4314284953125 0.7135655578125
4 0.2937259375 0.756909975 0.2899708765625 0.7650714 0.3052778390625 0.7770969921875001 0.31091968125 0.7784851359375 0.3214010203125 0.7639257609375 0.319680721875 0.7478096359374999 0.31519037031249997 0.7429880796874999 0.3008522328125 0.7417315953125 0.2924403375 0.7516380218750001 0.2937259375 0.756909975
4 0.187481275 0.7140437828125 0.191120725 0.7244375562500001 0.1942422359375 0.7272704359375 0.20317206875 0.724924903125 0.20777803125 0.7111912593749999 0.20483918750000002 0.6941558624999999 0.200582371875 0.6871204328125 0.19096811875 0.6884716281250001 0.18484302187499999 0.69914719375 0.187481275 0.7140437828125