4 0.2118119609375 0.649504484375 0.21949868593750002 0.6598848546875 0.23224775625 0.6601123671875 0.2412883046875 0.6580251921875 0.263465246875 0.64867741875 0.26508874531250004 0.6419608703125 0.258097028125 0.634590909375 0.24990714375 0.631196915625 0.2382784125 0.6312392296875 0.22823336093750002 0.6335583125 0.216448975 0.642092209375 0.2118119609375 0.649504484375
4 0.2516754796875 0.40512859375000004 0.25982735468749996 0.4037750625 0.267825390625 0.39717226875 0.2707628921875 0.3869814921875 0.26554851562500004 0.3781442453125 0.259946815625 0.3767951109375 0.246656578125 0.378806446875 0.2310478328125 0.384523921875 0.2216199625 0.39409920781249996 0.227529346875 0.405946865625 0.2516754796875 0.40512859375000004
4 0.3196307046875 0.4153353109375 0.3273192421875 0.41197483906250004 0.3359362703125 0.39888740624999997 0.332653078125 0.39383213281249996 0.322685853125 0.391905425 0.314418140625 0.3927572203125 0.2914683640625 0.40334037343749995 0.289381525 0.40804998125 0.2954067453125 0.420399375 0.3196307046875 0.4153353109375
4 0.5743660125 0.2355035890625 0.5928724390625 0.2285886546875 0.609988846875 0.215652896875 0.604157290625 0.199559446875 0.5722466046875 0.1942431390625 0.5469783203125 0.208532428125 0.54152865 0.2261733984375 0.5446181796875 0.23497272656249998 0.5611916109374999 0.23801666250000003 0.5743660125 0.2355035890625
4 0.6704093765625 0.2344693484375 0.659824971875 0.22528643750000002 0.6405891546875 0.19696174375 0.62254606875 0.2058836203125 0.61922305625 0.209821665625 0.6211922453125001 0.21835116718749997 0.6338236703125 0.23181778749999998 0.6469129953125 0.2885138828125 0.6506595265625 0.29557609687499997 0.658617740625 0.297966621875 0.661747090625 0.2977726328125 0.6680456125 0.28839133437500003 0.6649940890625 0.28433953437500004 0.668780440625 0.28240843125000004 0.6665397609375 0.281868775 0.6737269515625 0.2717538359375 0.672724259375 0.2582449 0.6673940484374999 0.24890591875 0.6737305765625 0.24427214843749998 0.6704093765625 0.2344693484375
4 0.6760689656250001 0.38272197812500003 0.6946912265625 0.3763087796875 0.700332746875 0.36866459687500003 0.697436878125 0.35612121406249997 0.69361251875 0.35330479062500003 0.689015325 0.35172374687499997 0.6732527375 0.352191959375 0.6594213328125 0.356442146875 0.6447772734375 0.37092102968749996 0.6489491375 0.375242659375 0.6760689656250001 0.38272197812500003
4 0.734639765625 0.3660289765625 0.741054121875 0.357149415625 0.7355320609375 0.3378136453125 0.7300081890625 0.33221871875 0.7245223234375 0.33137131875 0.7168337859375 0.33473179218750004 0.71022576875 0.34735540781249996 0.7152844890625001 0.3646842359375 0.7245947125 0.36834805937500004 0.734639765625 0.3660289765625
4 0.712412128125 0.466815134375 0.7303375671875 0.47113236562500005 0.736712103125 0.47124612343749994 0.746525484375 0.46792356875 0.7542918515625 0.46031730625 0.7637577296875 0.45548954531249997 0.764724228125 0.45051010937499997 0.75784834375 0.4436418875 0.7504693046875001 0.4437600375 0.7253566734375 0.4495577453125 0.7207974859374999 0.45272422968750003 0.712412128125 0.466815134375
4 0.7631351093750001 0.489455875 0.7732959984375001 0.4876385265625 0.7759620093749999 0.48543759687500004 0.7748814890625 0.4761744515625 0.7679277796874999 0.47355201874999997 0.7529380296875 0.47278485156250005 0.7396477906250001 0.4747961890625 0.737329284375 0.4785023265625 0.7413074843749999 0.4865680109375 0.750501875 0.48973009687499997 0.7631351093750001 0.489455875
4 0.8158145953125 0.616812028125 0.8238886437499999 0.6197042875000001 0.83405134375 0.6041460953125 0.8349020062499999 0.5986649234375 0.8201837453125 0.5899079109375001 0.8050003312499999 0.5928848015625 0.8007886484375 0.5975564890625 0.8007868374999999 0.6112973328125 0.8109079031249999 0.6184733046875001 0.8158145953125 0.616812028125
4 0.783889409375 0.7214224734375 0.793471121875 0.7170964484375 0.795905465625 0.7138920453125001 0.79293176875 0.705594453125 0.7794876890625 0.7023565296875 0.763531440625 0.706568796875 0.7571949124999999 0.71120256875 0.7592799375 0.7202338046875 0.769942171875 0.725170925 0.783889409375 0.7214224734375