4 0.14404296875 0.509765625 0.1376953125 0.498046875 0.13623046875 0.486328125 0.1337890625 0.4833984375 0.119140625 0.4833984375 0.11474609375 0.4921875 0.1142578125 0.5087890625 0.1162109375 0.5107421875 0.13720703125 0.5126953125 0.14404296875 0.509765625
4 0.212890625 0.5986328125 0.2138671875 0.5849609375 0.21240234375 0.57421875 0.20556640625 0.56640625 0.1767578125 0.57421875 0.171875 0.5810546875 0.1708984375 0.595703125 0.1884765625 0.61328125 0.208984375 0.60546875 0.212890625 0.5986328125
4 0.3271484375 0.236328125 0.330078125 0.23828125 0.33203125 0.234375 0.3359375 0.240234375 0.35302734375 0.2529296875 0.36181640625 0.248046875 0.36328125 0.2216796875 0.35693359375 0.2041015625 0.35302734375 0.201171875 0.35009765625 0.193359375 0.33349609375 0.201171875 0.3369140625 0.2080078125 0.333984375 0.212890625 0.33544921875 0.232421875 0.3271484375 0.236328125
4 0.44091796875 0.212890625 0.44873046875 0.201171875 0.44677734375 0.17578125 0.43701171875 0.173828125 0.43017578125 0.181640625 0.427734375 0.197265625 0.4296875 0.2099609375 0.43505859375 0.21484375 0.44091796875 0.212890625
4 0.54931640625 0.1455078125 0.548828125 0.126953125 0.53076171875 0.125 0.529296875 0.126953125 0.53759765625 0.146484375 0.5458984375 0.1484375 0.54931640625 0.1455078125
4 0.59619140625 0.2783203125 0.595703125 0.271484375 0.5908203125 0.2607421875 0.5859375 0.2587890625 0.58251953125 0.2626953125 0.57958984375 0.2744140625 0.58154296875 0.2822265625 0.58740234375 0.28515625 0.59619140625 0.2783203125
4 0.63623046875 0.419921875 0.6376953125 0.4072265625 0.634765625 0.3955078125 0.630859375 0.3896484375 0.623046875 0.392578125 0.62109375 0.3984375 0.6201171875 0.4091796875 0.623046875 0.4189453125 0.62939453125 0.4228515625 0.63623046875 0.419921875
4 0.65087890625 0.2705078125 0.64794921875 0.2646484375 0.642578125 0.267578125 0.64453125 0.283203125 0.64990234375 0.2841796875 0.65185546875 0.28125 0.65087890625 0.2705078125
4 0.7685546875 0.2841796875 0.763671875 0.267578125 0.7587890625 0.2666015625 0.7548828125 0.2744140625 0.7548828125 0.294921875 0.763671875 0.2978515625 0.7685546875 0.2939453125 0.7685546875 0.2841796875
4 0.77587890625 0.3896484375 0.787109375 0.388671875 0.7900390625 0.37109375 0.78564453125 0.359375 0.77685546875 0.349609375 0.763671875 0.3525390625 0.76123046875 0.3564453125 0.76123046875 0.3623046875 0.76513671875 0.37890625 0.77587890625 0.3896484375
4 0.43896484375 0.7880859375 0.458984375 0.7822265625 0.462890625 0.7958984375 0.47265625 0.7958984375 0.482421875 0.7861328125 0.4833984375 0.779296875 0.48974609375 0.7705078125 0.48974609375 0.7568359375 0.486328125 0.744140625 0.48779296875 0.724609375 0.47607421875 0.7109375 0.4658203125 0.7109375 0.4638671875 0.70703125 0.46337890625 0.6845703125 0.45556640625 0.6845703125 0.447265625 0.6982421875 0.44189453125 0.701171875 0.44384765625 0.716796875 0.44287109375 0.720703125 0.4443359375 0.7236328125 0.43603515625 0.7470703125 0.43701171875 0.7568359375 0.435546875 0.7587890625 0.43505859375 0.783203125 0.43896484375 0.7880859375
4 0.70849609375 0.7216796875 0.70947265625 0.7080078125 0.7080078125 0.7001953125 0.70361328125 0.6953125 0.70068359375 0.681640625 0.69677734375 0.677734375 0.689453125 0.6767578125 0.6845703125 0.6806640625 0.67529296875 0.7041015625 0.67529296875 0.72265625 0.681640625 0.73046875 0.705078125 0.7314453125 0.70849609375 0.7216796875
4 0.80322265625 0.638671875 0.798828125 0.6328125 0.78857421875 0.630859375 0.7783203125 0.6416015625 0.779296875 0.6689453125 0.78759765625 0.671875 0.798828125 0.6611328125 0.80322265625 0.638671875