4 0.395373946875 0.8668377859374999 0.3978771234375 0.8650212125 0.40371415 0.8421555406250001 0.40166905 0.8340859937499999 0.38759030625 0.8390485156249999 0.3743663953125 0.8386138328125 0.3706971109375 0.840798975 0.3681326125 0.8569905859375 0.37708885937500003 0.863388453125 0.395373946875 0.8668377859374999
4 0.5014653515624999 0.819462896875 0.5239939453125 0.803113728125 0.5189392703125 0.7790762421874999 0.512058784375 0.7735604031250001 0.49710104375 0.770084809375 0.4849577546875 0.7698212812499999 0.47511601406250004 0.7760081375000001 0.478717471875 0.8092208703124999 0.48542699218749996 0.8158161500000001 0.5014653515624999 0.819462896875
4 0.1212676234375 0.5412611968750001 0.10070514687500001 0.5451967953125 0.096779415625 0.5490010984375 0.08762154062500001 0.550870190625 0.0933600828125 0.5705899140625 0.10152281875 0.568009946875 0.106413028125 0.5721040390625001 0.1282819140625 0.57390795 0.131151184375 0.5837678109375 0.133825328125 0.580871796875 0.129844775 0.5780283015625 0.1370123734375 0.574737459375 0.154052371875 0.5580722421875 0.1501879625 0.5475015078125 0.1212676234375 0.5412611968750001
4 0.11992589218750001 0.4658053765625 0.1262693171875 0.46072422187499995 0.1251338734375 0.4539052703125 0.11353414531249999 0.44321589843750003 0.08509604531250001 0.44092478437500005 0.081225134375 0.4513768859375 0.0886733421875 0.4603022015625 0.10553587499999999 0.4657392625 0.11992589218750001 0.4658053765625
4 0.0695482640625 0.32227773437499996 0.0489309671875 0.3195655359375 0.043606840625 0.339192884375 0.045511634375 0.3411543515625 0.0685772859375 0.3354021796875 0.07219174687499999 0.326569240625 0.0695482640625 0.32227773437499996
4 0.22647721718749997 0.3106177046875 0.23074488125 0.3046545203125 0.22471922812499998 0.293741478125 0.21706939374999998 0.2930831234375 0.20432772031250002 0.296597634375 0.20131164375 0.30165253281250004 0.205035746875 0.30611519062500003 0.21749030937499997 0.31140735625 0.22647721718749997 0.3106177046875
4 0.373711234375 0.290229771875 0.385030353125 0.288702984375 0.39046412343750003 0.282371234375 0.38841902500000003 0.2743016875 0.37462739218749996 0.2704575296875 0.3611470296875 0.27164200781250003 0.35397943125000003 0.2749328484375 0.3558535640625 0.2840818359375 0.3619953609375 0.2872676390625 0.373711234375 0.290229771875
4 0.22564838593749997 0.2319235625 0.21865175468750003 0.23413496406249998 0.220953303125 0.2405853484375 0.23858518750000002 0.2411649265625 0.2406061234375 0.23539915625000002 0.23770619218750003 0.2327268125 0.22564838593749997 0.2319235625
4 0.2721847890625 0.105958634375 0.26137856875 0.104247096875 0.242153165625 0.10673468906250001 0.2402177125 0.11196073749999999 0.24817881874999997 0.11764773125000001 0.2708718765625 0.121241959375 0.2756524421875 0.112040453125 0.2721847890625 0.105958634375
4 0.340062334375 0.1250082765625 0.346546065625 0.1260351984375 0.365600503125 0.124627046875 0.3793679765625 0.1146358875 0.3802534703125 0.1020511640625 0.3613151765625 0.0957320765625 0.347578365625 0.09853571562499999 0.3352334484375 0.10653914687499999 0.3361672640625 0.12162505937500001 0.340062334375 0.1250082765625
4 0.7507172625 0.49766198125 0.73558855625 0.4952658296875 0.720942090625 0.49681887343750003 0.6995861031249999 0.4917766390625 0.6824057984375 0.502333778125 0.68061065 0.51366790625 0.6759462296875001 0.5151421734375 0.6510064437499999 0.511745359375 0.6496387109375 0.520380884375 0.6633141984375001 0.531952284375 0.6656157484375 0.53840266875 0.68324763125 0.5389822468750001 0.6873991515625 0.5407463031249999 0.6908974671875 0.5396406015624999 0.7153791734375 0.5529235375 0.7263563578125 0.553555634375 0.728261153125 0.5555171015625 0.755191215625 0.5603356640625 0.761278190625 0.5568736703125 0.7582992765625 0.5337182109375 0.774111846875 0.5317966000000001 0.7758215140625 0.521002190625 0.7667249609375 0.508496246875 0.759331575 0.5062187296875 0.7507172625 0.49766198125
4 0.6819402421875 0.2604855828125 0.6854078984374999 0.2665674 0.7097186375 0.2809297765625 0.730250453125 0.284181696875 0.740006709375 0.2785345609375 0.74519053125 0.25279913593750003 0.7349826968750001 0.24730955468750002 0.7200249578125 0.24383396406250002 0.7111235328125 0.24408389531250002 0.704951075 0.24808561093749998 0.68930946875 0.24892778125 0.6843031140625 0.2525609296875 0.6819402421875 0.2604855828125
4 0.68379855625 0.136849753125 0.6597136046875 0.128055734375 0.652460525 0.131886296875 0.64850413125 0.14287811718750001 0.658595821875 0.15609493593749998 0.6890241984375 0.15980779843749998 0.6937192796875 0.15114601249999998 0.68379855625 0.136849753125