4 0.094927078125 0.5113489234374999 0.096853009375 0.513644159375 0.1193571125 0.5177397499999999 0.1270211265625 0.515220159375 0.12126964843750002 0.501956546875 0.120794625 0.489154565625 0.1184333734375 0.485757878125 0.102604009375 0.48437298906250004 0.097024265625 0.49345514062499996 0.094927078125 0.5113489234374999
4 0.1479169421875 0.6106247312499999 0.1652503125 0.6312818359375 0.18815003125000002 0.6247783546875 0.193017478125 0.617760621875 0.1953653328125 0.6030788734375 0.1947979828125 0.5913321828125 0.18814955312499998 0.5822435734375 0.1562798609375 0.587962284375 0.150357121875 0.5948876921874999 0.1479169421875 0.6106247312499999
4 0.39117012500000004 0.224636503125 0.38597260312500004 0.2050411453125 0.382028415625 0.2015059671875 0.3796011515625 0.1927866625 0.36092259531250004 0.19965944687499998 0.3639698328125 0.20736962499999997 0.3603423296875 0.21236910312499999 0.3600787453125 0.2336134125 0.35073946875 0.23704980468749998 0.353720690625 0.2394373640625 0.356200575 0.23540085312499998 0.3598677828125 0.24210190312500002 0.3771351375 0.257436390625 0.3870943875 0.25299086875 0.39117012500000004 0.224636503125
4 0.464037825 0.2182511765625 0.46938029531250003 0.22403542656250003 0.4758966921875 0.22247880000000003 0.4854469328125 0.21055391562499998 0.485736828125 0.18293169843749998 0.47536856875 0.17989785625000002 0.46724292343749996 0.18769390156250002 0.46312748125000003 0.20434774218750001 0.464037825 0.2182511765625
4 0.5994044875 0.1599119078125 0.6006310359375 0.13981521562500002 0.5812928046875 0.135996603125 0.5795252171875 0.1379686953125 0.58664866875 0.1598592859375 0.595433990625 0.1627546390625 0.5994044875 0.1599119078125
4 0.62130345 0.3106994046875 0.62735821875 0.3144192328125 0.6375021203125 0.30786312968749996 0.6376207546875 0.30042992968750004 0.6333598874999999 0.2883601 0.6282680828125 0.2857878859375 0.6242052609375001 0.28968591093749996 0.6199314765625 0.30207242343749996 0.62130345 0.3106994046875
4 0.650985065625 0.451534109375 0.653227678125 0.4623639984375 0.6597177656250001 0.46718528125000003 0.66738178125 0.46466568906249994 0.6701649546875 0.45108539687500004 0.6681069953125001 0.43814492656250004 0.6644397859375 0.4314438765625 0.6557204796875 0.433871140625 0.6530559421875 0.4400182359375 0.650985065625 0.451534109375
4 0.6973370234375 0.3045910578125 0.6947251062500001 0.297982334375 0.6886440265625 0.30064041406249997 0.6892773937500001 0.317709721875 0.69498916875 0.31927280625 0.697376728125 0.3162915859375 0.6973370234375 0.3045910578125
4 0.8222837625 0.341043325 0.8232070234375 0.3304904140625 0.8195001109375 0.3120888375 0.81431598125 0.3105719171875 0.809356209375 0.318644940625 0.8074173640625 0.3408060515625 0.8166380046875 0.344802859375 0.8222837625 0.341043325
4 0.8084602171874999 0.4078895046875 0.8079062625000001 0.4142212484375 0.8105578828125 0.43253050000000004 0.8211504984375001 0.4451542875 0.8333786703125 0.4451607453125 0.8382064124999999 0.426442484375 0.8345655140625 0.4133635265625 0.8259911546875 0.4019796828125 0.8114677484374999 0.4038991546875 0.8084602171874999 0.4078895046875
4 0.475943096875 0.8296662578125 0.4772356609375 0.8148921828125 0.47474238125 0.800850259375 0.4781718375 0.7798829281249999 0.466800909375 0.7640009437499999 0.4557203546875 0.7630315203125 0.4539790765625 0.758625703125 0.45557492968749996 0.7343078484375 0.4471326015625 0.733569240625 0.43687006406249995 0.7475585421875001 0.430788984375 0.7502166234375001 0.4314223515625 0.7672859296875 0.42999775625 0.7714147687499999 0.43130371562500003 0.77471913125 0.4201179171875 0.7992613421875 0.4202499484375 0.8099065781249999 0.418482359375 0.8118786734375 0.4156465640625 0.838214784375 0.4194060984375 0.84386054375 0.44159351874999997 0.8394214796874999 0.44452212031249994 0.8545648578125 0.4550750296875 0.8554881171875 0.46655119999999994 0.8458584671875 0.46825277343750005 0.8385637578124999 0.475943096875 0.8296662578125
4 0.7006134015625001 0.7472389890625 0.69496764375 0.7509985218749999 0.6827265546875 0.775448409375 0.6809723609375 0.7954989390625 0.6870931437500001 0.8045413859374999 0.7123278015625 0.8078125 0.7169445796875 0.79758273125 0.719292434375 0.7829009828125 0.71844810625 0.7743201656250001 0.714160928125 0.76862824375 0.7122876171875 0.7535771921875 0.7084357578125 0.748986725 0.7006134015625001 0.7472389890625
4 0.8202832093750001 0.7406948437499999 0.8271555171875 0.71683861875 0.8229606640625 0.7100914046875 0.8120647609375 0.7070114000000001 0.79996861875 0.717650178125 0.79843878125 0.7472906515625 0.8071317765625 0.7512412953125 0.8202832093750001 0.7406948437499999