4 0.4345703125 0.2216796875 0.44482421875 0.216796875 0.4453125 0.18359375 0.44287109375 0.17578125 0.42724609375 0.1689453125 0.4228515625 0.1767578125 0.421875 0.193359375 0.4228515625 0.2109375 0.4248046875 0.216796875 0.4345703125 0.2216796875
4 0.423828125 0.3095703125 0.42529296875 0.306640625 0.4267578125 0.2763671875 0.4189453125 0.263671875 0.404296875 0.2607421875 0.40087890625 0.263671875 0.3984375 0.271484375 0.3994140625 0.29296875 0.404296875 0.3046875 0.41357421875 0.310546875 0.423828125 0.3095703125
4 0.45947265625 0.306640625 0.4716796875 0.3056640625 0.47802734375 0.3017578125 0.484375 0.2939453125 0.4873046875 0.2861328125 0.48779296875 0.2763671875 0.4833984375 0.26171875 0.47802734375 0.2568359375 0.466796875 0.255859375 0.458984375 0.244140625 0.44775390625 0.2431640625 0.43994140625 0.2568359375 0.439453125 0.267578125 0.4423828125 0.28125 0.45458984375 0.302734375 0.45947265625 0.306640625
4 0.5380859375 0.1982421875 0.541015625 0.1865234375 0.5400390625 0.1708984375 0.53369140625 0.1611328125 0.52490234375 0.1630859375 0.517578125 0.1787109375 0.517578125 0.189453125 0.5234375 0.201171875 0.52685546875 0.203125 0.5380859375 0.1982421875
4 0.564453125 0.2666015625 0.560546875 0.263671875 0.5615234375 0.2587890625 0.5595703125 0.2421875 0.55224609375 0.224609375 0.54150390625 0.224609375 0.53955078125 0.2294921875 0.541015625 0.236328125 0.53271484375 0.2470703125 0.53271484375 0.263671875 0.5390625 0.279296875 0.564453125 0.2783203125 0.564453125 0.2666015625
4 0.52880859375 0.3232421875 0.53564453125 0.3291015625 0.533203125 0.3408203125 0.53271484375 0.3583984375 0.53759765625 0.373046875 0.5361328125 0.376953125 0.5478515625 0.384765625 0.56103515625 0.384765625 0.56640625 0.380859375 0.560546875 0.35546875 0.5498046875 0.326171875 0.541015625 0.2939453125 0.529296875 0.26953125 0.52490234375 0.2734375 0.5244140625 0.2802734375 0.5263671875 0.2890625 0.52490234375 0.3095703125 0.52880859375 0.3232421875
4 0.60986328125 0.3955078125 0.61181640625 0.380859375 0.61083984375 0.3642578125 0.60400390625 0.3486328125 0.59912109375 0.34375 0.59033203125 0.3447265625 0.5859375 0.349609375 0.583984375 0.361328125 0.58349609375 0.3857421875 0.59521484375 0.4033203125 0.603515625 0.4052734375 0.60986328125 0.3955078125
4 0.59228515625 0.4892578125 0.603515625 0.490234375 0.609375 0.4814453125 0.60986328125 0.4736328125 0.60498046875 0.4580078125 0.60546875 0.44921875 0.60302734375 0.443359375 0.59423828125 0.4423828125 0.587890625 0.4482421875 0.58642578125 0.451171875 0.58642578125 0.4619140625 0.587890625 0.474609375 0.59228515625 0.4892578125
4 0.6572265625 0.2958984375 0.66845703125 0.283203125 0.67431640625 0.263671875 0.67333984375 0.2548828125 0.66943359375 0.2451171875 0.662109375 0.2333984375 0.6484375 0.2392578125 0.64453125 0.244140625 0.6416015625 0.2548828125 0.64111328125 0.2666015625 0.6435546875 0.2763671875 0.650390625 0.291015625 0.6572265625 0.2958984375
4 0.73974609375 0.4921875 0.73974609375 0.4853515625 0.7294921875 0.4736328125 0.712890625 0.474609375 0.71435546875 0.4775390625 0.7099609375 0.486328125 0.71337890625 0.494140625 0.73974609375 0.4921875
4 0.87255859375 0.580078125 0.87255859375 0.5634765625 0.87646484375 0.5595703125 0.87646484375 0.5517578125 0.865234375 0.5458984375 0.859375 0.5537109375 0.85498046875 0.5673828125 0.85400390625 0.5751953125 0.85693359375 0.58203125 0.86962890625 0.583984375 0.87255859375 0.580078125
4 0.751953125 0.7568359375 0.7607421875 0.7392578125 0.76416015625 0.7236328125 0.7626953125 0.7197265625 0.75439453125 0.7158203125 0.736328125 0.716796875 0.7275390625 0.740234375 0.72705078125 0.75390625 0.7314453125 0.7744140625 0.73828125 0.7763671875 0.751953125 0.7568359375
4 0.341796875 0.6171875 0.35107421875 0.591796875 0.3564453125 0.5654296875 0.3544921875 0.5595703125 0.3427734375 0.55859375 0.33447265625 0.5634765625 0.33056640625 0.5732421875 0.32958984375 0.587890625 0.33203125 0.6064453125 0.33740234375 0.615234375 0.341796875 0.6171875
4 0.3759765625 0.708984375 0.36328125 0.69140625 0.35546875 0.6953125 0.3515625 0.7041015625 0.35107421875 0.7138671875 0.35595703125 0.7314453125 0.3720703125 0.720703125 0.3759765625 0.708984375
4 0.41455078125 0.6923828125 0.416015625 0.681640625 0.40771484375 0.66796875 0.39990234375 0.6669921875 0.38720703125 0.693359375 0.38623046875 0.7001953125 0.39111328125 0.708984375 0.404296875 0.7099609375 0.41455078125 0.6923828125
4 0.529296875 0.71875 0.53759765625 0.716796875 0.5400390625 0.705078125 0.53955078125 0.6884765625 0.53466796875 0.6708984375 0.52685546875 0.662109375 0.5205078125 0.666015625 0.5185546875 0.6708984375 0.5185546875 0.6787109375 0.52294921875 0.7041015625 0.529296875 0.71875
4 0.57568359375 0.720703125 0.59521484375 0.7236328125 0.5947265625 0.720703125 0.59814453125 0.712890625 0.603515625 0.705078125 0.60400390625 0.685546875 0.595703125 0.654296875 0.5927734375 0.6494140625 0.583984375 0.6484375 0.57470703125 0.662109375 0.56787109375 0.6787109375 0.56787109375 0.6953125 0.5703125 0.7001953125 0.57177734375 0.71484375 0.57568359375 0.720703125
4 0.64306640625 0.8291015625 0.64990234375 0.8232421875 0.65185546875 0.8173828125 0.6533203125 0.798828125 0.65087890625 0.7861328125 0.63818359375 0.779296875 0.634765625 0.7802734375 0.63037109375 0.7880859375 0.6279296875 0.798828125 0.6298828125 0.8212890625 0.642578125 0.8349609375 0.64306640625 0.8291015625