4 0.8145426656250001 0.3964136 0.7967101343749999 0.3992953984375 0.7909405203125 0.40191685625 0.787005325 0.4124056953125 0.7930876484375 0.4223454125 0.8270215249999999 0.4192825796875 0.8347317999999999 0.4159533890625 0.8400315968750001 0.399275984375 0.8315881562499999 0.3956295703125 0.8145426656250001 0.3964136
4 0.732307759375 0.380876278125 0.7104891703125 0.3841770265625 0.69905468125 0.39041645625 0.6940706015625 0.40051177656250003 0.6961668640625 0.410870446875 0.6993135171875 0.41205100312500004 0.7303625874999999 0.4102989 0.7424793765625 0.40096518750000004 0.743897853125 0.38570325 0.740541725 0.3825296609375 0.732307759375 0.380876278125
4 0.7513851109374999 0.46652569687499995 0.7557916265625 0.46052117499999995 0.7555836546875 0.44895651562500005 0.7667039296875 0.439727540625 0.766495959375 0.42816288125 0.751706846875 0.42165709375000004 0.7406928140625 0.42231095312500005 0.72705581875 0.426766828125 0.7064417140625 0.4415275 0.70297934375 0.4469290265625 0.705285084375 0.459280725 0.709951940625 0.4653391203125 0.7186048546875 0.47097856406250005 0.7268911890624999 0.4731302046875 0.7369087078125001 0.47258108437499996 0.7513851109374999 0.46652569687499995
4 0.82879304375 0.4936531125 0.817463290625 0.50088905625 0.81583684375 0.504586334375 0.8220239062499999 0.5155225671875 0.834296296875 0.51725525625 0.8501358 0.514582934375 0.8594201515625001 0.5070582078125 0.8564844796875001 0.49829904999999997 0.8397547062499999 0.49250099531249997 0.82879304375 0.4936531125
4 0.7902925359374999 0.520368953125 0.7834740375 0.522596890625 0.7716221 0.5152786328125 0.754681346875 0.5170591765625 0.7394179046875 0.5252123296875 0.7431376046875 0.55101698125 0.755095784375 0.5497601249999999 0.7576663781249999 0.545459853125 0.762753690625 0.5459326765625 0.7794849671875 0.5421591015625 0.7966367015625 0.5327999578125 0.795484584375 0.52183829375 0.7902925359374999 0.520368953125
4 0.632736934375 0.5454926625 0.634150896875 0.5589456140625 0.6387130140624999 0.5640074937499999 0.663993975 0.5553052187499999 0.69273730625 0.541201415625 0.72467965625 0.5287764296875 0.7483356734375 0.514199803125 0.74387829375 0.5101344359375 0.7368503203125 0.5103693453125 0.7280911609375 0.5133050156250001 0.7070072406250001 0.5140097406249999 0.693474984375 0.51946213125 0.6882290609374999 0.5270661624999999 0.6760090359375 0.52583173125 0.6580193984375 0.5272187578125 0.643595365625 0.5337723999999999 0.6394521984375 0.5326965796875001 0.632736934375 0.5454926625
4 0.67269625 0.580586178125 0.6605285953125 0.579850003125 0.635563353125 0.5819701953124999 0.618882940625 0.5958136578125 0.6177801828125 0.6044935109375 0.6284261296875 0.6099234765625 0.643583328125 0.6103454375 0.6604193453125 0.6075683781250001 0.67563041875 0.5989169671875 0.680089303125 0.593410703125 0.678150146875 0.58454680625 0.67269625 0.580586178125
4 0.5788637328124999 0.60808003125 0.5789176046875 0.599006659375 0.57225771875 0.5931577406249999 0.5691110671875 0.5919771828125 0.558149403125 0.5931293 0.5453518171875 0.595985665625 0.5308754125 0.6020410515625 0.531083384375 0.6136057109374999 0.5406804468749999 0.618642159375 0.548704934375 0.6183025125 0.5641254828125 0.6116441296875 0.5731464859375001 0.611199746875 0.5788637328124999 0.60808003125
4 0.792005665625 0.632527746875 0.7866041390625 0.6290653765625 0.7753282609375 0.62722795 0.7633177124999999 0.627986546875 0.753614409375 0.6315252140625 0.7393998500000001 0.6400718875 0.735150440625 0.6475711828125 0.7493096218749999 0.657669509375 0.7698683484375 0.661553840625 0.77873224375 0.6596146843749999 0.7882784421875 0.6545812453125001 0.7994510859374999 0.6458505265625 0.792005665625 0.632527746875
4 0.5388803421875 0.726132590625 0.5437012984375 0.7528290171875 0.5506769015625 0.7520958515625 0.56153533125 0.740375590625 0.5587582734375001 0.723539575 0.555925834375 0.7253485625 0.5464858796875001 0.7218068859375 0.5388803421875 0.726132590625
4 0.47932872499999996 0.8784826015625 0.47125186875 0.878323990625 0.46459047656249997 0.8820467000000001 0.4639590390625 0.8952108703125001 0.46825931406250004 0.8977814625 0.48520006718750003 0.8960009171875001 0.48960507968750006 0.8995680265624999 0.49757719843750003 0.8987301234375 0.5023518015625 0.8866417734375001 0.49375125468750003 0.8815005875 0.47932872499999996 0.8784826015625
4 0.28927728125 0.7669760171875 0.275273703125 0.7679440921875 0.2548182109375 0.77462790625 0.253558346875 0.7818129875000001 0.2749549765625 0.7936694359375001 0.2938348875 0.8007527890624999 0.310145709375 0.8025647843750001 0.3139746609375 0.800651059375 0.3170704484375 0.79176173125 0.3141362828125 0.7734309421875001 0.28927728125 0.7669760171875
4 0.41710536249999997 0.3439825140625 0.4020529 0.3445570671875 0.38338096093749996 0.349038375 0.37498838437500004 0.35546185 0.3734666765625 0.36015564218749996 0.40037107499999997 0.36689934687500003 0.4278530359375 0.36955225625 0.4336226515625 0.366930796875 0.433362309375 0.35486788125 0.4274894625 0.34692119374999997 0.41710536249999997 0.3439825140625
4 0.2710829703125 0.40214982812500005 0.2834601015625 0.40487903125 0.3000357765625 0.3900390546875 0.2952118140625 0.3824858859375 0.28582422812499997 0.37944246875 0.27580670937499996 0.37999158906249997 0.2583931296875 0.386859446875 0.2710829703125 0.40214982812500005
4 0.2850835390625 0.42032501250000004 0.28550098749999997 0.43388270156250003 0.30453800468750003 0.44246082500000006 0.315656775 0.44280348125 0.3287177109375 0.432866771875 0.32887632187500004 0.424789915625 0.3006088265625 0.4146631453125 0.293528484375 0.414399796875 0.2850835390625 0.42032501250000004
4 0.34280797343749997 0.547754771875 0.337615921875 0.5462854296875 0.329643803125 0.5471233328125 0.3042057359375 0.5543308375 0.2899388078125 0.5623792546875 0.2928221109375 0.5706401546875 0.305042134375 0.5718745875 0.32193052031249997 0.5695957859375 0.3393440984375 0.5627279281249999 0.3474748296875 0.553813165625 0.34280797343749997 0.547754771875
4 0.36283097343750004 0.6232295640625 0.36749933437500004 0.6197163296875 0.3675532078125 0.6106429578125 0.3526069875 0.6026423984375 0.3349330703125 0.5974473375 0.317992315625 0.5992278828125001 0.31327158593750004 0.602242859375 0.29848096874999996 0.6053087015624999 0.2929208296875 0.6099231875 0.2920260453125 0.6301677015625 0.2949632203125 0.6293552296875 0.3033019234375 0.632005128125 0.3118501 0.6366480578125 0.33183276875 0.63505155625 0.36283097343750004 0.6232295640625
4 0.238470065625 0.6766013562500001 0.23002662499999998 0.6729549421875001 0.2188031171875 0.6716157734375 0.1960927484375 0.676017775 0.1835031328125 0.6904388 0.1895345921875 0.6903086296875001 0.196246846875 0.69665580625 0.2024354125 0.698020409375 0.22152630312500002 0.697525159375 0.23421915312500002 0.6936722796875 0.2398331625 0.6799844203125 0.238470065625 0.6766013562500001