4 0.8079204687500001 0.6011928765625 0.82474683125 0.6013799125 0.8329425875 0.59749991875 0.827144221875 0.58126121875 0.8194304921875 0.5782478796875 0.7858810640625 0.5763966625 0.7802293437500001 0.58639201875 0.7844694078125001 0.5965842875 0.790246096875 0.5989673859375 0.8079204687500001 0.6011928765625
4 0.7057916671875 0.616811615625 0.72740898125 0.6193128234375 0.7354670171875 0.6174023515625 0.7386652359375 0.6141624718750001 0.73674095 0.5991842515625 0.7244772828125 0.5904100734375 0.6938161984375 0.5897504078125 0.6907557 0.5910207640625 0.6890469203125 0.6012918375 0.6943071515625 0.611060653125 0.7057916671875 0.616811615625
4 0.7342440953125 0.5782285296875 0.7451216140625 0.578494371875 0.759472796875 0.571581284375 0.7592789671875 0.560187590625 0.7480010328125 0.5514823421874999 0.747807203125 0.5400886484375 0.7432572640624999 0.534327809375 0.7287811125 0.5288624390625001 0.7188893281250001 0.5286655265625 0.7107968625 0.5310683796875 0.7024633828125 0.5369179 0.69807284375 0.5430431359375001 0.69622634375 0.5552837328125 0.6998249765625 0.5604832609375 0.7206503859375 0.5743092328125 0.7342440953125 0.5782285296875
4 0.818611815625 0.504961903125 0.829454903125 0.5057201265625 0.845743125 0.4994372796875 0.8483343484375 0.4907122796875 0.8389245937500001 0.4836220328125 0.8232216921875001 0.4815344 0.8111862859375 0.48366153437500004 0.8054657046875 0.49464165312499997 0.8071961609375 0.4982261796875 0.818611815625 0.504961903125
4 0.7447632890625 0.4844594625 0.7615207875000001 0.4856312625 0.7729491953125 0.4780190046875 0.77974605 0.479978653125 0.7848124484375 0.4783537765625 0.785569921875 0.4675213921875 0.7683431484375001 0.4588949484375 0.751723371875 0.4557536265625 0.7467258359375 0.4563937421875 0.7440440734375 0.4522479046875 0.7322152515625 0.451420753125 0.729439121875 0.47695564062500007 0.7447632890625 0.4844594625
4 0.7274204671875 0.4916581421875 0.7343550453125001 0.49164826718750004 0.7386078625 0.48749255312499995 0.714790815625 0.473952175 0.68288130625 0.4628146484375 0.6540667234375 0.4499143859375 0.6288507734375 0.44221364999999996 0.624529096875 0.44735412343750003 0.6235994687499999 0.46064841406249996 0.6306590171875001 0.47301699375000006 0.6347052484375 0.47181556875 0.6491469703125 0.47777331875 0.6669246359375001 0.4785216640625 0.6789256109374999 0.4768869109375 0.6843579937500001 0.4841938234375 0.6978828421875 0.48909788125000003 0.7186865734375 0.48906825468750004 0.7274204671875 0.4916581421875
4 0.6251271703125 0.424635665625 0.6498049828125 0.4258665171875 0.661771528125 0.42472414531249997 0.6670100796875 0.42063736250000006 0.668615565625 0.41184343281249997 0.664031196875 0.406574975 0.6487414625000001 0.398578771875 0.6320528234375 0.3964222109375 0.617129071875 0.3973577953125 0.6068241234375 0.40306945625 0.608210271875 0.4115777921875 0.6251271703125 0.424635665625
4 0.5592894953124999 0.41706311406249996 0.5623499921875 0.41579275937500004 0.5687120015625 0.40980538125 0.5683460171875 0.40087359375 0.5626037609375001 0.3979981125 0.5536977125 0.397870128125 0.5382702546875 0.39184345 0.53034994375 0.3917843953125 0.5210651578125 0.3970726046875 0.5212589890625 0.4084662984375 0.535735140625 0.41393166875 0.5484464078125 0.4163048921875 0.5592894953124999 0.41706311406249996
4 0.749449684375 0.3749440765625 0.7613129375 0.375278846875 0.772362609375 0.37308278281249996 0.7775667296875 0.36948838125 0.7844452000000001 0.3561152875 0.7731328359375 0.34790241875 0.763550928125 0.34327407656250003 0.7547481734375 0.341668953125 0.7346203015625 0.34619893749999997 0.7210138374999999 0.356627621875 0.7254604859375 0.3638656046875 0.7397644859375 0.371792878125 0.749449684375 0.3749440765625
4 0.541695471875 0.2861981828125 0.544549384375 0.28788211406249997 0.5467057609375 0.2712100859375 0.5355999812500001 0.2600429328125 0.5286998359374999 0.2595604265625 0.5248691109375 0.286011146875 0.532513978125 0.290009246875 0.541695471875 0.2861981828125
4 0.45296911093750003 0.1384842640625 0.46092385468749997 0.1380509375 0.4750340234375 0.1345845171875 0.483333071875 0.1292273796875 0.478210565625 0.1174890390625 0.47032468281249995 0.1169376046875 0.46610629843750007 0.12060093593750001 0.44934879843750003 0.11942913749999999 0.4451992734375 0.12210770468750001 0.4462755484375 0.135047471875 0.45296911093750003 0.1384842640625
4 0.2636275984375 0.2538892765625 0.277462321875 0.25436190625 0.30173971875 0.2471533515625 0.3039993875 0.22900417968750003 0.3006417671875 0.220357984375 0.29680211875 0.21860512499999998 0.280789340625 0.22094892187499998 0.26242635625 0.22857105312499998 0.2417475921875 0.24097913750000002 0.24323703281250003 0.24801032968749998 0.2636275984375 0.2538892765625
4 0.40317604687499997 0.666405453125 0.4180309359375 0.6664546296875 0.428163734375 0.663204875 0.43367773125 0.65517904375 0.43351833125 0.64329296875 0.42774164218750005 0.64090986875 0.40074805468749997 0.64446496875 0.37446475625 0.6520280453125 0.37612635 0.6565973359374999 0.38461923124999997 0.662633890625 0.40317604687499997 0.666405453125
4 0.27753115156249997 0.635848803125 0.28742293281250003 0.636045715625 0.2965699953125 0.63272703125 0.30106382656249997 0.62512465 0.2842157890625 0.611082015625 0.272111521875 0.6141939125 0.260132221875 0.6296842640625 0.27753115156249997 0.635848803125
4 0.29381044843750004 0.6013623765625 0.3007794578125 0.6008601203125 0.32828950625000003 0.5899193046875 0.32785466093750004 0.5819722765625001 0.3146396890625 0.5726367890625 0.303693309375 0.573355709375 0.28522703125 0.582454984375 0.2852831390625 0.5958182015625 0.29381044843750004 0.6013623765625
4 0.3327132109375 0.46999498749999996 0.33777960937499996 0.4683701078125 0.34217014687499997 0.462244871875 0.333849421875 0.45374641093749996 0.3164504921875 0.44758187187500004 0.299727425 0.44591769374999995 0.2877264484375 0.44755244687499995 0.2851696578125 0.45578506562500004 0.2995080875 0.46321995937500005 0.324827328125 0.4694435515625 0.3327132109375 0.46999498749999996
4 0.3115473234375 0.41854126562499994 0.328304821875 0.4197130640625 0.34554435 0.41399152656249993 0.359998825 0.405601296875 0.3596328421875 0.3966695078125 0.35491075 0.3933705765625 0.32395254375000004 0.382794359375 0.3042034078125 0.3819081546875 0.2959387890625 0.3867729109375 0.28781189218750003 0.3896681453125 0.2848891171875 0.388968975 0.286469096875 0.40887100624999995 0.2921080640625 0.41322363125 0.30679080000000003 0.4157347140625 0.3115473234375 0.41854126562499994
4 0.2112943578125 0.35067188437499996 0.2223095984375 0.3489682015625 0.23050535625 0.3450882078125 0.23173210625000001 0.34171046875 0.22572715625 0.32842605625 0.2130847515625 0.32506806875 0.19425248906249998 0.3252355546875 0.18820035625 0.32679150468749996 0.181803915625 0.3332712625 0.1758550734375 0.33335006875 0.1887601703125 0.34711698750000003 0.2112943578125 0.35067188437499996