4 0.18115234375 0.498046875 0.1884765625 0.4892578125 0.19384765625 0.4736328125 0.1904296875 0.4560546875 0.1826171875 0.4501953125 0.1533203125 0.4453125 0.146484375 0.4609375 0.14599609375 0.47265625 0.1484375 0.4873046875 0.162109375 0.5 0.18115234375 0.498046875
4 0.1259765625 0.5712890625 0.125 0.5751953125 0.138671875 0.572265625 0.142578125 0.576171875 0.146484375 0.5712890625 0.14892578125 0.560546875 0.1494140625 0.5498046875 0.1474609375 0.5361328125 0.13916015625 0.5244140625 0.12646484375 0.52734375 0.1171875 0.5439453125 0.1162109375 0.5517578125 0.11767578125 0.5595703125 0.119140625 0.564453125 0.1259765625 0.5712890625
4 0.2021484375 0.58984375 0.20458984375 0.5751953125 0.20068359375 0.56640625 0.1923828125 0.5634765625 0.1767578125 0.5634765625 0.17333984375 0.568359375 0.17333984375 0.607421875 0.18115234375 0.61328125 0.19482421875 0.6083984375 0.2021484375 0.58984375
4 0.205078125 0.3388671875 0.2138671875 0.3359375 0.2158203125 0.3251953125 0.212890625 0.3154296875 0.21337890625 0.3076171875 0.208984375 0.3037109375 0.2041015625 0.3037109375 0.2021484375 0.3076171875 0.19970703125 0.3134765625 0.19970703125 0.32421875 0.20263671875 0.3349609375 0.205078125 0.3388671875
4 0.2392578125 0.431640625 0.25146484375 0.431640625 0.25439453125 0.423828125 0.26025390625 0.4189453125 0.259765625 0.3994140625 0.2548828125 0.3681640625 0.248046875 0.3642578125 0.23828125 0.365234375 0.23095703125 0.3681640625 0.22509765625 0.3779296875 0.22412109375 0.3955078125 0.22607421875 0.408203125 0.2314453125 0.421875 0.2392578125 0.431640625
4 0.3447265625 0.451171875 0.32958984375 0.3984375 0.318359375 0.3681640625 0.31396484375 0.361328125 0.30419921875 0.3740234375 0.2998046875 0.3955078125 0.2998046875 0.4248046875 0.30810546875 0.4501953125 0.33349609375 0.455078125 0.3447265625 0.451171875
4 0.390625 0.416015625 0.3955078125 0.384765625 0.39501953125 0.375 0.390625 0.3662109375 0.380859375 0.359375 0.3779296875 0.3603515625 0.3671875 0.3720703125 0.36474609375 0.3798828125 0.36474609375 0.396484375 0.373046875 0.4189453125 0.3828125 0.423828125 0.390625 0.416015625
4 0.40625 0.4755859375 0.40625 0.4580078125 0.40380859375 0.4482421875 0.3994140625 0.443359375 0.38427734375 0.4443359375 0.37939453125 0.4541015625 0.37939453125 0.4716796875 0.3837890625 0.4833984375 0.39990234375 0.484375 0.40625 0.4755859375
4 0.40478515625 0.291015625 0.40625 0.2666015625 0.408203125 0.2626953125 0.40087890625 0.2412109375 0.39306640625 0.234375 0.38427734375 0.2333984375 0.37939453125 0.244140625 0.37841796875 0.2607421875 0.392578125 0.2939453125 0.396484375 0.2998046875 0.40478515625 0.291015625
4 0.57958984375 0.3505859375 0.58154296875 0.3408203125 0.58203125 0.3212890625 0.5771484375 0.314453125 0.5693359375 0.31640625 0.56787109375 0.3203125 0.568359375 0.3291015625 0.57373046875 0.34765625 0.57958984375 0.3505859375
4 0.71533203125 0.455078125 0.72021484375 0.4501953125 0.72412109375 0.43359375 0.7236328125 0.419921875 0.71435546875 0.390625 0.7001953125 0.384765625 0.6943359375 0.3876953125 0.6865234375 0.400390625 0.6845703125 0.43359375 0.6884765625 0.443359375 0.70458984375 0.45703125 0.71533203125 0.455078125
4 0.5712890625 0.5732421875 0.57568359375 0.5703125 0.57958984375 0.560546875 0.58154296875 0.5341796875 0.57568359375 0.52734375 0.564453125 0.52734375 0.56103515625 0.53125 0.55810546875 0.5439453125 0.55615234375 0.5556640625 0.55712890625 0.564453125 0.56201171875 0.5712890625 0.5712890625 0.5732421875
4 0.404296875 0.806640625 0.4169921875 0.7958984375 0.421875 0.7880859375 0.427734375 0.77734375 0.43115234375 0.76171875 0.42333984375 0.740234375 0.41162109375 0.7373046875 0.40185546875 0.7421875 0.39306640625 0.763671875 0.39111328125 0.7705078125 0.39306640625 0.7861328125 0.400390625 0.802734375 0.404296875 0.806640625
4 0.37646484375 0.77734375 0.38134765625 0.76171875 0.380859375 0.7509765625 0.37744140625 0.7421875 0.37646484375 0.7265625 0.37255859375 0.7216796875 0.36328125 0.7236328125 0.3603515625 0.7255859375 0.35791015625 0.7333984375 0.357421875 0.7470703125 0.36767578125 0.7783203125 0.373046875 0.7802734375 0.37646484375 0.77734375
4 0.49462890625 0.7939453125 0.49853515625 0.7861328125 0.49951171875 0.7783203125 0.49462890625 0.7666015625 0.486328125 0.765625 0.4755859375 0.7861328125 0.47265625 0.7978515625 0.4736328125 0.806640625 0.48486328125 0.8076171875 0.49462890625 0.7939453125
4 0.7705078125 0.6845703125 0.78759765625 0.6572265625 0.791015625 0.6455078125 0.79296875 0.6279296875 0.787109375 0.619140625 0.77197265625 0.619140625 0.76708984375 0.623046875 0.7626953125 0.62890625 0.75732421875 0.66015625 0.75732421875 0.6689453125 0.76025390625 0.6748046875 0.76708984375 0.6845703125 0.7705078125 0.6845703125