4 0.533106440625 0.8738218218749999 0.5451056796875 0.8729014921875 0.5608831921874999 0.8653322265625001 0.5548271406249999 0.835465265625 0.5485390234375 0.8276639343750001 0.5303915453125 0.82478850625 0.5145615796875 0.8308556812500001 0.5058113078125 0.8386808578125 0.5044904234375001 0.858277971875 0.5179981140625001 0.8718428812499999 0.533106440625 0.8738218218749999
4 0.4530601265625 0.9071968531250001 0.46103630625 0.905915703125 0.4777277875 0.895807984375 0.480277365625 0.8826849578125 0.467963403125 0.8745927468750001 0.453873953125 0.8730795296875 0.44287610624999996 0.8739648921875001 0.43194820156249997 0.8768530390624999 0.4270811109375 0.8810334609374999 0.43122656406250004 0.8848991578125001 0.4287119546875 0.8990235765625 0.432682559375 0.8978823046875 0.4399371 0.904647275 0.4449965234375 0.9059745187500001 0.4530601265625 0.9071968531250001
4 0.393934978125 0.850608584375 0.43399072343749995 0.8492098078125 0.43887529843750006 0.8455300828125001 0.4383157875 0.8295077843750001 0.435014365625 0.8211008468750001 0.4258619453125 0.8174099968749999 0.4109284640625 0.8204380234374999 0.39216425781250003 0.8286128937499999 0.3876468609375 0.8428072515625 0.393934978125 0.850608584375
4 0.6944102812499999 0.81304515625 0.7003312203125 0.81033185625 0.7042668546875 0.808189190625 0.7040920078124999 0.8031822234374999 0.699929071875 0.798815828125 0.69193540625 0.79959628125 0.6818165625 0.7969417953125 0.6708711703125 0.7993292453125 0.6681817156250001 0.808446696875 0.6722747140625 0.810810303125 0.6833949515625 0.8134298203125001 0.6944102812499999 0.81304515625
4 0.6094189812499999 0.7909477484375 0.627409096875 0.7893169062500001 0.6372132171875 0.7829588484375 0.6399551265625 0.7753434890625 0.6406068265625 0.7652945828125 0.636356465625 0.7584247046875 0.6041370234375 0.754536759375 0.584091665625 0.7547354515625 0.579294515625 0.7609186609374999 0.5713882734375 0.7642025953125 0.5718253921875001 0.776720015625 0.582119084375 0.784381471875 0.5963309265625 0.7893995640625 0.6094189812499999 0.7909477484375
4 0.5766670421875 0.7143888265625 0.60670885 0.7133397421875001 0.628582146875 0.7080641453125 0.6412505703125 0.6975956046875 0.6340834531249999 0.6933341203125 0.6026381015625 0.682902146875 0.5480208203125 0.66926889375 0.54441739375 0.6809248 0.5503335671875 0.7067861875 0.5766670421875 0.7143888265625
4 0.6033819890625 0.6467820375 0.6204056812500001 0.6461875578125 0.6283294078125 0.6434043171875 0.639961465625 0.6319693546875 0.6408579515625 0.628930203125 0.6334985015625 0.6191610546875 0.6243285968750001 0.6149695078125 0.614297175 0.6148185046875 0.5824274265625 0.6209444953125 0.5746960343749999 0.6292354 0.5800526953125 0.6390744890625 0.6033819890625 0.6467820375
4 0.525750140625 0.6344537796874999 0.543775225 0.6338243296875 0.5536143140625 0.6284676671875 0.55407368125 0.612911096875 0.54890935 0.6085796734375 0.538807990625 0.606425884375 0.52078290625 0.6070553328125 0.511997665625 0.613879115625 0.513576053125 0.6303671421875 0.525750140625 0.6344537796874999
4 0.7420861296875 0.627901775 0.759074853125 0.6263059015625 0.769915334375 0.62091426875 0.768599215625 0.6119366953125 0.7613097046874999 0.604170334375 0.739016775 0.597429209375 0.735081140625 0.599571875 0.710098753125 0.6019482015625 0.70138345 0.6107747703124999 0.707531690625 0.6145705296874999 0.7420861296875 0.627901775
4 0.6742170484375001 0.43576455000000003 0.6781701703125 0.43412258125000003 0.6798932015625 0.42604149375 0.6727085984375 0.42127931093750004 0.6526982109375 0.422479396875 0.6427542140625 0.424831878125 0.6459682109375 0.4307353328125 0.6651870203125 0.435578578125 0.6742170484375001 0.43576455000000003
4 0.5538765421875 0.32015446718749996 0.5878539859374999 0.3169627203125 0.600592346875 0.3084969671875 0.6033867109375 0.3023836984375 0.59687129375 0.28807330625 0.5664972749999999 0.27960915000000003 0.5524602796875 0.2795980265625 0.5355764656249999 0.28419808125 0.5307443453125 0.289379896875 0.529126221875 0.3004651640625 0.543722728125 0.3164985859375 0.5538765421875 0.32015446718749996
4 0.4333008203125 0.4562089078125 0.44524760625 0.45378648750000006 0.4581608140625 0.450327703125 0.46204399687500003 0.44668294687500004 0.4616418484375 0.43516692187499995 0.45442227500000004 0.4294033453125 0.4274545859375 0.43235030625000004 0.41758052812499996 0.43670557656250003 0.414733709375 0.44131675625 0.41706870625 0.45076005625000004 0.42425330937499994 0.4555222375 0.4333008203125 0.4562089078125
4 0.2189040609375 0.6331377046875 0.2258438765625 0.6308901296875 0.24755981093749999 0.6211082593749999 0.252217084375 0.610919478125 0.24879327031249998 0.5990076625 0.22648285625 0.591765840625 0.2105829515625 0.595830228125 0.1997774390625 0.6022232546875 0.1919411359375 0.6075099796875 0.181380409375 0.620912759375 0.1855258609375 0.62477845625 0.20281182343749998 0.6316944265625 0.2189040609375 0.6331377046875
4 0.24414395312499998 0.6668465171875 0.258145978125 0.6658562484375 0.2660697046875 0.6630730078125 0.2679675828125 0.6599988890625 0.2696381609375 0.6504157109375 0.2644913140625 0.6465849828125 0.248434046875 0.6461431 0.2392991109375 0.642952946875 0.228266296875 0.6428369140625 0.21241884687499998 0.64840339375 0.20953705781249998 0.6520131796874999 0.21173217812499998 0.65745090625 0.24414395312499998 0.6668465171875
4 0.187945090625 0.5505004812500001 0.19985690625000002 0.5470766671875 0.22050150937500002 0.535326978125 0.219202875 0.5268501031249999 0.207011303125 0.52226276875 0.199035125 0.5235439171875 0.191163853125 0.5278292484375 0.1774940359375 0.5383327546875 0.1788975796875 0.5498138124999999 0.187945090625 0.5505004812500001
4 0.3099354578125 0.253978278125 0.3189480015625 0.253663553125 0.3508002640625 0.24703686406249997 0.3566512625 0.242320778125 0.3604819921875 0.23717393125 0.359939965625 0.2216523296875 0.3507176046875 0.21595869374999999 0.332762459375 0.21859093125 0.320868128125 0.22251544218750002 0.29344107343750003 0.24101897499999997 0.293563465625 0.24452385156249998 0.3038221875 0.2511839125 0.3099354578125 0.253978278125