4 0.40017020625 0.11074027500000001 0.387792409375 0.1146152984375 0.3730569515625 0.12638127187499998 0.3866485546875 0.15624349531249998 0.395140859375 0.1629024109375 0.4148941578125 0.16151834062499998 0.43004841718750003 0.1513153546875 0.43734245781250003 0.1409849 0.43398427812499996 0.1201070671875 0.4165149546875 0.1091527203125 0.40017020625 0.11074027500000001
4 0.47614701718749997 0.056319865625 0.4680812875 0.059597875 0.4530007140625 0.074248328125 0.45350097343750007 0.088632721875 0.46839157656249997 0.09413561875000001 0.4835536078125 0.0923065703125 0.4948882890625 0.08871105 0.5056645671875 0.0830315484375 0.509763346875 0.077466071875 0.504474078125 0.07441611718749999 0.5036946171875 0.058989732812499994 0.49980135312499996 0.0611497328125 0.4905451328125 0.0558123109375 0.48491074999999995 0.055646834374999996 0.47614701718749997 0.056319865625
4 0.5519378953125 0.1013447234375 0.5102132375 0.11252481249999999 0.5059748578125001 0.11756929218750001 0.51044206875 0.13424115 0.515944625 0.1422595703125 0.526449475 0.143912015625 0.5413982203125001 0.137114503125 0.5591234265625 0.12398902812499998 0.5604302 0.10800363906249999 0.5519378953125 0.1013447234375
4 0.2454982640625 0.21360865156250003 0.2399375671875 0.21789064218749998 0.236323503125 0.22109263281249997 0.23771950625 0.22630258906249998 0.243148375 0.229873540625 0.2513537078125 0.2271165265625 0.2626224734375 0.22744747968749998 0.273538353125 0.222288971875 0.274154896875 0.21207254375 0.26928442812500003 0.210585575 0.25697254531249997 0.21053412656249998 0.2454982640625 0.21360865156250003
4 0.3401000625 0.21618024375 0.32160316718750004 0.2222532765625 0.3128472078125 0.23130024374999997 0.3118118640625 0.2399536859375 0.313560753125 0.2506530984375 0.319687625 0.25682902812499997 0.3544633546875 0.2530949140625 0.37546528437500004 0.2480258640625 0.3790056609375 0.2403764078125 0.386512990625 0.23501441562499997 0.38302298281249997 0.22198952656249998 0.3703582125 0.21644861875000002 0.354218978125 0.2146306984375 0.3401000625 0.21618024375
4 0.3930316109375 0.28854949531249996 0.3617381171875 0.2969345625 0.3400459578125 0.3077725703125 0.3292774515625 0.3218260109375 0.3378356703125 0.32455845625 0.37338308750000004 0.32787678593749997 0.43403898593749995 0.32893452968750003 0.43500064375 0.3158336234375 0.42252584375 0.2901393625 0.3930316109375 0.28854949531249996
4 0.3813480796875 0.365947471875 0.3636151015625 0.370699009375 0.3559681703125 0.37554000625 0.34652198125 0.3903559359375 0.3463164671875 0.3937614109375 0.3564102890625 0.40222480625 0.36705473906249997 0.40439824687500003 0.3776255046875 0.402124221875 0.409609228125 0.38797019375 0.415720553125 0.3773982484375 0.4077129640625 0.36837584687499997 0.3813480796875 0.365947471875
4 0.46585605625 0.3600556703125 0.447079959375 0.365086709375 0.43804479843750005 0.3730916890625 0.4413292953125 0.3895220546875 0.44780127968750005 0.392813503125 0.4589304453125 0.39262345781249997 0.477706540625 0.38759241875 0.485279784375 0.37830395625 0.47962985781249995 0.361390603125 0.46585605625 0.3600556703125
4 0.24026370312499998 0.41938615625000003 0.22280992500000002 0.42517968437500003 0.212731646875 0.43346416562499995 0.2162875703125 0.4425625828125 0.225822990625 0.448941996875 0.250865559375 0.4506078828125 0.254479621875 0.44740589062499997 0.2801387328125 0.43885535000000003 0.28715357343750003 0.42748290468750005 0.2797780734375 0.42499195468749995 0.24026370312499998 0.41938615625000003
4 0.3580587421875 0.6044828109375 0.3543050765625 0.60716380625 0.35445245000000003 0.616058740625 0.36315026875 0.61931218125 0.383872996875 0.6132011421875 0.393745759375 0.6083221359375 0.38894120625 0.6029086953125 0.367586390625 0.6024882859375 0.3580587421875 0.6044828109375
4 0.5124247328125 0.6965785015625 0.477517175 0.708165559375 0.46619026718749995 0.7201350171875001 0.464736121875 0.7272254703125001 0.4750432296875 0.7406573296875 0.50898913125 0.7421711796875 0.5237323609375 0.7387791453125 0.5403485375 0.7298596421875 0.544168115625 0.723252175 0.543183140625 0.7112312671875001 0.5239727000000001 0.69795144375 0.5124247328125 0.6965785015625
4 0.606099396875 0.5246188843749999 0.5941404015625 0.5300568921875 0.5814174890625 0.536816396875 0.5782222265625 0.5415813734375 0.581433034375 0.553564271875 0.5904100515625 0.5578597046875 0.6180157953125 0.5482291609375001 0.6273301578125 0.541266175 0.6292031031249999 0.535738709375 0.6244644625 0.526398796875 0.61576664375 0.5231453562499999 0.606099396875 0.5246188843749999
4 0.788400096875 0.2870318890625 0.7816566828125 0.2910723859375 0.7612209265625001 0.30659935625 0.7587973515625 0.31841677968750004 0.765277109375 0.33008216562500003 0.7904592781249999 0.332269046875 0.8061719374999999 0.3241500421875 0.815971015625 0.314823571875 0.8229199421875 0.3073775984375 0.8307646140625 0.2907571875 0.8254753453125 0.2877072328125 0.8056483609375 0.2846438359375 0.788400096875 0.2870318890625
4 0.753732878125 0.257791246875 0.7392688484375001 0.262225271875 0.7316219171875 0.26706626875 0.7303732875 0.2707512453125 0.7309394593749999 0.2812091671875 0.7372718453125 0.2839796203125 0.754240909375 0.2805495765625 0.7646061609375 0.28168102500000003 0.7762200421875 0.2791274953125 0.7915139015625 0.26944550624999997 0.7936660484375 0.2649600296875 0.7900442125 0.2597880828125 0.753732878125 0.257791246875
4 0.8409206156250001 0.36621209062500004 0.82924081875 0.372692090625 0.81040658125 0.390023540625 0.8138229046875001 0.3986009625 0.8277363062499999 0.4004568921875 0.8358020359375 0.39717888437500004 0.8430301640625 0.3907749 0.8548417875000001 0.3764419578125 0.8505878640625 0.36473856250000003 0.8409206156250001 0.36621209062500004
4 0.784616246875 0.7068468125 0.7752282 0.70936233125 0.7433840765624999 0.7240373531250001 0.73838178125 0.730403328125 0.73560531875 0.7367312921875 0.7399329296875 0.75288215625 0.75099618125 0.7566185828124999 0.7692138765625 0.7495035609375 0.780754071875 0.7425025640625 0.8050753203125 0.7164416578125 0.80409811875 0.7127946890625 0.791712546875 0.7082957734375 0.784616246875 0.7068468125