4 0.20363430624999998 0.250261953125 0.19505203124999998 0.23843048125 0.190818159375 0.242357259375 0.1839128921875 0.24053854375 0.179735371875 0.23354180625 0.1729155484375 0.23610384375 0.1531105265625 0.263531734375 0.14961563125 0.2708150125 0.15390676875 0.2767307484375 0.15385041875 0.2876542640625 0.1572326140625 0.302218015625 0.162035490625 0.31365225625000004 0.1748516375 0.32155695 0.19053732343750002 0.3177408640625 0.19849332656250002 0.3043688046875 0.204317846875 0.2853079984375 0.20363430624999998 0.250261953125
4 0.30703783125 0.16495105000000002 0.31064726249999997 0.17735279843750001 0.32022392499999996 0.1849170078125 0.331675740625 0.1850276984375 0.333891746875 0.174331171875 0.3306231703125 0.15868641875 0.3322710875 0.15339490312499998 0.3156473671875 0.150554734375 0.3081740109375 0.154141028125 0.30703783125 0.16495105000000002
4 0.3542776921875 0.43222266718749996 0.3501292640625 0.4405302 0.34987385312499997 0.4481539609375 0.354932140625 0.451964440625 0.3747099046875 0.45076433437499996 0.3756470234375 0.4366545609375 0.36896807656249997 0.41190781249999997 0.36271634218750004 0.40906484218749994 0.35501575 0.4148131390625 0.3542776921875 0.43222266718749996
4 0.28092930781250003 0.304289625 0.279423184375 0.30303838125000004 0.2738540734375 0.31447542500000003 0.27635550000000003 0.3322254359375 0.287807315625 0.332336128125 0.2868120140625 0.315837359375 0.28092930781250003 0.304289625
4 0.1680391453125 0.490247215625 0.1681818578125 0.5044704828125 0.1740363875 0.5214799765625 0.18239142656250001 0.5354734515625 0.18472196875 0.5444619515625 0.18926851718749998 0.5427539265625 0.191597225 0.5102103703124999 0.19043195468750002 0.5057161203125 0.1784111328125 0.4902444109375 0.173239228125 0.48751493437500004 0.1680391453125 0.490247215625
4 0.3676184109375 0.7363702609375 0.362163834375 0.7674923312499999 0.35599754375 0.769030115625 0.36875733906249997 0.787858325 0.3719395578125 0.77835629375 0.3779922328125 0.7778995125 0.3862609125 0.7667462046875 0.3888177734375 0.7528066718749999 0.38685626093750003 0.7351134078125 0.3761715953125 0.7328974609375 0.3676184109375 0.7363702609375
4 0.5631191078125 0.6421591156249999 0.565391465625 0.6205390734375 0.55618383125 0.6042701 0.5496194203125 0.5992083765625 0.5318022515624999 0.5973357171875 0.5206340234375 0.58413950625 0.5115691 0.5820938015625 0.5004017875 0.5896636187500001 0.49648059531250005 0.5958091484375 0.49403735156249995 0.608667678125 0.4911114625 0.631311975 0.49057338125000005 0.672787284375 0.5128253140625 0.7155649765625001 0.5258686953125 0.721307665625 0.544140334375 0.7188563171875 0.5470671406250001 0.71697805 0.556244765625 0.697176725 0.5628364359375 0.6760106625 0.5649670015625 0.66093338125 0.5631191078125 0.6421591156249999
4 0.43802715625 0.575457175 0.441437525 0.58455916875 0.44888270625000004 0.586434634375 0.45118415624999997 0.5801188640625 0.4563842359375 0.5773865828125 0.45885565625 0.55906629375 0.45533166718749996 0.5510453015625 0.4446470015625 0.5488293546875 0.4393051265625 0.55810439375 0.43802715625 0.575457175
4 0.5285591000000001 0.5139311203125 0.5215693078125 0.5284976765625 0.5206603640624999 0.53714569375 0.5228772890625 0.5472151953125 0.528560934375 0.5554631765625 0.5414616062500001 0.5469825984375001 0.5471734265625 0.549768821875 0.5509809999999999 0.5447042953125 0.554617690625 0.5308782578125 0.5535660375 0.5253030046875 0.546688946875 0.51802253125 0.5285591000000001 0.5139311203125
4 0.6492527109374999 0.7211605234375 0.659198403125 0.72001996875 0.66411398125 0.70960718125 0.6648520390625 0.692197653125 0.6600209875 0.6862251703125 0.65030253125 0.68520371875 0.6416075546875 0.695219278125 0.640130521875 0.7092723046875 0.6492527109374999 0.7211605234375
4 0.80104486875 0.533826978125 0.8065858031250001 0.527851690625 0.811302321875 0.5141391484375 0.809937990625 0.5063451453125001 0.79783264375 0.5072587093750001 0.794451365625 0.513460984375 0.7966401140625 0.5289922453125 0.80104486875 0.533826978125
4 0.5987632828125 0.22512211249999997 0.596320040625 0.23798064375 0.6125747328125 0.2495255734375 0.6253054359375 0.25304951249999996 0.6322097859375 0.2341022 0.6321243453125 0.2297214453125 0.6168640375 0.21390925312500003 0.608566265625 0.209758290625 0.595267471875 0.2116393625 0.5987632828125 0.22512211249999997