4 0.14599609375 0.384765625 0.1513671875 0.39453125 0.16357421875 0.400390625 0.17724609375 0.3955078125 0.18310546875 0.3828125 0.1865234375 0.365234375 0.1826171875 0.333984375 0.173828125 0.32421875 0.17041015625 0.328125 0.1640625 0.3271484375 0.15966796875 0.3212890625 0.15380859375 0.32421875 0.138671875 0.3505859375 0.13623046875 0.357421875 0.140625 0.3623046875 0.1416015625 0.3720703125 0.14599609375 0.384765625
4 0.291015625 0.263671875 0.2919921875 0.25390625 0.28759765625 0.240234375 0.28857421875 0.2353515625 0.2734375 0.234375 0.26708984375 0.23828125 0.26708984375 0.248046875 0.271484375 0.2587890625 0.28076171875 0.2646484375 0.291015625 0.263671875
4 0.3369140625 0.5 0.3544921875 0.4970703125 0.35400390625 0.484375 0.345703125 0.462890625 0.33984375 0.4609375 0.33349609375 0.466796875 0.33447265625 0.482421875 0.33154296875 0.490234375 0.33203125 0.4970703125 0.3369140625 0.5
4 0.2568359375 0.375 0.25537109375 0.3740234375 0.25146484375 0.384765625 0.25537109375 0.400390625 0.265625 0.3994140625 0.26318359375 0.384765625 0.2568359375 0.375
4 0.193359375 0.5986328125 0.197265625 0.5966796875 0.1962890625 0.5673828125 0.19482421875 0.5634765625 0.1826171875 0.55078125 0.177734375 0.548828125 0.17333984375 0.5517578125 0.1748046875 0.564453125 0.181640625 0.5791015625 0.1904296875 0.5908203125 0.193359375 0.5986328125
4 0.3828125 0.7900390625 0.38818359375 0.7890625 0.39453125 0.7783203125 0.3955078125 0.765625 0.39208984375 0.75 0.38232421875 0.7490234375 0.375 0.7529296875 0.373046875 0.78125 0.36767578125 0.783203125 0.380859375 0.798828125 0.3828125 0.7900390625
4 0.51513671875 0.724609375 0.53125 0.720703125 0.53369140625 0.71875 0.5400390625 0.7001953125 0.5439453125 0.6806640625 0.54443359375 0.6669921875 0.541015625 0.650390625 0.541015625 0.630859375 0.53125 0.6171875 0.52490234375 0.61328125 0.5087890625 0.61328125 0.49755859375 0.6025390625 0.4892578125 0.6015625 0.47998046875 0.609375 0.47705078125 0.615234375 0.47607421875 0.626953125 0.4755859375 0.6474609375 0.47900390625 0.6845703125 0.5029296875 0.720703125 0.51513671875 0.724609375
4 0.43505859375 0.60546875 0.439453125 0.6025390625 0.43994140625 0.5859375 0.43603515625 0.5791015625 0.42626953125 0.578125 0.42236328125 0.5869140625 0.4228515625 0.6025390625 0.4267578125 0.6103515625 0.43359375 0.611328125 0.43505859375 0.60546875
4 0.5126953125 0.5673828125 0.51806640625 0.5693359375 0.52099609375 0.564453125 0.52294921875 0.5517578125 0.521484375 0.546875 0.5146484375 0.541015625 0.498046875 0.5390625 0.4931640625 0.552734375 0.4931640625 0.560546875 0.49609375 0.5693359375 0.501953125 0.576171875 0.5126953125 0.5673828125
4 0.6376953125 0.701171875 0.63671875 0.685546875 0.6318359375 0.6806640625 0.623046875 0.6806640625 0.6162109375 0.6904296875 0.6162109375 0.703125 0.62548828125 0.712890625 0.63427734375 0.7109375 0.6376953125 0.701171875
4 0.748046875 0.525390625 0.7509765625 0.5126953125 0.7490234375 0.505859375 0.73828125 0.5078125 0.73583984375 0.513671875 0.7392578125 0.52734375 0.74365234375 0.53125 0.748046875 0.525390625
4 0.56005859375 0.296875 0.564453125 0.279296875 0.56396484375 0.275390625 0.548828125 0.2626953125 0.541015625 0.259765625 0.529296875 0.2626953125 0.53369140625 0.2744140625 0.53271484375 0.2861328125 0.54833984375 0.294921875 0.56005859375 0.296875