4 0.9010432843749999 0.2936090546875 0.8982482031250001 0.28619401875 0.8812238375 0.257702146875 0.8747724046875 0.2546159765625 0.87008733125 0.2610953171875 0.8631773546874999 0.2622821921875 0.8593721562500001 0.25808356875 0.8499647937500001 0.26891038125 0.8462964421875 0.3030947484375 0.850362125 0.3222164703125 0.85699961875 0.3359619984375 0.8720157468749999 0.34103119375 0.8852283078125 0.334403003125 0.8909048937499999 0.32364131406249996 0.8954597281250001 0.309700421875 0.8963396031249999 0.29902246093749996 0.9010432843749999 0.2936090546875
4 0.756124028125 0.1767174546875 0.75593796875 0.1660580984375 0.7489349625 0.16191529375 0.7324315671875 0.163269621875 0.7335905312500001 0.1685806953125 0.7290543046875 0.183587521875 0.7303063015625 0.1942282734375 0.74151723125 0.1950988453125 0.751531984375 0.188526475 0.756124028125 0.1767174546875
4 0.6870399 0.4338258375 0.687808140625 0.4167522609375 0.680767921875 0.410477584375 0.67440951875 0.4127210921875 0.6657583984375 0.43632982968749995 0.66546730625 0.450196296875 0.6847099671875 0.45305919531249994 0.689983828125 0.449768359375 0.69038655625 0.44229750624999997 0.6870399 0.4338258375
4 0.771817790625 0.3427801546875 0.7757838375 0.325650759375 0.7713154296875 0.313999890625 0.7697351328125001 0.3150937359375 0.762992609375 0.32587403125000003 0.7606068593749999 0.34190958125000004 0.771817790625 0.3427801546875
4 0.862883290625 0.5203223593749999 0.8642403171874999 0.5064372875 0.8593877875 0.5033232078125 0.8540953203124999 0.5055481078125 0.841013003125 0.5196378484374999 0.839488521875 0.5239295 0.8389807671874999 0.5559261765625 0.843281721875 0.5579836234375 0.8463306796875001 0.5494003203125 0.8557008296875 0.5364416375000001 0.862883290625 0.5203223593749999
4 0.6506288687499999 0.7607371015625 0.6479574234375 0.7298621765625 0.6398884812500001 0.7257379796875 0.62924773125 0.7269899750000001 0.6258146515624999 0.7441100671875 0.6271224656250001 0.757948625 0.6342557125 0.7695529796875 0.640136965625 0.7705165828125 0.642436290625 0.7800727921874999 0.6565287265624999 0.7627666390625001 0.6506288687499999 0.7607371015625
4 0.5361566 0.6166575375 0.53523290625 0.594282190625 0.5339437 0.5815095671875 0.53063425625 0.575169771875 0.52035901875 0.5668190421875 0.511317171875 0.568043128125 0.4992635765625 0.579982390625 0.4816756375 0.5802893890624999 0.4748214796875 0.5846740703125 0.46442260625 0.59978323125 0.46479472499999996 0.62110194375 0.4613802515625 0.639287971875 0.4621737046875 0.6542017687499999 0.4668095671875 0.6754460609375 0.47409166249999996 0.6955778984375 0.47679371406250004 0.69766325625 0.494456075 0.70162 0.5077058484375 0.6971236828125 0.5331328515625 0.6572282140625 0.5361566 0.6166575375
4 0.5928612531249999 0.5666197703125 0.5930965265625 0.5495554968749999 0.5886653296875 0.5400365 0.578024578125 0.5412884953125 0.5738910765624999 0.54882446875 0.5747403453125 0.5669360718750001 0.579592875 0.570050153125 0.5813034140625 0.5764178578125 0.5887463578125 0.5752216812500001 0.5928612531249999 0.5666197703125
4 0.515313825 0.522124165625 0.515164978125 0.51359668125 0.509574815625 0.49876660937499995 0.49149112031250003 0.501214784375 0.48414120625 0.5077406390625 0.48263533281250004 0.5130982265624999 0.48500908125000003 0.5269181796875 0.48829991875 0.5321920390625 0.494125353125 0.5299578359375 0.5060181 0.5393465921875 0.512283471875 0.5317734046875 0.515313825 0.522124165625
4 0.3837224 0.6800951328125 0.38348052187500004 0.66623796875 0.3758329109375 0.6557088531249999 0.3662394890625 0.6558763062499999 0.361002840625 0.661299015625 0.3602346015625 0.6783725921875 0.3641514359375 0.6889668296875 0.37378206875000003 0.690931246875 0.3837224 0.6800951328125
4 0.2495357140625 0.4755828375 0.24675923906250002 0.4692337390625 0.23499673593749998 0.4673065328125 0.2329951046875 0.47480529374999997 0.23643478906249998 0.48860664062500003 0.2413431375 0.49491852812500003 0.2460654234375 0.49057105781250004 0.2495357140625 0.4755828375
4 0.46562594218750003 0.21057715156249998 0.47019938124999994 0.19770219687499999 0.457352334375 0.194727659375 0.4488806671875 0.198074315625 0.4326005421875 0.21221987343749998 0.432141996875 0.21649291874999999 0.437273615625 0.235596034375 0.45002763124999995 0.233240890625 0.46691515 0.2233497734375 0.46562594218750003 0.21057715156249998