4 0.6822950249999999 0.3704274765625 0.675475790625 0.3348233828125 0.655870046875 0.3187946046875 0.6469458828125 0.3203681765625 0.635333546875 0.3343237328125 0.6361653328125 0.34825014374999996 0.6403623765625001 0.36591334531249997 0.6503947328125 0.38904289062499997 0.6643502890625 0.4006552265625 0.677813884375 0.39719868593749996 0.6822950249999999 0.3704274765625
4 0.809051590625 0.3740579375 0.80016554375 0.323662659375 0.797634634375 0.31544857187500003 0.7886496171874999 0.31053760625 0.7850662421875 0.3209123515625 0.7822486718749999 0.3755363828125 0.782679778125 0.384120721875 0.7848100078125 0.3869927375 0.8043878890625 0.38137554218749997 0.809051590625 0.3740579375
4 0.519341821875 0.63732028125 0.50971014375 0.6195328078125 0.49908941875 0.6084149953125 0.4921407859375 0.61505295 0.4906267875 0.6218151749999999 0.49188967968749997 0.644325925 0.5043616640625 0.6659427531250001 0.508746396875 0.6662521515625001 0.515849728125 0.6574218296875001 0.520297878125 0.6458120593750001 0.519341821875 0.63732028125
4 0.69718100625 0.57456865 0.6958851234375001 0.5672193375 0.6908537328125 0.5540334312499999 0.6755718671875 0.5318295156249999 0.665876771875 0.5259612109375 0.6626027953125 0.5319512234375 0.6677254687499999 0.5548639343749999 0.6757214390625 0.5664445609375 0.679857628125 0.577623228125 0.6860327671875 0.58194710625 0.6942468546875 0.579416196875 0.69718100625 0.57456865
4 0.720659015625 0.7230675984375 0.7173876046875 0.7106539046875 0.70954633125 0.6968809109375 0.6863876390625 0.694469146875 0.6822793140625001 0.7049364546875 0.6843131375 0.7348890796875 0.7152852375000001 0.7294278624999999 0.720659015625 0.7230675984375
4 0.8403125828125001 0.5114416375 0.8350656375 0.4939635625 0.8293545953124999 0.483062584375 0.819443946875 0.4729021109375 0.8122493343749999 0.4720056265625 0.8026759468750001 0.4791063953125 0.802828084375 0.49531773437500004 0.8083818640624999 0.526814784375 0.8187870359374999 0.5336404265625 0.8416363296875 0.5404369234375 0.8449103062500001 0.5344469109375 0.846703275 0.5200576859375 0.8403125828125001 0.5114416375
4 0.38460689375 0.7173699906250001 0.37688989375 0.6981623640625 0.3651584125 0.6807451421875 0.35725372499999997 0.6788913203125 0.34434550625 0.6854975640625 0.34239783749999997 0.7020791546875 0.349374334375 0.7170871765625 0.35943968125 0.725055284375 0.37191423125 0.72826840625 0.37821364062499996 0.72715765 0.38460689375 0.7173699906250001
4 0.3112230015625 0.6112296734375 0.3072415125 0.5978586406249999 0.30011031718750003 0.5850429859374999 0.2953553328125 0.5826337828125 0.2826018140625 0.5870476625000001 0.2816736203125 0.600201859375 0.291891103125 0.6243813078125 0.3000722 0.6370118359375 0.3086261125 0.6333384609375 0.3119000890625 0.6273484484375 0.3112230015625 0.6112296734375
4 0.3419363046875 0.6902525484375001 0.3384189109375 0.6703044171875 0.334652975 0.661225553125 0.325112578125 0.653164884375 0.3075736484375 0.6519272921875 0.3073859578125 0.669281096875 0.3113648859375 0.7010558375 0.32139980625 0.705781675 0.3410081125 0.703406746875 0.3419363046875 0.6902525484375001
4 0.670482184375 0.4937553671875 0.666100015625 0.4750422625 0.654028709375 0.45876750624999996 0.633061103125 0.46571229374999995 0.6422565484375 0.511722840625 0.653896746875 0.5194132578125 0.6668658203125 0.5192915499999999 0.6664042859375 0.5074649421874999 0.670482184375 0.4937553671875
4 0.8226013406250001 0.4171356140625 0.8193299296875001 0.4047219203125 0.8170145734375 0.40080000312499997 0.8085849328125001 0.39903874375 0.800401271875 0.4048119203125 0.8001831546875 0.4189234578125 0.8042559265625 0.44202129375 0.8083312625 0.44671542343750004 0.8119425 0.45798665312500003 0.8189519875 0.45783323593749997 0.8246655921875 0.45033050625 0.8226013406250001 0.4171356140625
4 0.6248777734375001 0.24739873124999998 0.6229048046875 0.22393064218749997 0.6188294703125 0.21923651249999998 0.5939716546875 0.22253707031249997 0.5936267046875 0.260486946875 0.5974230687500001 0.272808078125 0.597915028125 0.287876953125 0.60600228125 0.309184384375 0.6077318328125 0.3067143296875 0.613412446875 0.3143730390625 0.625917421875 0.320828428125 0.6326860562500001 0.27633316093750004 0.6248777734375001 0.24739873124999998
4 0.5058606140624999 0.5455160234374999 0.49795848749999994 0.52525849375 0.4749849234375 0.52389663125 0.46877679375000003 0.5347341921875 0.475844571875 0.5594690156250001 0.4891813328125 0.5798508171875 0.50208955 0.573244571875 0.5077118734375 0.556015040625 0.5058606140624999 0.5455160234374999
4 0.5748443937500001 0.76176918125 0.57002855625 0.7528754453125 0.5604577328125 0.7415725078125 0.551163315625 0.7410462734375 0.5464666234375 0.763525315625 0.5497380374999999 0.775939009375 0.5590933078125 0.782949778125 0.5697774484375 0.7821484203125 0.576510528125 0.771218296875 0.5748443937500001 0.76176918125
4 0.7326774890625 0.453559959375 0.7257035546874999 0.42014823124999995 0.6944220578125 0.4299941828125 0.6894489562499999 0.44169651718749997 0.6918555953125 0.4553452375 0.7035870765625 0.472762459375 0.7274254171875 0.4728892953125 0.73239851875 0.4611869609375 0.7326774890625 0.453559959375
4 0.8833383749999999 0.42699437968750004 0.8816722406249999 0.41754526406250003 0.8600275500000001 0.4083712765625 0.850484590625 0.4187143125 0.8500813468749999 0.43177594687500004 0.8559140968750001 0.45564599531249994 0.8575498046875 0.46185284375 0.8617798375 0.46435460624999997 0.8644958734375001 0.4736185953125 0.8685103546875 0.47182818906249996 0.87725195625 0.4508010109375 0.8833383749999999 0.42699437968750004