4 0.349609375 0.4619140625 0.35498046875 0.439453125 0.35595703125 0.4228515625 0.3544921875 0.41015625 0.341796875 0.3994140625 0.33349609375 0.3994140625 0.318359375 0.4169921875 0.31787109375 0.4501953125 0.326171875 0.4736328125 0.3388671875 0.474609375 0.349609375 0.4619140625
4 0.2294921875 0.478515625 0.228515625 0.470703125 0.21728515625 0.421875 0.21240234375 0.4130859375 0.205078125 0.4189453125 0.2041015625 0.4267578125 0.2041015625 0.4736328125 0.20947265625 0.4794921875 0.22802734375 0.4814453125 0.2294921875 0.478515625
4 0.521484375 0.689453125 0.525390625 0.6884765625 0.533203125 0.6669921875 0.53076171875 0.646484375 0.5283203125 0.640625 0.52099609375 0.6357421875 0.51318359375 0.6474609375 0.50732421875 0.6650390625 0.5078125 0.6728515625 0.513671875 0.6826171875 0.521484375 0.689453125
4 0.35302734375 0.63671875 0.35498046875 0.6259765625 0.3603515625 0.6142578125 0.361328125 0.5927734375 0.357421875 0.587890625 0.349609375 0.5947265625 0.33935546875 0.6171875 0.3369140625 0.6298828125 0.3369140625 0.63671875 0.34033203125 0.640625 0.34814453125 0.6416015625 0.35302734375 0.63671875
4 0.37109375 0.751953125 0.36572265625 0.7431640625 0.34521484375 0.7490234375 0.34033203125 0.7626953125 0.33935546875 0.7744140625 0.34521484375 0.779296875 0.3740234375 0.779296875 0.37109375 0.751953125
4 0.201171875 0.62890625 0.220703125 0.619140625 0.22900390625 0.611328125 0.22900390625 0.58203125 0.2265625 0.5673828125 0.216796875 0.5625 0.21044921875 0.564453125 0.203125 0.5751953125 0.19970703125 0.5859375 0.19775390625 0.6025390625 0.193359375 0.611328125 0.197265625 0.6240234375 0.201171875 0.62890625
4 0.66552734375 0.71875 0.67333984375 0.7099609375 0.67724609375 0.6953125 0.6728515625 0.6806640625 0.66015625 0.6767578125 0.6533203125 0.6796875 0.6455078125 0.697265625 0.6416015625 0.7158203125 0.64892578125 0.7236328125 0.65478515625 0.7236328125 0.66552734375 0.71875
4 0.705078125 0.6298828125 0.71044921875 0.6171875 0.7158203125 0.59375 0.712890625 0.58203125 0.70068359375 0.580078125 0.69677734375 0.5830078125 0.6923828125 0.595703125 0.69091796875 0.6083984375 0.69287109375 0.623046875 0.69677734375 0.6279296875 0.705078125 0.6298828125
4 0.705078125 0.689453125 0.70361328125 0.66015625 0.70068359375 0.64453125 0.68505859375 0.6484375 0.677734375 0.6572265625 0.67578125 0.666015625 0.67578125 0.6845703125 0.6787109375 0.6962890625 0.69677734375 0.6953125 0.705078125 0.689453125
4 0.3671875 0.580078125 0.37646484375 0.5712890625 0.37744140625 0.5283203125 0.357421875 0.525390625 0.34912109375 0.5419921875 0.34814453125 0.5595703125 0.35400390625 0.5712890625 0.35546875 0.58203125 0.3671875 0.580078125
4 0.21484375 0.5498046875 0.21630859375 0.5390625 0.21923828125 0.5341796875 0.21923828125 0.5126953125 0.216796875 0.5 0.20849609375 0.49609375 0.201171875 0.4990234375 0.19970703125 0.5029296875 0.19873046875 0.5146484375 0.2021484375 0.544921875 0.20849609375 0.55078125 0.21484375 0.5498046875
4 0.37109375 0.388671875 0.375 0.380859375 0.376953125 0.3828125 0.380859375 0.3623046875 0.37890625 0.3486328125 0.38037109375 0.3369140625 0.3740234375 0.302734375 0.35107421875 0.3037109375 0.34814453125 0.30859375 0.35009765625 0.330078125 0.34765625 0.357421875 0.36083984375 0.396484375 0.37109375 0.388671875
4 0.525390625 0.6083984375 0.5341796875 0.587890625 0.53662109375 0.564453125 0.529296875 0.5556640625 0.5087890625 0.560546875 0.5048828125 0.580078125 0.5048828125 0.58984375 0.5126953125 0.6044921875 0.525390625 0.6083984375
4 0.49462890625 0.802734375 0.501953125 0.794921875 0.5029296875 0.783203125 0.4951171875 0.763671875 0.48681640625 0.765625 0.47998046875 0.77734375 0.47705078125 0.7861328125 0.47705078125 0.794921875 0.48486328125 0.8037109375 0.49462890625 0.802734375
4 0.31494140625 0.5458984375 0.32275390625 0.5283203125 0.32275390625 0.515625 0.31640625 0.505859375 0.28662109375 0.501953125 0.28564453125 0.533203125 0.287109375 0.5400390625 0.29345703125 0.5498046875 0.31494140625 0.5458984375
4 0.169921875 0.572265625 0.1708984375 0.5634765625 0.17431640625 0.560546875 0.1748046875 0.5546875 0.17626953125 0.5322265625 0.173828125 0.5205078125 0.16357421875 0.5126953125 0.1455078125 0.5244140625 0.1455078125 0.533203125 0.15478515625 0.5537109375 0.166015625 0.5712890625 0.169921875 0.572265625