4 0.383099846875 0.6684705890625 0.4194006453125 0.6754226609375 0.4466938984375 0.6708637265624999 0.45021540312499997 0.657151821875 0.4383736140625 0.6429360078124999 0.41479040625 0.6327137578124999 0.39678141562499997 0.6284357609375 0.3825828390625 0.6275859578125 0.36835690312499997 0.6394103828125 0.3667542875 0.6484992703125 0.383099846875 0.6684705890625
4 0.42312601250000004 0.8045238453125 0.430585659375 0.7997752874999999 0.43630886562500004 0.779836446875 0.43338035 0.7776662796875 0.4246282609375 0.7772255765625 0.3689378546875 0.7800849078125001 0.3583611515625 0.7837325796875 0.3633697375 0.792884675 0.3717447390625 0.795463940625 0.42312601250000004 0.8045238453125
4 0.6733387890625 0.49969357187499996 0.691475509375 0.509506721875 0.7001333265625 0.5104820671875 0.7119690171874999 0.5059538609375 0.7209704640625 0.49872085000000005 0.72065419375 0.494254978125 0.6986127875 0.4815482734375 0.6756621218750001 0.4802577671875 0.6687681046875 0.48179848124999997 0.6620018156249999 0.48887434843750005 0.6733387890625 0.49969357187499996
4 0.6065943828125 0.68417439375 0.6200387859375 0.68930131875 0.6275318875 0.69062255625 0.6324735625 0.6876350640625 0.63505235 0.6792695640625 0.6306428484375 0.6729794203125 0.6192450593750001 0.6687646296875001 0.6074367281249999 0.6606186078125 0.584075521875 0.6553968718750001 0.5779691328125 0.6587302546875 0.5839538906249999 0.6686057390625 0.6065943828125 0.68417439375
4 0.790981234375 0.6775470890624999 0.7604431953125 0.6754699890625 0.74977221875 0.6796523015625 0.7522354734375 0.703239690625 0.7662789640625001 0.7112285671875 0.7789357390625 0.7145628234375 0.7854192140625 0.7090908781249999 0.790981234375 0.6775470890624999
4 0.5239027625 0.815127084375 0.5342635640625 0.82522291875 0.5453785390625 0.83104163125 0.5631989875000001 0.836388909375 0.5719845328125001 0.8428994062499999 0.586654465625 0.8410760078124999 0.5927608546875 0.8377426234375 0.585827284375 0.8144695234375 0.5788663546875 0.8038706515625 0.5467530593750001 0.7982082109374999 0.530225053125 0.79805019375 0.5229874046874999 0.8077992625 0.5239027625 0.815127084375
4 0.75347898125 0.364432153125 0.7730632296875 0.3722954890625 0.7830408484375 0.3657858671875 0.7841721078125 0.35937018125 0.780893865625 0.34666435 0.7727682203125 0.3364113703125 0.7574657453125 0.3293030265625 0.740560653125 0.3312835703125 0.7338278203125 0.3444292296875 0.7357193484375 0.352480440625 0.75347898125 0.364432153125
4 0.6512029546875 0.2934768734375 0.6648359015625 0.29753451875 0.6812696375 0.298227178125 0.6873760250000001 0.29489379375 0.691119528125 0.28618240156249997 0.678240753125 0.2778476328125 0.653587103125 0.2674366359375 0.64017615625 0.2683795015625 0.6356784796875 0.28136801718750004 0.6381356375 0.286211384375 0.6512029546875 0.2934768734375
4 0.7454080546874999 0.32883071875000003 0.758819003125 0.327887853125 0.7612366078125 0.3079174078125 0.7564165640625 0.29769603125 0.724020453125 0.29363751250000003 0.7063277328125 0.2938253875 0.707592815625 0.31168887343749996 0.71581273125 0.3214072140625 0.7250696343749999 0.32524450625 0.7454080546874999 0.32883071875000003
4 0.5591116984375 0.659264021875 0.5711693875 0.6597363296875 0.5712910171875001 0.646527459375 0.5634481890624999 0.634670559375 0.5165372296874999 0.625296365625 0.50946076875 0.64665038125 0.5260556859375 0.6589479859375 0.545135121875 0.66341473125 0.5591116984375 0.659264021875
4 0.45039190781249994 0.8126391359375 0.4543908671875 0.81499805 0.46704764218749995 0.81833230625 0.50089128125 0.8204410125000001 0.5085394703125 0.814623175 0.5086945578125001 0.8074840999999999 0.49720249687500007 0.80380395 0.49241591093750003 0.7996523671875 0.468866159375 0.7954999109374999 0.454479040625 0.795719390625 0.4485946515625 0.8040532859375 0.45039190781249994 0.8126391359375
4 0.2686049484375 0.58543805625 0.265244628125 0.6107549062500001 0.270031215625 0.6149064906249999 0.293958053125 0.616920384375 0.3234591046875 0.62487853125 0.36882216562500003 0.617993159375 0.36223832031250003 0.605255725 0.3544289484375 0.59946861875 0.3569469203125 0.5977075515625 0.3352217859375 0.5894667203124999 0.31985849375000003 0.5889628078125 0.307295990625 0.5850939109375 0.2686049484375 0.58543805625
4 0.608580025 0.4976463265625 0.6261450171875 0.4919233015625 0.6328778500000001 0.478777640625 0.61209543125 0.465190403125 0.5868761515625 0.45798724843749994 0.5758280890624999 0.4643081234375 0.5772209015625 0.48770676249999995 0.5978755921875 0.495758846875 0.608580025 0.4976463265625
4 0.8183656312500001 0.5660591875 0.827999621875 0.56775791875 0.8391419546875 0.560902403125 0.8399569421875 0.5500208453125001 0.8328074703125001 0.5404912546875 0.8201506937499999 0.5371569968750001 0.797233484375 0.541936284375 0.7977717546875 0.55140266875 0.809297271875 0.5611526109375 0.8183656312500001 0.5660591875
4 0.5119423140625 0.7264698296875001 0.5238722765625 0.721406984375 0.52373845 0.6971278109375 0.5059788171874999 0.6851760984374999 0.49206305625 0.682722375 0.48013309375 0.687785221875 0.47010075625000003 0.7196432984375 0.504166396875 0.726752515625 0.5119423140625 0.7264698296875001
4 0.458119203125 0.8564489249999999 0.46747647499999995 0.8784955999999999 0.4771104640625 0.88019433125 0.50138093125 0.873999871875 0.5228171546875 0.8651006046875 0.5246417703125 0.861012228125 0.5151963234375 0.858244215625 0.5126448953125 0.8539354890625 0.5063165078125 0.8522683593749999 0.481979128125 0.8463232328125001 0.468662453125 0.846731459375 0.458119203125 0.8564489249999999