4 0.26560312656249996 0.4614924859375 0.2573862015625 0.46236137499999996 0.24960372187500002 0.467338725 0.24989871406250003 0.472439440625 0.266954725 0.4950735328125 0.27064483125 0.49761584687499993 0.2939708109375 0.5044355781250001 0.3060870203125 0.5046206234375 0.308264615625 0.496325928125 0.300519684375 0.4866367125 0.27240944218749996 0.4634609015625 0.26560312656249996 0.4614924859375
4 0.7771978421875 0.47875246406249994 0.7672055890625 0.47785407187500006 0.75998091875 0.4788624125 0.7480738875 0.4771889890625 0.73362454375 0.47920567031249994 0.7291674515625 0.482120746875 0.7314469484375 0.487500365625 0.727199034375 0.4889270625 0.726780678125 0.4919038203125 0.7360059437500001 0.49825960468749997 0.7347347875 0.5001046578125 0.7263086859375 0.502461925 0.6920840140625 0.501193440625 0.6869993890625 0.508573653125 0.6972329953124999 0.5221541078125 0.717078046875 0.5249431484375 0.725311059375 0.5311594796875 0.7370786390624999 0.5338251546875 0.7436757765625 0.5372819515625 0.7517532499999999 0.5374053140624999 0.7665351359375 0.52582278125 0.7815422875 0.5198370875 0.7869379953125 0.524642809375 0.793170415625 0.5234950171875 0.794511296875 0.5211538390625 0.791448725 0.5141463875000001 0.786766365625 0.5114646234375 0.7884237 0.49247237187500004 0.7847872328125 0.4823487125 0.7771978421875 0.47875246406249994
4 0.76174555625 0.35111122968749997 0.753737809375 0.350491740625 0.7385912046875001 0.3574696859375 0.736762240625 0.3632837484375 0.7261424546875 0.3668504921875 0.71388679375 0.3676576984375 0.7080190921875 0.37341008124999997 0.7081746328125 0.37950304687499997 0.7194863078125 0.39981204843749996 0.719851025 0.4044166359375 0.7156031109375001 0.405843334375 0.7116501890625 0.4123707453125 0.7117360046875 0.418959840625 0.718697859375 0.42702122343750004 0.734504175 0.42974858125 0.740806321875 0.4281046625 0.7434880859375 0.4234223046875 0.7548212203125 0.4219795171875 0.773556028125 0.40386957343749996 0.7807002562500001 0.36743513125 0.7713891765625001 0.3544902546875 0.76174555625 0.35111122968749997
4 0.45215189999999994 0.739661175 0.44109767031249997 0.7391194546875 0.43105178125 0.7458024078125 0.43014534375 0.7522520484374999 0.43362627187499997 0.756282740625 0.43923115625 0.7596000843749999 0.4729677453125 0.764341453125 0.47692066562499996 0.757814040625 0.47088133593750003 0.750388234375 0.45215189999999994 0.739661175
4 0.5468557109375001 0.7281805703125 0.5348789546875 0.7270032718749999 0.5160422437500001 0.7314389046875001 0.51017454375 0.7371912859374999 0.507857496875 0.7464782328124999 0.5138271015625 0.754400165625 0.5266566578125 0.7567091671874999 0.536997540625 0.75512693125 0.5426721515625 0.7579481484375 0.5489045703125 0.7568003546875001 0.550245453125 0.754459175 0.5549278125 0.7571409390625 0.5547025453125001 0.7515440984375 0.5612138703125 0.7484118 0.5639653609375 0.7432333156250001 0.5616858625 0.737853696875 0.5468557109375001 0.7281805703125
4 0.5019469828124999 0.42134923124999996 0.4850089625 0.4194746734375 0.4679475796875 0.42567758749999995 0.46258404999999997 0.43504230625 0.46211205624999996 0.44560041093749997 0.46694995625 0.4543751421875 0.4724851140625 0.4581886125 0.48106675781249997 0.46192431093749997 0.5027568625 0.46598450937499997 0.5101907140625 0.4634877890625 0.5108879734375 0.458526525 0.5111347 0.44237158125000003 0.5062807125 0.4265116265625 0.5019469828124999 0.42134923124999996
4 0.308162684375 0.5762478546875001 0.27825565625 0.5730565453125 0.27414719375 0.5734909906250001 0.27252740625 0.577816675 0.28595766562499997 0.6262493328125001 0.300975534375 0.6561858671875 0.3107049703125 0.6661539875 0.3182246359375 0.670246359375 0.3285655171875 0.6686641234375 0.33286706875 0.659656078125 0.33072702187499997 0.6532842078125001 0.3251221375 0.6499668640625 0.32148566875 0.6398432046875 0.31168650625 0.6303712124999999 0.31214241249999997 0.6127278890625 0.314684725 0.60903778125 0.3324594578125 0.604958825 0.3321644640625 0.5998581093750001 0.3253420609375 0.5908044718750001 0.308162684375 0.5762478546875001
4 0.309374859375 0.5172249140625 0.302359365625 0.5167448765625 0.297360553125 0.5307141828125 0.2981060796875 0.5470085796874999 0.3083396859375 0.560589034375 0.31692132968750003 0.564324734375 0.33088259062500003 0.5657809359375 0.336626928125 0.5681060265625 0.34181345625000004 0.574400128125 0.3536507625 0.576569678125 0.358821203125 0.575778559375 0.37342608906249997 0.5798548453125 0.3807204875 0.5783503765625 0.38455004531250003 0.5799004390625 0.3858909265625 0.5775592578125 0.401611428125 0.5736975234374999 0.40110725625 0.5700851874999999 0.40782775937500004 0.5654645109375 0.408315840625 0.5619916265625 0.3526156171875 0.526337559375 0.3340578109375 0.5287886859375 0.3148402921875 0.5215345109375 0.309374859375 0.5172249140625
4 0.402721671875 0.5945965078125 0.39316386406250003 0.5978065781249999 0.3896292984375 0.60135723125 0.3971114140625 0.620116171875 0.4182437109375 0.6281453781249999 0.42349996718750005 0.6339433546875 0.44505061875 0.638995803125 0.4662901921875 0.6318623171875 0.4686769625 0.62207924375 0.4605834015625 0.614870659375 0.44761439375 0.6135539109375 0.4301561140625 0.600981796875 0.42143501875 0.59823835 0.402721671875 0.5945965078125
4 0.3892752984375 0.6326748703125 0.3792830453125 0.631776475 0.3702294078125 0.63859888125 0.36712928749999996 0.646257996875 0.383370046875 0.65309381875 0.40633130937499995 0.6553089609375 0.40608995312499996 0.6426269 0.3892752984375 0.6326748703125
4 0.41644155156249996 0.6769668875 0.3925577640625 0.6741161671875 0.37528720312499997 0.681807459375 0.37218708125 0.6894665765625 0.3841799265625 0.6977290953125 0.40856788593750004 0.7041921531249999 0.426621521875 0.6981286890625 0.4245351125 0.6841754718749999 0.41644155156249996 0.6769668875
4 0.701105446875 0.5737968343750001 0.6921054484375 0.57303789375 0.684532146875 0.576526865625 0.684703775 0.589705053125 0.690099484375 0.594510775 0.6988903046875 0.5967580953125 0.720634046875 0.5932369468750001 0.723959434375 0.5911746703125 0.7239433453124999 0.58408945 0.71564060625 0.578369246875 0.7086948390625001 0.5773930828125 0.701105446875 0.5737968343750001
4 0.3160096 0.3188226640625 0.303040590625 0.317505915625 0.29461448749999997 0.319863184375 0.2922974421875 0.32915013125 0.29443748593749997 0.3355220015625 0.3051430859375 0.338544353125 0.3228480921875 0.334961521875 0.32737491093750004 0.33155031875 0.3236687171875 0.3219227859375 0.3160096 0.3188226640625