4 0.7298915171875 0.441023034375 0.7214606625 0.4369886015625 0.7130990796875001 0.43713125625 0.7065038234375 0.43994736406249996 0.681117290625 0.4666789921875 0.6745294609375 0.47735994843749996 0.677738040625 0.485415965625 0.689887071875 0.483734009375 0.712480653125 0.47400888593749996 0.715874759375 0.4710016140625 0.7302230171875 0.44617876875 0.7298915171875 0.441023034375
4 0.21778675 0.5635563234375 0.234062159375 0.5733556531249999 0.24216151406250003 0.57223435 0.248363428125 0.567950271875 0.259856890625 0.5638216953125 0.2673625171875 0.556566009375 0.28695533281249996 0.5513161296875 0.2955642875 0.5364224234375 0.28954789999999997 0.5296432140625 0.2553223140625 0.5351427390625 0.24656739062500002 0.533817421875 0.24506329375 0.53212261875 0.2535485609375 0.5246044375000001 0.252761878125 0.52166849375 0.24831885781250002 0.520761171875 0.249946640625 0.5150804499999999 0.2451102796875 0.51270515625 0.230346396875 0.5124654796875 0.21859070625000002 0.5156154078124999 0.2112087640625 0.51549556875 0.20128124218750001 0.517631184375 0.1940996859375 0.52217775625 0.1916926484375 0.532787384375 0.195695340625 0.5516441953125 0.1913215921875 0.5549139609375 0.1891075109375 0.56232515 0.19074272187500002 0.5645092765624999 0.1971450234375 0.5648916093749999 0.20197395624999998 0.559402053125 0.21778675 0.5635563234375
4 0.25968362031250003 0.4495367109375 0.258958778125 0.44291300468749994 0.2541842609375 0.43684994843749997 0.2497412421875 0.435942628125 0.24954085625000003 0.4312762171875 0.258404609375 0.40949630781249996 0.25781088125 0.403361925 0.2512081953125 0.39831318125 0.2387969375 0.3990164875 0.22768938749999998 0.39674818749999996 0.22513637968750003 0.391138790625 0.20906135625000002 0.386005871875 0.20109311562499999 0.3876164984375 0.1918211640625 0.392198734375 0.18406073750000002 0.406340625 0.1957224546875 0.44202562187499994 0.21677238281250003 0.45788800781249994 0.2283351140625 0.45793651718749995 0.23160553749999999 0.46230477031249995 0.2381389515625 0.463176428125 0.253682090625 0.4584872015625 0.25968362031250003 0.4495367109375
4 0.55993395625 0.7393508265625 0.5424389656249999 0.7524298921875 0.5372859609375 0.7606285625 0.5420604796874999 0.76669161875 0.5753682671875 0.7577668234375 0.5805905421875 0.7537452390625 0.5835913078125 0.74926999375 0.581886825 0.7429087796875 0.570972234375 0.7374420390624999 0.55993395625 0.7393508265625
4 0.476602646875 0.765350575 0.48718573750000005 0.7656615796875 0.4997899546875 0.7617598343750001 0.5048118453125 0.7530718390625 0.5013410375 0.7440371734375 0.4947383515625 0.73898843125 0.4752692203125 0.736862784375 0.4633824171875 0.7395233875 0.44967487500000003 0.7510631531249999 0.44804709374999996 0.7567438765625 0.451448628125 0.7616014546875001 0.45837538437500003 0.7639410828125001 0.4588379984375 0.7695861421875 0.4632117453125 0.7663163749999999 0.46484695625 0.7685005015625 0.47124925781250004 0.7688828359375 0.476602646875 0.765350575
4 0.51373224375 0.445448221875 0.5119584890625 0.4349099234375 0.505417646875 0.426173415625 0.48751445625 0.4220548078125 0.4707294484375 0.42602788125 0.46701127031249995 0.43174426875 0.4640872046875 0.44826145000000006 0.466323571875 0.4644448109375 0.46763471093750003 0.46933805156249997 0.47540999375000004 0.4709258625 0.49669986406250005 0.46417234843750005 0.5048610609375 0.45936328125000003 0.5099522234375 0.4548523734375 0.51373224375 0.445448221875
4 0.6712839234375 0.6376642171875 0.6699183703125 0.6443235890625 0.6753484578125 0.652833265625 0.6859315500000001 0.6531442703125 0.6929819921875 0.648108375 0.701529103125 0.6369024296875 0.7129310078125 0.6050022187499999 0.720461334375 0.55473451875 0.71830166875 0.550593096875 0.7141208765625 0.5506644234375 0.6844694265625 0.5575605953125 0.6690029859375 0.574291759375 0.663263684375 0.5842208953125 0.6635951828125 0.5893766312500001 0.681953559375 0.5912754484375 0.684961753125 0.5946650531250001 0.6875914609375 0.6123163859375 0.6789132359375001 0.6230330046875 0.6765061984375 0.6336426328125 0.6712839234375 0.6376642171875
4 0.6081811296875 0.5706595984375 0.6118374640625001 0.5686309734375 0.6193505187499999 0.5692401359375 0.6335206765625 0.5633454312499999 0.6388122218750001 0.5635009328125 0.650436796875 0.55986168125 0.6548723890625 0.552904153125 0.6603568906249999 0.549861215625 0.674202975 0.546675625 0.6823641734375 0.5418665578125 0.6909731265625 0.5269728515625001 0.6897164 0.5105269984375 0.682975171875 0.49712407968749994 0.675986571875 0.49847221406250003 0.671026525 0.5034724453125 0.6526137359375 0.51312624375 0.6336690609375 0.51295789375 0.5821018828125 0.5556203562500001 0.5830196812499999 0.5590456265625 0.5903397796875 0.562853228125 0.5902779375 0.566540990625 0.60654591875 0.568475471875 0.6081811296875 0.5706595984375
4 0.5802713015625 0.62324123125 0.6005122593750001 0.6125731234375 0.6057196765625 0.5928218390625 0.6017318421875 0.589694728125 0.5917350484375 0.58765325625 0.5733841015625 0.5936192890624999 0.5649606765625 0.5974497078125001 0.5489697812500001 0.612223575 0.5361033374999999 0.6151466734375 0.5288599375 0.6233810078124999 0.5324618578125 0.632904996875 0.5546769546875 0.6374416 0.575704596875 0.6297094359375001 0.5802713015625 0.62324123125
4 0.5955819265625 0.6490327546875 0.6183758921875 0.6439740406250001 0.6338497609375 0.6351077265625 0.6297926546875 0.6278035296875 0.619857703125 0.6220742953125 0.60993018125 0.624209909375 0.59426335625 0.6362746625 0.5955819265625 0.6490327546875
4 0.5808477562500001 0.6802524765625 0.580469271875 0.694514203125 0.599352103125 0.698370315625 0.6230564390625 0.688872021875 0.6340872875 0.6790983875000001 0.63003018125 0.6717941890625 0.6117336484375 0.666207609375 0.58809115625 0.6720181421875 0.5808477562500001 0.6802524765625
4 0.3064071921875 0.6043186375 0.29836968124999996 0.601752178125 0.2894218 0.6036253 0.2822402421875 0.608171871875 0.27538275625 0.6100093296875 0.2677460171875 0.6167756921875001 0.2686019703125 0.623888725 0.2721964640625 0.6255478625 0.294473403125 0.6263967046875 0.3030279421875 0.6230556093749999 0.30785687500000003 0.617566053125 0.3064071921875 0.6043186375
4 0.6449001125 0.300166134375 0.6375874406250001 0.3042233828125 0.6350492890625 0.3143436859375 0.6400167640625 0.3172083046875 0.6582440265625 0.3186177953125 0.6686267328125 0.314262390625 0.6699922875000001 0.30760301874999996 0.6665214796875001 0.2985683546875 0.65776655625 0.29724303750000003 0.6449001125 0.300166134375