4 0.533203125 0.318359375 0.54150390625 0.3173828125 0.54296875 0.3056640625 0.53955078125 0.2822265625 0.53759765625 0.2783203125 0.51806640625 0.2587890625 0.51318359375 0.2578125 0.50732421875 0.2646484375 0.50537109375 0.2724609375 0.50634765625 0.279296875 0.52490234375 0.3095703125 0.533203125 0.318359375
4 0.48291015625 0.7822265625 0.48486328125 0.787109375 0.4912109375 0.791015625 0.49365234375 0.7900390625 0.49560546875 0.7841796875 0.49169921875 0.7783203125 0.49951171875 0.7646484375 0.5126953125 0.751953125 0.513671875 0.744140625 0.51123046875 0.7373046875 0.51025390625 0.7255859375 0.50537109375 0.716796875 0.50537109375 0.697265625 0.49365234375 0.685546875 0.48583984375 0.689453125 0.482421875 0.72265625 0.47900390625 0.73046875 0.47705078125 0.7314453125 0.47216796875 0.7216796875 0.46923828125 0.7216796875 0.46728515625 0.7255859375 0.46240234375 0.72265625 0.458984375 0.7265625 0.455078125 0.740234375 0.455078125 0.751953125 0.453125 0.7587890625 0.45263671875 0.7685546875 0.455078125 0.7763671875 0.46435546875 0.78125 0.48291015625 0.7822265625
4 0.380859375 0.7548828125 0.40087890625 0.7392578125 0.40380859375 0.728515625 0.40869140625 0.7265625 0.4111328125 0.720703125 0.41064453125 0.705078125 0.40380859375 0.697265625 0.3974609375 0.6962890625 0.390625 0.69921875 0.388671875 0.703125 0.38427734375 0.7021484375 0.3662109375 0.6884765625 0.3603515625 0.6875 0.35400390625 0.6923828125 0.3515625 0.7041015625 0.3466796875 0.7138671875 0.3408203125 0.71484375 0.33203125 0.728515625 0.33154296875 0.736328125 0.33349609375 0.74609375 0.3447265625 0.7568359375 0.380859375 0.7548828125
4 0.76953125 0.513671875 0.76953125 0.48046875 0.76708984375 0.474609375 0.763671875 0.470703125 0.75732421875 0.470703125 0.74951171875 0.4794921875 0.74853515625 0.490234375 0.75634765625 0.509765625 0.7626953125 0.5166015625 0.76953125 0.513671875
4 0.7421875 0.5966796875 0.74609375 0.5908203125 0.75146484375 0.591796875 0.74951171875 0.5869140625 0.751953125 0.5859375 0.75390625 0.580078125 0.751953125 0.57421875 0.7548828125 0.564453125 0.75439453125 0.5517578125 0.74755859375 0.544921875 0.73828125 0.5458984375 0.73193359375 0.55078125 0.72509765625 0.568359375 0.724609375 0.580078125 0.73193359375 0.595703125 0.73681640625 0.5986328125 0.7421875 0.5966796875
4 0.46923828125 0.5087890625 0.47412109375 0.5087890625 0.4775390625 0.501953125 0.4765625 0.48046875 0.47412109375 0.4716796875 0.47119140625 0.4658203125 0.46337890625 0.4599609375 0.453125 0.458984375 0.443359375 0.462890625 0.43505859375 0.478515625 0.4345703125 0.4951171875 0.43896484375 0.5 0.45361328125 0.5068359375 0.46923828125 0.5087890625
4 0.634765625 0.3564453125 0.64111328125 0.33984375 0.64501953125 0.337890625 0.662109375 0.33984375 0.669921875 0.3505859375 0.67919921875 0.35546875 0.681640625 0.361328125 0.6875 0.3642578125 0.69677734375 0.361328125 0.69970703125 0.3515625 0.69677734375 0.34375 0.6884765625 0.3330078125 0.66162109375 0.314453125 0.61669921875 0.294921875 0.6123046875 0.2958984375 0.611328125 0.2998046875 0.6103515625 0.3291015625 0.6220703125 0.34765625 0.6298828125 0.35546875 0.634765625 0.3564453125
4 0.55615234375 0.365234375 0.5830078125 0.423828125 0.58642578125 0.423828125 0.591796875 0.41796875 0.59521484375 0.4189453125 0.60107421875 0.404296875 0.603515625 0.4033203125 0.6025390625 0.3994140625 0.60498046875 0.392578125 0.60302734375 0.3779296875 0.6044921875 0.373046875 0.60400390625 0.361328125 0.5986328125 0.35546875 0.59716796875 0.349609375 0.59765625 0.3359375 0.59521484375 0.3271484375 0.58349609375 0.3154296875 0.56787109375 0.3125 0.5537109375 0.3154296875 0.55322265625 0.322265625 0.556640625 0.328125 0.56103515625 0.34765625 0.55615234375 0.365234375
4 0.62744140625 0.46875 0.626953125 0.4814453125 0.6328125 0.490234375 0.642578125 0.4892578125 0.65234375 0.4697265625 0.650390625 0.4482421875 0.6455078125 0.4423828125 0.640625 0.4208984375 0.62353515625 0.4111328125 0.61962890625 0.4140625 0.615234375 0.4228515625 0.6162109375 0.44140625 0.61767578125 0.4501953125 0.62744140625 0.46875
4 0.67431640625 0.412109375 0.669921875 0.3955078125 0.662109375 0.3974609375 0.654296875 0.4052734375 0.65380859375 0.4150390625 0.6611328125 0.4326171875 0.67333984375 0.4345703125 0.67431640625 0.412109375
4 0.72021484375 0.443359375 0.71728515625 0.4189453125 0.7109375 0.40625 0.703125 0.408203125 0.693359375 0.423828125 0.69287109375 0.447265625 0.69873046875 0.4560546875 0.7119140625 0.4599609375 0.72021484375 0.443359375
4 0.5615234375 0.7314453125 0.568359375 0.732421875 0.57080078125 0.7294921875 0.5771484375 0.708984375 0.576171875 0.7001953125 0.572265625 0.6943359375 0.5595703125 0.6923828125 0.55517578125 0.69921875 0.5546875 0.7080078125 0.55712890625 0.7158203125 0.55712890625 0.72265625 0.5615234375 0.7314453125
4 0.37548828125 0.310546875 0.38134765625 0.2939453125 0.3798828125 0.283203125 0.3740234375 0.2802734375 0.36474609375 0.28125 0.361328125 0.2890625 0.36083984375 0.3017578125 0.36279296875 0.3095703125 0.37158203125 0.314453125 0.37548828125 0.310546875