4 0.3245925046875 0.25296054687499997 0.313293784375 0.2544686328125 0.30459891875 0.261983815625 0.2983274625 0.27344358281250003 0.296181034375 0.28454245624999996 0.2995969 0.2998308703125 0.30488852187500004 0.300926640625 0.3139442796875 0.2975364859375 0.3572570921875 0.29374710625 0.3631288578125 0.289596365625 0.361420925 0.281952159375 0.370876378125 0.2712529796875 0.3595713453125 0.2608113796875 0.3590751171875 0.2551394640625 0.3245925046875 0.25296054687499997
4 0.532036765625 0.20103911874999997 0.5092651906250001 0.21394245937499998 0.5054108312500001 0.21739712500000002 0.50895571875 0.2222827421875 0.5349176015625 0.22208967500000001 0.5440184718750001 0.2192151484375 0.551140740625 0.2056026453125 0.532036765625 0.20103911874999997
4 0.4231402328125 0.40540713906250003 0.40767137187499997 0.40676048906249995 0.390546 0.41293494375 0.3883544609375 0.42351818906250005 0.39808689375 0.42786246562499997 0.41158346406249996 0.42772081875 0.42767757968750003 0.4216365875 0.43126126875 0.41508815 0.4231402328125 0.40540713906250003
4 0.45707519531249996 0.3894488265625 0.4416514453125 0.39131780625 0.43120984531250006 0.40262283749999994 0.43170607499999997 0.408294753125 0.4384800703125 0.4144565875 0.45816418593749997 0.4137736 0.481431990625 0.40654217656249997 0.4817414609375 0.39820189375 0.47693975625 0.39082835625 0.45707519531249996 0.3894488265625
4 0.3530860171875 0.37672453125 0.3313393859375 0.3775879640625 0.325557846875 0.38276996093750004 0.32941851875 0.39126497968749996 0.3421093890625 0.3937917015625 0.3563665453125 0.390466059375 0.35878364375 0.382460959375 0.3530860171875 0.37672453125
4 0.66561569375 0.2906696984375 0.6456609078125 0.2882589109375 0.631674421875 0.294678325 0.6355865140625 0.31563865625 0.646756209375 0.32453336875 0.6775586 0.3202797828125 0.6849127359375 0.3211951046875 0.694683971875 0.314105328125 0.6852610078125 0.3014207671875 0.66561569375 0.2906696984375
4 0.5589251921875 0.342089521875 0.536192415625 0.34355880625 0.52933450625 0.3483153984375 0.5270076328125 0.35735175625000004 0.5508618890625 0.35682350625 0.5569140984375001 0.35473527968749996 0.5605429 0.348702471875 0.5589251921875 0.342089521875
4 0.46845058125000005 0.448204790625 0.45616571562499997 0.45031872812499996 0.45666194375 0.45599064531250005 0.466619934375 0.462913065625 0.49383863437500003 0.4652079171875 0.49989084375 0.46311969062499997 0.49548883281249995 0.448437128125 0.46845058125000005 0.448204790625
4 0.493348715625 0.471485684375 0.4591818859375 0.47291616875000003 0.4532199 0.47603565156250005 0.454031909375 0.48531696875 0.4670385625 0.49145309062500003 0.49976813125 0.48547217343750004 0.493348715625 0.471485684375
4 0.35976885468750003 0.46498726562500003 0.3475291 0.4676168328125 0.3386537875 0.4730695015625 0.3393304625 0.4808039328125 0.3458789015625 0.484387621875 0.36152820937499996 0.48509678593750005 0.37013285156250003 0.47655034531249996 0.367213215625 0.46693384687500006 0.35976885468750003 0.46498726562500003
4 0.409552503125 0.4876496859375 0.3878960984375 0.4895443765625 0.3772740515625 0.4987868921875 0.37992301875 0.5053096203125 0.40014847500000006 0.510814178125 0.413509709375 0.5091256468750001 0.419065690625 0.5013655046875 0.41596560781249997 0.489686490625 0.409552503125 0.4876496859375
4 0.46067057031249997 0.48993191718749995 0.4452468203125 0.49180089687499995 0.44134735 0.49473993125 0.43915581093749995 0.5053231765625 0.445749359375 0.5094224953125 0.4690234765625 0.51414075625 0.49664186718750003 0.50912658125 0.500941034375 0.49887851875000006 0.49582354687499997 0.4878955796875 0.4833582359375 0.48794700312500006 0.4680698203125 0.4913628671875 0.46067057031249997 0.48993191718749995
4 0.3645245125 0.554977334375 0.345961878125 0.5566013546875 0.33591997500000004 0.5605973609375 0.33906516875000003 0.572792003125 0.3488427140625 0.577651909375 0.3654781671875 0.5777552218750001 0.37211051875 0.570420484375 0.36995147031250003 0.557619990625 0.3645245125 0.554977334375
4 0.3723938109375 0.597413625 0.3497512578125 0.5999141671875 0.343028684375 0.606217646875 0.3437504703125 0.6144677062499999 0.3481912828125 0.6177162140625 0.359805784375 0.61981753125 0.3782781953125 0.617162253125 0.3857162453125 0.6071591484375001 0.379838171875 0.59936020625 0.3723938109375 0.597413625
4 0.4672568734375 0.5652137109375001 0.43820121875 0.5656774484375 0.42497531874999994 0.5689128671875 0.41910355624999995 0.5730636078125 0.4165060109375 0.5790061953125 0.4223001734375 0.5977235624999999 0.4552616109375 0.606270471875 0.504897303125 0.6034866390625 0.5183424515625 0.5908796796875 0.5186068109375 0.5820237671874999 0.507031109375 0.5684883968750001 0.5009789 0.5705766234375 0.4727740546875 0.5688876234375 0.4672568734375 0.5652137109375001
4 0.60765584375 0.578389590625 0.5745653828124999 0.5802454796875 0.5671273328125 0.590248584375 0.5668178625 0.5985888671875 0.571348896875 0.60286863125 0.6082937187499999 0.597558078125 0.6128635546875 0.5904037859375 0.60765584375 0.578389590625
4 0.7010428453124999 0.553073296875 0.6857544296875 0.5564891624999999 0.6778652640625 0.561335978125 0.675493278125 0.5698567078125001 0.68737845 0.5750517953125 0.702937534375 0.5747297015624999 0.715576984375 0.5647911109375 0.7158864546875 0.556450828125 0.709698909375 0.5569921671875 0.7010428453124999 0.553073296875
4 0.734338996875 0.6010786578125 0.720081840625 0.6044043 0.710130159375 0.6094315625 0.704754625 0.61925421875 0.709472415625 0.637546184375 0.7128819703125 0.6408849156249999 0.7266943218749999 0.6443526703125 0.7462043015625001 0.653556853125 0.7565042546875 0.628755253125 0.757032971875 0.6110434296875 0.734338996875 0.6010786578125
4 0.5380120734375 0.7325616453125 0.519404328125 0.7336700359375 0.501337921875 0.740965971875 0.49865015625 0.7458773015625 0.5180699093750001 0.7540502250000001 0.543180984375 0.756009896875 0.5538481390625 0.747283009375 0.5508833921875 0.7371508812500001 0.5453662109375 0.73347696875 0.5380120734375 0.7325616453125
4 0.38877028125 0.7014546937499999 0.3722701625 0.7028982671875 0.40963992187500003 0.738077421875 0.44336825781250006 0.75539001875 0.45955890625 0.762286728125 0.4700970390625 0.7639626390625 0.4746217640625 0.7562927203124999 0.48184056562500005 0.7556611578125 0.48677129375000006 0.752631896875 0.48829246875 0.74626390625 0.4730879671875 0.73876134375 0.46348455624999996 0.7240142671875 0.4572970109375 0.7245556078125001 0.4539325703125 0.72173250625 0.44608851562499996 0.7270949515625 0.433217196875 0.722505715625 0.401416040625 0.703465784375 0.38877028125 0.7014546937499999
4 0.70316846875 0.6723896890625001 0.683174884375 0.6814129578125 0.665469371875 0.692833925 0.668704790625 0.7060598234375 0.6732358234375 0.7103395906250001 0.6918435703125 0.7092311984374999 0.7024719265625 0.711938365625 0.7223238656250001 0.689418528125 0.72666814375 0.67968609375 0.72227244375 0.6769532140625001 0.7065329124999999 0.6752127921875 0.70316846875 0.6723896890625001
4 0.45714999062499995 0.6159771953125001 0.42105597968749997 0.6191350109375 0.4121806671875 0.6245876796875 0.41361792968750005 0.629138115625 0.43030480625 0.641706740625 0.46434261406250005 0.6506790546875 0.47254756249999996 0.6494416390625 0.479315246875 0.6436537890625 0.48271848906250003 0.6350428359375 0.47822625625 0.6193290140625 0.45714999062499995 0.6159771953125001
4 0.7689380124999999 0.5689554078125 0.7276426015624999 0.5720487140625 0.7208749171875 0.577836565625 0.7383674921875001 0.587736821875 0.7489507375 0.5899283625 0.7654959671875 0.5890004171875 0.773829940625 0.577360203125 0.7689380124999999 0.5689554078125
4 0.41497127968749997 0.6446069765625 0.40573507343750004 0.645934615625 0.39609917499999997 0.6545712796875 0.39650518125 0.6592119390625 0.4168208578125 0.6657477562499999 0.427043209375 0.6638142640625 0.43089757031250003 0.6603595984374999 0.42770726249999996 0.647649328125 0.41497127968749997 0.6446069765625
4 0.554597975 0.553935325 0.5473791734375 0.5545668890625 0.53733726875 0.5585628953125 0.5394060953125 0.57033213125 0.5573434765624999 0.57343899375 0.5632603515625 0.56980388125 0.563208928125 0.55733856875 0.554597975 0.553935325
4 0.43136948906250006 0.53510061875 0.4138832234375 0.5371500453125 0.4021396984375 0.5454515265625 0.40465333125 0.5504273671875 0.421649678125 0.554655709375 0.437073428125 0.55278673125 0.44182370937500004 0.54769495625 0.440025553125 0.539019490625 0.43136948906250006 0.53510061875