4 0.267578125 0.3984375 0.27685546875 0.388671875 0.2841796875 0.3896484375 0.28759765625 0.3837890625 0.28759765625 0.3427734375 0.2900390625 0.333984375 0.28857421875 0.3291015625 0.27392578125 0.3271484375 0.263671875 0.330078125 0.25341796875 0.3369140625 0.2470703125 0.345703125 0.24658203125 0.3564453125 0.25146484375 0.388671875 0.2568359375 0.388671875 0.267578125 0.3984375
4 0.23486328125 0.556640625 0.23291015625 0.5322265625 0.22802734375 0.529296875 0.22509765625 0.533203125 0.21484375 0.5556640625 0.220703125 0.5732421875 0.23291015625 0.5654296875 0.23486328125 0.556640625
4 0.41796875 0.423828125 0.4169921875 0.4111328125 0.412109375 0.40234375 0.40234375 0.4052734375 0.39794921875 0.421875 0.39794921875 0.4365234375 0.40771484375 0.443359375 0.41357421875 0.439453125 0.41796875 0.423828125
4 0.40380859375 0.4912109375 0.40869140625 0.46875 0.40771484375 0.4501953125 0.4013671875 0.4443359375 0.39599609375 0.4443359375 0.38623046875 0.455078125 0.3857421875 0.4697265625 0.388671875 0.48828125 0.39599609375 0.4921875 0.40380859375 0.4912109375
4 0.38037109375 0.361328125 0.376953125 0.349609375 0.36865234375 0.3466796875 0.3642578125 0.3525390625 0.365234375 0.373046875 0.37109375 0.3779296875 0.37841796875 0.375 0.38037109375 0.361328125
4 0.34033203125 0.689453125 0.3388671875 0.6826171875 0.34033203125 0.6533203125 0.3310546875 0.6435546875 0.31103515625 0.6416015625 0.30615234375 0.6552734375 0.31005859375 0.673828125 0.32177734375 0.69140625 0.33447265625 0.69921875 0.34033203125 0.689453125
4 0.36279296875 0.560546875 0.361328125 0.5380859375 0.35302734375 0.541015625 0.34912109375 0.5478515625 0.349609375 0.5693359375 0.35595703125 0.5703125 0.361328125 0.56640625 0.36279296875 0.560546875
4 0.4599609375 0.498046875 0.45556640625 0.47265625 0.4482421875 0.4638671875 0.44287109375 0.4638671875 0.44189453125 0.4755859375 0.4443359375 0.5009765625 0.45849609375 0.50390625 0.4599609375 0.498046875
4 0.4755859375 0.458984375 0.466796875 0.458984375 0.46435546875 0.46484375 0.4658203125 0.4970703125 0.4794921875 0.501953125 0.482421875 0.470703125 0.4755859375 0.458984375
4 0.4677734375 0.3720703125 0.4658203125 0.357421875 0.4619140625 0.3515625 0.45458984375 0.3515625 0.4501953125 0.3603515625 0.44873046875 0.3720703125 0.451171875 0.37890625 0.46044921875 0.380859375 0.4677734375 0.3720703125
4 0.49462890625 0.4189453125 0.4951171875 0.40625 0.48828125 0.3876953125 0.48193359375 0.3857421875 0.47412109375 0.396484375 0.47412109375 0.4169921875 0.4765625 0.4228515625 0.48779296875 0.4248046875 0.49462890625 0.4189453125
4 0.4814453125 0.498046875 0.4921875 0.501953125 0.50146484375 0.4970703125 0.50390625 0.470703125 0.49755859375 0.44921875 0.4931640625 0.443359375 0.4833984375 0.4462890625 0.48095703125 0.4501953125 0.48046875 0.46484375 0.482421875 0.4716796875 0.48046875 0.486328125 0.4814453125 0.498046875
4 0.55517578125 0.3681640625 0.5537109375 0.3525390625 0.54833984375 0.34375 0.53662109375 0.341796875 0.53369140625 0.3515625 0.53369140625 0.369140625 0.53662109375 0.3740234375 0.548828125 0.375 0.55517578125 0.3681640625
4 0.59326171875 0.376953125 0.59423828125 0.359375 0.59130859375 0.3486328125 0.587890625 0.3447265625 0.580078125 0.3447265625 0.57470703125 0.3515625 0.57421875 0.373046875 0.57666015625 0.3798828125 0.58447265625 0.384765625 0.59326171875 0.376953125
4 0.55810546875 0.501953125 0.57177734375 0.51171875 0.580078125 0.5107421875 0.5908203125 0.4970703125 0.58935546875 0.4501953125 0.57861328125 0.419921875 0.560546875 0.416015625 0.55517578125 0.4189453125 0.5517578125 0.4248046875 0.5498046875 0.4375 0.5517578125 0.46484375 0.5556640625 0.4697265625 0.5595703125 0.49609375 0.55810546875 0.501953125
4 0.595703125 0.5595703125 0.59130859375 0.5556640625 0.58349609375 0.556640625 0.57470703125 0.564453125 0.57568359375 0.595703125 0.58740234375 0.599609375 0.59375 0.5947265625 0.595703125 0.5595703125
4 0.57177734375 0.6982421875 0.580078125 0.685546875 0.5791015625 0.6708984375 0.5732421875 0.66015625 0.5654296875 0.6630859375 0.5615234375 0.6708984375 0.5595703125 0.685546875 0.56396484375 0.693359375 0.56396484375 0.69921875 0.57177734375 0.6982421875
4 0.65771484375 0.7197265625 0.6474609375 0.7021484375 0.64306640625 0.689453125 0.6396484375 0.6865234375 0.6220703125 0.68359375 0.61328125 0.689453125 0.609375 0.69921875 0.607421875 0.712890625 0.61865234375 0.7333984375 0.63525390625 0.7314453125 0.65771484375 0.7197265625
4 0.72998046875 0.53125 0.7373046875 0.5205078125 0.7333984375 0.4970703125 0.72412109375 0.4794921875 0.7197265625 0.482421875 0.71435546875 0.5 0.71484375 0.517578125 0.71630859375 0.5244140625 0.72021484375 0.529296875 0.72998046875 0.53125
4 0.7021484375 0.431640625 0.69775390625 0.439453125 0.70068359375 0.4423828125 0.70068359375 0.4482421875 0.71533203125 0.4560546875 0.7236328125 0.4697265625 0.7294921875 0.4677734375 0.73193359375 0.462890625 0.73193359375 0.4560546875 0.73876953125 0.451171875 0.736328125 0.44140625 0.728515625 0.4267578125 0.70947265625 0.396484375 0.67333984375 0.3642578125 0.67333984375 0.3798828125 0.67626953125 0.3916015625 0.69677734375 0.419921875 0.7021484375 0.431640625
4 0.6806640625 0.69921875 0.689453125 0.6943359375 0.708984375 0.673828125 0.70556640625 0.6640625 0.705078125 0.646484375 0.70068359375 0.642578125 0.68798828125 0.640625 0.6787109375 0.658203125 0.671875 0.677734375 0.6748046875 0.6806640625 0.677734375 0.6953125 0.6806640625 0.69921875
4 0.62646484375 0.4697265625 0.63134765625 0.462890625 0.6318359375 0.455078125 0.62060546875 0.423828125 0.607421875 0.4091796875 0.60302734375 0.408203125 0.5986328125 0.4169921875 0.5986328125 0.451171875 0.603515625 0.470703125 0.61865234375 0.4736328125 0.62646484375 0.4697265625
4 0.59814453125 0.7275390625 0.59521484375 0.7177734375 0.58447265625 0.7021484375 0.57958984375 0.708984375 0.580078125 0.748046875 0.58837890625 0.751953125 0.5986328125 0.7431640625 0.59814453125 0.7275390625
4 0.64111328125 0.4189453125 0.64208984375 0.4091796875 0.63427734375 0.390625 0.6298828125 0.390625 0.62255859375 0.400390625 0.6220703125 0.4091796875 0.6259765625 0.4208984375 0.63818359375 0.4228515625 0.64111328125 0.4189453125
4 0.56689453125 0.548828125 0.5625 0.5322265625 0.55126953125 0.53125 0.54833984375 0.541015625 0.54833984375 0.5478515625 0.55224609375 0.5556640625 0.56396484375 0.5546875 0.56689453125 0.548828125
4 0.53759765625 0.4375 0.5380859375 0.4228515625 0.53271484375 0.4072265625 0.52783203125 0.4052734375 0.52099609375 0.4169921875 0.5205078125 0.43359375 0.52490234375 0.44140625 0.533203125 0.4423828125 0.53759765625 0.4375