4 0.839538615625 0.39550428593750003 0.84162225 0.3841516359375 0.8371125921875 0.3734283859375 0.8280502078125 0.36380563593750004 0.81804463125 0.3582682953125 0.80226879375 0.3567777359375 0.79955938125 0.361531171875 0.7999879078125 0.3713122203125 0.7900844031250001 0.4142090140625 0.7922406046875 0.42116155624999996 0.8001285234375001 0.421906834375 0.807463234375 0.4343580921875 0.8210443218749999 0.42673562656249997 0.8266558765625 0.42803115625 0.839538615625 0.39550428593750003
4 0.8245950656250001 0.6115155515625 0.8193054453125 0.585551165625 0.8171877875 0.5807591046875 0.8113789796875001 0.5826454062499999 0.8034434703125 0.6077081125 0.8033618562499999 0.6173713843749999 0.8142290109375001 0.6284865875000001 0.8245950656250001 0.6115155515625
4 0.66205936875 0.4427447921875 0.665596334375 0.42742450937500004 0.6650136234375 0.409001540625 0.6555181890624999 0.403581975 0.6482945953125 0.4115963921875 0.6442089421875 0.42463842031250004 0.6450274515625 0.442040034375 0.65020595625 0.4475387484375 0.66205936875 0.4427447921875
4 0.6667957796875 0.48041515468749996 0.6698226046875 0.46497709531250003 0.6622135515625 0.4513867125 0.656601996875 0.4500911828125 0.648555371875 0.45468821562499995 0.64305493125 0.47385835624999995 0.6427329984375 0.4985272140625 0.6506594625 0.501432971875 0.6592547734374999 0.4991141953125 0.6667957796875 0.48041515468749996
4 0.7115656968749999 0.3842478484375 0.71753773125 0.363035 0.7143612453125 0.3558469078125 0.7049814484375 0.356908784375 0.6985808859375 0.36834058281250004 0.6973202828125 0.38311061562500004 0.704265009375 0.38794130312499997 0.7115656968749999 0.3842478484375
4 0.696585965625 0.7121329703125 0.7051472546875 0.693669478125 0.703347009375 0.67819279375 0.6819596156250001 0.67540670625 0.669908953125 0.6833824953125001 0.6643654453125001 0.7143763890625 0.6611844359375 0.7211725296875 0.6649481546875 0.7327993578124999 0.6800982125 0.7276906999999999 0.696585965625 0.7121329703125
4 0.6804948734375 0.5933084671875 0.6861925640625001 0.5709564921875 0.6837620171875 0.5628648234375 0.67579700625 0.557798584375 0.6688432343749999 0.5809363609375 0.6689588718749999 0.5874178 0.6736272375000001 0.5927987390625 0.6804948734375 0.5933084671875
4 0.6067147328125 0.4729990953125 0.6085240234375 0.46050731718750004 0.6029124671874999 0.45921178749999997 0.5931381671875 0.4666373265625 0.582416153125 0.4921325078125 0.5825317906249999 0.49861394687500005 0.598033284375 0.49896537656250006 0.6067147328125 0.4729990953125
4 0.5765302546875 0.48969785000000005 0.585842003125 0.45634655 0.5847060843749999 0.44962955937500004 0.5755235390625 0.44750960156249997 0.5655519875 0.4581169734375 0.56106730625 0.49150689999999997 0.5765302546875 0.48969785000000005
4 0.6245673140625 0.3630868984375 0.6258664640625 0.35047734531249997 0.6233973703125 0.34022519687499997 0.61574525 0.3384585640625 0.6102493328125 0.343644475 0.6046718015625 0.35849365781250003 0.6102017421875 0.36945245937500004 0.6203660234374999 0.3696474875 0.6245673140625 0.3630868984375
4 0.5871932671875 0.40394478125 0.5921450187499999 0.3824963828125 0.58657653125 0.3693771015625 0.5794730968749999 0.3698887265625 0.5678509609375 0.38764556250000004 0.56529573125 0.40104091718749996 0.5710229250000001 0.4088178875 0.5832277718750001 0.4094840171875 0.5871932671875 0.40394478125
4 0.5690073390625 0.45245996093749996 0.5720341624999999 0.4370219015625 0.570426646875 0.432347615625 0.5609312125 0.42692805 0.554925153125 0.4319961859375 0.5431057640625 0.4529348546875 0.5392899328125 0.48110024375 0.5478036296875 0.48844473749999995 0.5599699328125001 0.48695038906250004 0.5638197875000001 0.4749297109375 0.5653161890625 0.4591383265625 0.5690073390625 0.45245996093749996
4 0.5365101046875 0.33952991718750003 0.5407544640624999 0.321145578125 0.54005159375 0.3102254015625 0.5273366046875 0.3094414953125 0.5196028703125 0.3173381375 0.51429968125 0.3333264484375 0.5192809359375 0.34200699375 0.5322702687499999 0.3439300265625 0.5365101046875 0.33952991718750003
4 0.493225178125 0.33383996875 0.49790258906249996 0.3112524421875 0.4939416171875 0.302807446875 0.48577935468750005 0.30092304062499997 0.48126517343749997 0.3041840203125 0.47561055 0.31471224375 0.47238647343749995 0.3333321359375 0.47968263593750005 0.3436229109375 0.4890238875 0.34040055625 0.493225178125 0.33383996875
4 0.49452669531250004 0.43526475 0.5031695968750001 0.40713798749999996 0.504194403125 0.39338930625 0.5020381984375 0.38643676562499996 0.49713403593749994 0.38207717812499997 0.4773156140625 0.38180489687499997 0.45878277343749996 0.410875759375 0.44593405625000004 0.459547340625 0.45385600000000004 0.4764373328125 0.46229260468750005 0.47946086718750003 0.4789345421875 0.47254505625 0.478818903125 0.466063615625 0.4892665734375 0.4394293078125 0.49452669531250004 0.43526475
4 0.43793286875000004 0.5663549578125 0.44649867812500005 0.5339072359375 0.439202515625 0.5236164609375 0.43127605 0.5207107015625 0.4257415875 0.52373613125 0.419293434375 0.560975915625 0.42474628281250004 0.5676137578125 0.43793286875000004 0.5663549578125
4 0.43307414062499994 0.66420595625 0.43457054062499995 0.6484145703124999 0.4323757921875 0.63930155 0.42492092187499997 0.6343530859375 0.4162054515625 0.6441746562499999 0.41164820156250004 0.6592593890625 0.41725523437499995 0.67453915 0.4251816984375 0.677444909375 0.4265964859375 0.6713167953125 0.43307414062499994 0.66420595625
4 0.376477946875 0.681261828125 0.37773855 0.6664917953125 0.3760153953125 0.65533606875 0.3682476375 0.6470879984375 0.3491751546875 0.645912140625 0.3448967703125 0.64815176875 0.33724012812500004 0.66036936875 0.32228279843749996 0.6762804265625 0.3429197296875 0.693954321875 0.3597929421875 0.700001390625 0.376477946875 0.681261828125
4 0.3114063890625 0.45108078125000006 0.316160890625 0.4328142171875 0.3147936953125 0.413134346875 0.310909815625 0.409010309375 0.29697276875 0.42515691875000006 0.2872324921875 0.4487271703125 0.2922908375 0.4617286765625 0.3029652609375 0.4620414796875 0.30822538125 0.45787692187499995 0.3114063890625 0.45108078125000006
4 0.3880158921875 0.317081021875 0.39178865625000003 0.3007393875 0.346256865625 0.3257286296875 0.3190516203125 0.352797309375 0.30735239375 0.3662331859375 0.3024437078125 0.3758578328125 0.30840670000000003 0.3826134484375 0.306756115625 0.389762915625 0.3081278328125 0.395458553125 0.313777934375 0.3989145640625 0.3257515078125 0.3866178125 0.34294213125 0.3819802578125 0.3443569171875 0.3758521453125 0.348125159375 0.373494740625 0.3454202671875 0.36426394375000004 0.353861396875 0.3533032453125 0.3821254703125 0.32863059843750003 0.3880158921875 0.317081021875
4 0.317628 0.6289467921874999 0.3152019765625 0.606870890625 0.30975365 0.5862488156250001 0.296018378125 0.585229359375 0.2904839140625 0.5882547890625001 0.2857294125 0.6065213546875 0.279800446875 0.6159104515625 0.2952543484375 0.6420698640625 0.30325790625 0.649296584375 0.3072619453125 0.6459178265625 0.313859759375 0.6313041953125 0.317628 0.6289467921874999
4 0.4488542875 0.40965937812500003 0.457107209375 0.3739120484375 0.45463811718749997 0.3636599 0.449811046875 0.3636212734375 0.43250026249999995 0.3757616203125 0.4132214828125 0.40573605781250005 0.4118452421875 0.4140246515625 0.415296071875 0.422351871875 0.42251514375 0.4283216875 0.4390369203125 0.42890866875 0.4488542875 0.40965937812500003
4 0.396557146875 0.7246259328125 0.406499196875 0.68388961875 0.40304836718750003 0.6755623984375 0.38805249218750004 0.689312975 0.3826336671875 0.6988198453125001 0.3783507609375 0.71504370625 0.3869415515625 0.7267091609375 0.396557146875 0.7246259328125
4 0.4345068046875 0.3600880109375 0.43611884375 0.3507780640625 0.43082469999999995 0.338797909375 0.4262334265625 0.33773793125 0.41359100781249997 0.35525921875 0.4122533125 0.3657082921875 0.41437097031250003 0.370500353125 0.42759610156249994 0.371402034375 0.4345068046875 0.3600880109375
4 0.47805487500000005 0.5229041203125 0.47970545937500003 0.5157546546875 0.4790025875 0.5048344796875 0.46703353906249995 0.503146996875 0.45843370468750005 0.5194500078125001 0.460079765625 0.5262847734375 0.47208736250000005 0.5301327359375 0.47805487500000005 0.5229041203125
4 0.534721271875 0.4101191046875 0.538219690625 0.39263834062499997 0.5339072859375 0.37873325625 0.5283342765625 0.37959820781250003 0.5189499578125 0.3946443140625 0.51592313125 0.4100823734375 0.519335415625 0.4162491140625 0.5282436171875 0.41722994375000005 0.534721271875 0.4101191046875