3 0.61767578125 0.7587890625 0.626953125 0.751953125 0.630859375 0.7451171875 0.63330078125 0.7314453125 0.63330078125 0.7197265625 0.6279296875 0.6845703125 0.62353515625 0.6748046875 0.6064453125 0.6767578125 0.59814453125 0.671875 0.59228515625 0.67578125 0.5849609375 0.7001953125 0.58740234375 0.7109375 0.5830078125 0.7314453125 0.58251953125 0.744140625 0.58984375 0.7607421875 0.59375 0.763671875 0.61767578125 0.7587890625
3 0.103515625 0.6572265625 0.0947265625 0.650390625 0.0927734375 0.6357421875 0.10693359375 0.591796875 0.111328125 0.564453125 0.126953125 0.53125 0.13232421875 0.498046875 0.1318359375 0.4892578125 0.12646484375 0.4853515625 0.11962890625 0.4931640625 0.1015625 0.490234375 0.09765625 0.494140625 0.09912109375 0.501953125 0.09765625 0.5087890625 0.0869140625 0.51953125 0.08056640625 0.5986328125 0.0810546875 0.6298828125 0.08740234375 0.666015625 0.1015625 0.6611328125 0.103515625 0.6572265625
3 0.064453125 0.45703125 0.08251953125 0.5048828125 0.09912109375 0.51171875 0.10009765625 0.501953125 0.09716796875 0.498046875 0.0986328125 0.48828125 0.095703125 0.470703125 0.0859375 0.45703125 0.08056640625 0.4423828125 0.08056640625 0.4287109375 0.087890625 0.41796875 0.0888671875 0.4072265625 0.07666015625 0.369140625 0.072265625 0.3212890625 0.068359375 0.322265625 0.0634765625 0.3349609375 0.064453125 0.3876953125 0.06787109375 0.4130859375 0.0634765625 0.4501953125 0.064453125 0.45703125
3 0.181640625 0.271484375 0.19482421875 0.2763671875 0.19873046875 0.271484375 0.20166015625 0.255859375 0.20947265625 0.240234375 0.21728515625 0.197265625 0.21337890625 0.1806640625 0.19482421875 0.1884765625 0.1533203125 0.224609375 0.1513671875 0.23828125 0.15087890625 0.251953125 0.16650390625 0.271484375 0.1728515625 0.2744140625 0.181640625 0.271484375
2 0.341796875 0.2314453125 0.35205078125 0.240234375 0.36669921875 0.2412109375 0.37060546875 0.23828125 0.37353515625 0.23046875 0.375 0.216796875 0.38330078125 0.2001953125 0.38427734375 0.1748046875 0.38134765625 0.1591796875 0.36474609375 0.1728515625 0.34765625 0.1728515625 0.33447265625 0.1650390625 0.33203125 0.1689453125 0.33154296875 0.181640625 0.33642578125 0.197265625 0.33740234375 0.212890625 0.341796875 0.2314453125
3 0.5458984375 0.7490234375 0.55615234375 0.736328125 0.5615234375 0.724609375 0.56298828125 0.685546875 0.5615234375 0.6767578125 0.5576171875 0.6708984375 0.55224609375 0.6728515625 0.541015625 0.703125 0.5390625 0.7138671875 0.5419921875 0.736328125 0.54150390625 0.748046875 0.5458984375 0.7490234375
3 0.49609375 0.5078125 0.50048828125 0.4990234375 0.49951171875 0.490234375 0.48681640625 0.466796875 0.4814453125 0.46484375 0.47021484375 0.4794921875 0.46875 0.486328125 0.47021484375 0.494140625 0.4853515625 0.5048828125 0.49609375 0.5078125
3 0.505859375 0.7177734375 0.5078125 0.69921875 0.50146484375 0.6875 0.49755859375 0.685546875 0.48876953125 0.7041015625 0.486328125 0.7197265625 0.49169921875 0.728515625 0.4990234375 0.7294921875 0.505859375 0.7177734375
4 0.21240234375 0.4853515625 0.234375 0.478515625 0.23876953125 0.46875 0.2373046875 0.4501953125 0.23486328125 0.443359375 0.22412109375 0.421875 0.216796875 0.4150390625 0.19287109375 0.419921875 0.1806640625 0.44140625 0.1796875 0.451171875 0.18212890625 0.4658203125 0.19140625 0.4814453125 0.21240234375 0.4853515625
4 0.33544921875 0.7119140625 0.3447265625 0.716796875 0.3662109375 0.7119140625 0.37060546875 0.7041015625 0.37646484375 0.716796875 0.3818359375 0.6962890625 0.380859375 0.69140625 0.3828125 0.689453125 0.37939453125 0.673828125 0.37548828125 0.6708984375 0.373046875 0.6611328125 0.36083984375 0.65625 0.3369140625 0.654296875 0.33349609375 0.658203125 0.32568359375 0.6796875 0.3251953125 0.6845703125 0.32763671875 0.6875 0.32958984375 0.7001953125 0.33544921875 0.7119140625
4 0.29296875 0.7451171875 0.3056640625 0.7197265625 0.31298828125 0.697265625 0.3095703125 0.689453125 0.29736328125 0.6865234375 0.28515625 0.6884765625 0.27783203125 0.6962890625 0.27734375 0.70703125 0.28125 0.734375 0.28662109375 0.748046875 0.29296875 0.7451171875
4 0.326171875 0.3603515625 0.32763671875 0.35546875 0.326171875 0.341796875 0.314453125 0.310546875 0.3037109375 0.3134765625 0.2998046875 0.3212890625 0.30126953125 0.3408203125 0.30615234375 0.353515625 0.31689453125 0.3623046875 0.326171875 0.3603515625
4 0.35693359375 0.431640625 0.35595703125 0.4013671875 0.357421875 0.3837890625 0.3525390625 0.369140625 0.353515625 0.365234375 0.34912109375 0.3662109375 0.3466796875 0.359375 0.33203125 0.3544921875 0.33056640625 0.357421875 0.3310546875 0.3740234375 0.34130859375 0.4384765625 0.35693359375 0.431640625
4 0.4453125 0.357421875 0.44775390625 0.3388671875 0.44482421875 0.33203125 0.43359375 0.3291015625 0.43017578125 0.3330078125 0.4267578125 0.34765625 0.4267578125 0.3623046875 0.4345703125 0.37109375 0.43994140625 0.3701171875 0.4453125 0.357421875
4 0.64111328125 0.470703125 0.6484375 0.4619140625 0.6494140625 0.423828125 0.6484375 0.41796875 0.642578125 0.4091796875 0.638671875 0.4091796875 0.63427734375 0.4013671875 0.62548828125 0.4208984375 0.619140625 0.427734375 0.61962890625 0.451171875 0.62255859375 0.4697265625 0.63037109375 0.47265625 0.64111328125 0.470703125
4 0.712890625 0.369140625 0.71728515625 0.357421875 0.7158203125 0.3408203125 0.693359375 0.3310546875 0.68896484375 0.333984375 0.68701171875 0.341796875 0.693359375 0.361328125 0.701171875 0.3671875 0.712890625 0.369140625
4 0.85107421875 0.615234375 0.849609375 0.5908203125 0.84375 0.568359375 0.83349609375 0.5625 0.82470703125 0.57421875 0.8251953125 0.58203125 0.8212890625 0.607421875 0.8369140625 0.6171875 0.85107421875 0.615234375
4 0.77978515625 0.7158203125 0.79345703125 0.7177734375 0.80224609375 0.705078125 0.81005859375 0.6826171875 0.81005859375 0.67578125 0.806640625 0.6669921875 0.787109375 0.65234375 0.7802734375 0.65234375 0.771484375 0.6630859375 0.7685546875 0.669921875 0.7744140625 0.6796875 0.775390625 0.701171875 0.77978515625 0.7158203125
4 0.71240234375 0.7333984375 0.716796875 0.734375 0.72802734375 0.7275390625 0.73388671875 0.716796875 0.728515625 0.671875 0.72900390625 0.66015625 0.71728515625 0.6494140625 0.70068359375 0.6640625 0.69189453125 0.6923828125 0.6923828125 0.69921875 0.69873046875 0.7041015625 0.69677734375 0.7158203125 0.71240234375 0.7333984375
4 0.630859375 0.62109375 0.64111328125 0.6123046875 0.66064453125 0.611328125 0.66064453125 0.60546875 0.67138671875 0.6005859375 0.6748046875 0.5869140625 0.669921875 0.580078125 0.662109375 0.5791015625 0.654296875 0.5859375 0.64990234375 0.5830078125 0.6142578125 0.611328125 0.61474609375 0.6201171875 0.62158203125 0.6220703125 0.626953125 0.62890625 0.630859375 0.62109375
4 0.55078125 0.8291015625 0.56640625 0.8291015625 0.568359375 0.82421875 0.57275390625 0.822265625 0.57080078125 0.806640625 0.5732421875 0.787109375 0.5693359375 0.7666015625 0.55859375 0.7734375 0.548828125 0.7626953125 0.53955078125 0.7626953125 0.53662109375 0.7646484375 0.52880859375 0.7822265625 0.52880859375 0.8037109375 0.537109375 0.8134765625 0.544921875 0.8173828125 0.55078125 0.8291015625
4 0.7783203125 0.7431640625 0.7763671875 0.7470703125 0.75537109375 0.7509765625 0.71630859375 0.7734375 0.7119140625 0.7880859375 0.7060546875 0.794921875 0.7177734375 0.794921875 0.73583984375 0.787109375 0.78901874375 0.752889909375 0.7783203125 0.7431640625
4 0.404296875 0.5107421875 0.41162109375 0.517578125 0.4306640625 0.5185546875 0.435546875 0.5087890625 0.4306640625 0.482421875 0.42333984375 0.470703125 0.41259765625 0.4658203125 0.400390625 0.466796875 0.3984375 0.474609375 0.404296875 0.4912109375 0.40283203125 0.501953125 0.404296875 0.5107421875
4 0.587890625 0.5126953125 0.58642578125 0.490234375 0.58056640625 0.47265625 0.57177734375 0.4677734375 0.5625 0.48046875 0.5625 0.4970703125 0.56640625 0.51171875 0.5751953125 0.5166015625 0.587890625 0.5126953125
4 0.58740234375 0.615234375 0.58837890625 0.60546875 0.58740234375 0.5947265625 0.58154296875 0.5791015625 0.57568359375 0.5771484375 0.57373046875 0.5810546875 0.56787109375 0.603515625 0.56689453125 0.6171875 0.56689453125 0.63671875 0.57177734375 0.6455078125 0.57763671875 0.6435546875 0.58740234375 0.615234375
4 0.15185546875 0.3193359375 0.1572265625 0.3017578125 0.15478515625 0.294921875 0.15673828125 0.287109375 0.154296875 0.2802734375 0.1552734375 0.263671875 0.14794921875 0.2578125 0.13916015625 0.2587890625 0.13427734375 0.2705078125 0.13330078125 0.2861328125 0.1376953125 0.3154296875 0.14501953125 0.3212890625 0.15185546875 0.3193359375
4 0.4482421875 0.85546875 0.466796875 0.8505859375 0.4853515625 0.8544921875 0.498046875 0.8525390625 0.5107421875 0.8408203125 0.51416015625 0.833984375 0.513671875 0.828125 0.50244140625 0.8134765625 0.48828125 0.810546875 0.44287109375 0.806640625 0.42724609375 0.82421875 0.4267578125 0.837890625 0.431640625 0.8515625 0.435546875 0.8466796875 0.4482421875 0.85546875
4 0.6533203125 0.7158203125 0.64599609375 0.7275390625 0.64599609375 0.7353515625 0.65185546875 0.74609375 0.65869140625 0.751953125 0.67529296875 0.7197265625 0.67822265625 0.705078125 0.67724609375 0.6806640625 0.67578125 0.6787109375 0.67626953125 0.6572265625 0.673828125 0.65234375 0.66259765625 0.6484375 0.65380859375 0.65625 0.65234375 0.685546875 0.654296875 0.6923828125 0.654296875 0.7080078125 0.6533203125 0.7158203125
4 0.4931640625 0.6220703125 0.4912109375 0.6201171875 0.474609375 0.6171875 0.466796875 0.6337890625 0.46728515625 0.6572265625 0.4873046875 0.6591796875 0.4951171875 0.6494140625 0.4931640625 0.6220703125
3 0.64013671875 0.294921875 0.638671875 0.287109375 0.630859375 0.275390625 0.62646484375 0.2734375 0.62255859375 0.279296875 0.623046875 0.2939453125 0.62890625 0.3037109375 0.634765625 0.3046875 0.64013671875 0.294921875