3 0.40742758125 0.748905021875 0.4073819453125 0.7359987421875 0.4036474515625 0.7150222984375 0.4065069484375 0.7042028046875 0.39993656718750004 0.67915665625 0.3941263015625 0.674983084375 0.3855257875 0.6796460890625 0.368244496875 0.6770572765625 0.3634367046875 0.6868160671875 0.35673726875 0.722318171875 0.3563217984375 0.7342156828124999 0.35831573125 0.7481826671875 0.362039209375 0.7552613703125 0.3712157140625 0.7625305 0.3953333515625 0.768336046875 0.39940305625 0.7655001593749999 0.40742758125 0.748905021875
3 0.9205926921875 0.6506829640625 0.9221963421874999 0.6189735828125 0.9185562828125 0.5384403437499999 0.9080310796875001 0.5271534453125 0.9067862484375 0.5201612984375 0.9085504171875 0.5122815593750001 0.9047230703125001 0.50817723125 0.8862772078125 0.5105110921875 0.879613975 0.5023370625 0.8740224578125 0.506112475 0.8732151265624999 0.5150182953125 0.8774909875000001 0.54891833125 0.8921771671875 0.5831819015625 0.8956693031249999 0.611098559375 0.9084874468749999 0.6562162484375 0.9059851906249999 0.671018890625 0.8968197015625 0.677647503125 0.8986641296875 0.6816825828125 0.912867175 0.6871419046875 0.9205926921875 0.6506829640625
3 0.94603388125 0.40538967656249997 0.9488949578125 0.3518855046875 0.9443877546874999 0.3388234234375 0.9404565390625 0.3376934734375 0.9342984703124999 0.3861191703125 0.9205549515625 0.424353296875 0.9211655640625 0.43529396875000004 0.9282206609375001 0.4464596890625 0.9277359453124999 0.4603401171875 0.9217635812499999 0.47502158124999994 0.9113642750000001 0.4885557828125 0.9077666921875001 0.50629818125 0.90890765625 0.51626470625 0.9057947890625 0.520126675 0.9064400234375001 0.5300758890624999 0.923537184375 0.523724259375 0.9435756828124999 0.4757832765625 0.9448095000000001 0.46887768437500005 0.9416635890625 0.43104643593749997 0.94603388125 0.40538967656249997
3 0.8631022765624999 0.2645127609375 0.8630912625 0.250615021875 0.8615930593750001 0.2366653484375 0.8207370781250001 0.198509903125 0.8021763343750001 0.1899204015625 0.797621915625 0.2066367171875 0.8040301984375 0.2505379015625 0.8114079109375 0.2666782265625 0.8138283281250001 0.28264544062499997 0.8176210515625 0.2877412265625 0.8311788625000001 0.283251334375 0.839998128125 0.286537315625 0.8465464796875001 0.283787984375 0.8631022765624999 0.2645127609375
2 0.6821751546875 0.1867225375 0.6821295171874999 0.17381625625 0.6797893609375001 0.1697638640625 0.66612768125 0.1772281328125 0.6487771453125 0.17662223906250002 0.6324070546875 0.162153228125 0.6288787171875 0.17791270625 0.6289699921875 0.2037252671875 0.6368088109375 0.2208743640625 0.637811284375 0.23480672500000002 0.6405086828125001 0.242842265625 0.6443706515625001 0.245955134375 0.6592771609375 0.2454830140625 0.669999084375 0.2369234171875 0.6751184796875 0.21824149531249998 0.6766638984375 0.2024127703125 0.6821751546875 0.1867225375
3 0.4526208125 0.719710490625 0.4510187421875 0.7087351953125001 0.440690259375 0.6776018015624999 0.43530647968749997 0.6754284609375001 0.4311329078125 0.6812387234374999 0.429334115625 0.6901099234375 0.4294364046875 0.7298202234375 0.434473959375 0.74190815625 0.4444341875 0.7551606625 0.4489303765625 0.7543250046875001 0.4488501171875 0.7424101828125 0.4526208125 0.719710490625
3 0.5320729171874999 0.49119332968749996 0.5308280859375001 0.48420118125 0.5199456437500001 0.4689311359375 0.514423375 0.47072362968750003 0.5007034640625 0.49406855624999996 0.499400403125 0.502957065625 0.5035503671875 0.5120359999999999 0.5145602859375 0.5094424703125 0.5303087484375 0.49907306875 0.5320729171874999 0.49119332968749996
3 0.505951871875 0.7275288609375 0.504027184375 0.7115789578125 0.49576187968749996 0.69242963125 0.4917267984375 0.694274059375 0.48486684375 0.7059465234375 0.48619193281250006 0.7248534921875 0.49271667812500003 0.7369933609375 0.50018724375 0.7362615703125 0.505951871875 0.7275288609375
4 0.8267912374999999 0.46574906406250005 0.8261460046875 0.45579985 0.8145144609375 0.43355496718750003 0.7903968234375001 0.4277494203125 0.782718521875 0.43442996562499997 0.771050775 0.45586121874999996 0.7683297703124999 0.4627148765625 0.7661847546875 0.48150066718750006 0.7703000953125 0.4915710609375 0.79236556875 0.49929027968749995 0.8138204312499999 0.49606882656250006 0.823793253125 0.4805343953125 0.8267912374999999 0.46574906406250005
4 0.6707890437499999 0.6975490484375 0.6704664250000001 0.6925744390624999 0.663296446875 0.6704853578125001 0.65996483125 0.66639834375 0.6356048359375001 0.667533009375 0.6230384859375 0.6720575234374999 0.6202136109375 0.6818855593750001 0.61614390625 0.684721446875 0.6121198406249999 0.700463615625 0.6140335125 0.702515778125 0.6128689421875 0.7074384515625 0.61759489375 0.728449515625 0.6239937421875 0.7157682828125 0.628178328125 0.7238557578125 0.6498173171875 0.7295747484375 0.659409290625 0.7249463671874999 0.6657735171875 0.7132565921875 0.6682065265625 0.7004368671875 0.6707890437499999 0.6975490484375
4 0.7185742234375 0.7220491109375 0.718459340625 0.7111257484375 0.711300378125 0.70293440625 0.698976384375 0.7005187078125 0.6864792765625001 0.703060303125 0.682732190625 0.7108707984375 0.6893718140625 0.7339340265625001 0.7013606 0.7601620578125 0.707701215625 0.76336148125 0.71363895625 0.749671478125 0.7185742234375 0.7220491109375
4 0.7072669171875 0.34940367656250004 0.70944655625 0.3296264265625 0.7057577015625001 0.3215562640625 0.6949555171874999 0.31820103906249997 0.6819500875 0.3495122625 0.6799781828125 0.36334075625 0.6812922593749999 0.3683499859375 0.6906418765625 0.3706618171875 0.7018595296875 0.3621195328125 0.7072669171875 0.34940367656250004
4 0.6769345609374999 0.36521980625 0.6755512390625 0.3621934953125 0.660506240625 0.366631453125 0.657785234375 0.3734851125 0.6533582906250001 0.3723378515625 0.654211259375 0.376338309375 0.6487346265625 0.391037084375 0.649598609375 0.40893528281249997 0.6475338515625 0.43963589374999995 0.6631548406250001 0.4471300703125 0.6758502484375 0.3820573015625 0.6769345609374999 0.36521980625
4 0.579102721875 0.366766784375 0.579622059375 0.35189489687500003 0.5766712890625 0.33690183125 0.573339671875 0.33281481562500004 0.561834025 0.335391034375 0.558617290625 0.34222738124999996 0.5604381109375 0.3611516609375 0.5654410421875 0.374231053125 0.570859446875 0.37541293750000004 0.579102721875 0.366766784375
4 0.38013888906250004 0.4501516203125 0.381465559375 0.4263739125 0.37526343125 0.41920865156250003 0.3670327515625 0.399067865625 0.3622942046875 0.4068437375 0.3583283671875 0.406705246875 0.352068009375 0.4154206453125 0.350868815625 0.42133477812500003 0.3505099953125 0.46003630781249993 0.3576343375 0.4692191078125 0.36847114375 0.471582875 0.376506684375 0.4688854765625 0.38013888906250004 0.4501516203125
4 0.3156059296875 0.3367192421875 0.313899990625 0.3287183234375 0.3095422921875 0.3255881453125 0.2863925078125 0.33470641875 0.2843167359375 0.351509290625 0.28836283281249997 0.36356259999999996 0.30032958593750003 0.36199515312499997 0.30846899375 0.35632337812500003 0.3156059296875 0.3367192421875
4 0.1667973203125 0.5757191078125 0.1675700296875 0.5678047453125 0.1590623671875 0.5555956328125 0.1484443125 0.5611808515625001 0.14169923906249998 0.583776678125 0.1393464875 0.608511221875 0.1536534 0.6109961671875 0.169862971875 0.601635534375 0.1667973203125 0.5757191078125
4 0.2211859234375 0.6669585375 0.21845390468749998 0.65991445625 0.2099116203125 0.648696803125 0.20297140625 0.6484544453125001 0.1826228859375 0.66263388125 0.17884117500000002 0.6714358359375 0.17859881718749998 0.6783760484375 0.18573417187500002 0.701456590625 0.1942072125 0.7146571609375 0.20815688593749998 0.7131589593750001 0.213137790625 0.698442871875 0.2148909453125 0.67666539375 0.2211859234375 0.6669585375
4 0.29748106406249997 0.69940286875 0.29821915 0.692479965625 0.290300071875 0.663416046875 0.273964603125 0.647955578125 0.2616862453125 0.6584461578125 0.2617665046875 0.670360978125 0.25472084375000004 0.715777675 0.2602887515625 0.7268914609375 0.2714481734375 0.734229834375 0.2759443625 0.7333941765625 0.2924309140625 0.7161018734375 0.2908634671875 0.7041351171875 0.29748106406249997 0.69940286875
4 0.3791064890625 0.6218471671875 0.379913821875 0.6129413453125 0.3447296171875 0.582925309375 0.3401641828125 0.585743884375 0.3324748671875 0.5785266906250001 0.324508571875 0.5792411703125 0.3193089171875 0.5860082703125 0.32229430937500003 0.6000098781250001 0.3330272484375 0.605348021875 0.3328195125 0.6112967765625 0.352614071875 0.6129806859375 0.3627127921875 0.6222673546874999 0.366401646875 0.6303375171875001 0.37209703125 0.623587728125 0.3791064890625 0.6218471671875
4 0.45984586250000004 0.81128826875 0.4606075578125 0.7894761671875 0.45329908906250005 0.7713529234375 0.45039395625 0.7692661359375 0.4409750953125 0.768937221875 0.43067965625 0.7794970484375 0.42001596250000006 0.7721759875 0.415323053125 0.7928581390625 0.4171092515625 0.812773878125 0.41457237343750003 0.8285679796875 0.41896469375 0.8307066984375 0.4207745 0.835733240625 0.4366378453125 0.8362872015624999 0.44300207187499996 0.8245974265625 0.45107223437500005 0.82090856875 0.45984586250000004 0.81128826875
4 0.26831011875 0.7956656796875 0.280207628125 0.79608115 0.27450123125000003 0.7889332015625 0.2705590015625 0.7739055125000001 0.23169695468749998 0.7497170515625 0.210519071875 0.7450068296875 0.20867464375 0.74097175 0.197468203125 0.750466659375 0.2502451046875 0.7870934890625 0.26831011875 0.7956656796875
4 0.603873446875 0.48178864062500004 0.602167509375 0.47378772187499996 0.5898088921875 0.47236348125000005 0.5787297296875 0.476939928125 0.570878315625 0.4885777703125 0.5649862109375 0.5151740546875 0.56959728125 0.525261759375 0.5889653578125 0.5249454390625 0.596643659375 0.5182648953125 0.5984424500000001 0.5093936953125 0.597336109375 0.4984357109375 0.603873446875 0.48178864062500004
4 0.436511990625 0.49877561875 0.43710057343750003 0.4819208125 0.42813180468749995 0.4687029296875 0.41903556093749994 0.47334862343750006 0.4124636 0.49098715156250006 0.41018009375000003 0.5137387796875 0.422930571875 0.5181547078125 0.4320268171875 0.5135090156250001 0.436511990625 0.49877561875
4 0.42709940625 0.640398475 0.42779185625 0.62056929375 0.4272851125 0.6066542421875 0.422132675 0.5836429453124999 0.42028824687500005 0.579607865625 0.41427024687499997 0.5813830484375 0.40776753125000004 0.597038659375 0.40639522499999997 0.6079100875 0.40704045781250003 0.6178593015625 0.4159509984375 0.6469578421875 0.42183050624999996 0.6491484953125 0.42709940625 0.640398475
4 0.879736753125 0.2998370359375 0.8792992546875 0.2839390671875 0.8747574296874999 0.2718684453125 0.86586891875 0.2705653828125 0.8582252406249999 0.2762544703125 0.8586281171874999 0.2931438984375 0.8559071109374999 0.2999975546875 0.8576130484375 0.3079984734375 0.8548920437499999 0.3148521328125 0.8597218640625 0.3328888203125 0.8665928328125 0.33511409531249997 0.8742365124999999 0.3294250109375 0.879736753125 0.2998370359375
4 0.5622415562499999 0.8496073921875 0.562230540625 0.8357096531250001 0.5469904 0.817309428125 0.500749059375 0.8196653171875001 0.48626903437499996 0.8221376687499999 0.474347915625 0.836611396875 0.4736444515625 0.842542840625 0.47687220156250004 0.8496042328125 0.4893457 0.8619518359375 0.502165425 0.8643848468750001 0.5211416390625 0.8610768375 0.53980625 0.8666919625 0.5530068203125 0.858218921875 0.55679954375 0.8633147078125001 0.5622415562499999 0.8496073921875
4 0.338615603125 0.6869419625 0.338167090625 0.6571462546875 0.3295209375 0.648902978125 0.31798066875000003 0.6524706578125 0.31532890625 0.6573413968749999 0.31506294218750003 0.679170809375 0.3135065078125 0.68110179375 0.31164948593749997 0.70585365 0.31410452499999997 0.720829403125 0.3298167890625 0.7541361390625 0.3369647375 0.7484297421874999 0.3432943390625 0.7377314265625 0.34357132031250004 0.729799753125 0.336550846875 0.717642575 0.33583636875 0.7096762796875 0.33639032812499997 0.6938129328125 0.338615603125 0.6869419625
4 0.527501165625 0.664750615625 0.5288278375 0.64097290625 0.521484746875 0.6238411203124999 0.5045260734375 0.626226915625 0.502473909375 0.6281405890625 0.4995215609375 0.6558322000000001 0.5071070078125001 0.6660237718750001 0.527501165625 0.664750615625
3 0.3822430078125 0.29040551875 0.383258075 0.2755509421875 0.3794999734375 0.269463696875 0.3749691625 0.2712908140625 0.36662201875 0.28291134375000004 0.36485785000000004 0.2907910828125 0.36996465 0.3008961 0.37594802656250004 0.300112375 0.3822430078125 0.29040551875