3 0.5901353640625 0.7384066921875 0.57114039375 0.7379181765625 0.5628117390625 0.731295028125 0.555801059375 0.734671846875 0.5440318078125 0.7602809500000001 0.5450491890625 0.772419725 0.5370858703125 0.7942016109375001 0.534597909375 0.808028796875 0.540054775 0.8273346593750001 0.543876890625 0.831143403125 0.5708004984375 0.8294746375000001 0.5820009421875 0.8234150703124999 0.5873260078125 0.8165297734375001 0.5921007609375 0.8019334499999999 0.5939042999999999 0.7891006015625 0.5934395421875001 0.7497763296875 0.5901353640625 0.7384066921875
3 0.0800088234375 0.469327778125 0.080827353125 0.4596280765625 0.0755531546875 0.45452473125 0.0668730421875 0.46202903281249996 0.0475612953125 0.456043365625 0.042687115625 0.45972045 0.04308713125 0.4685008796875 0.0404326921875 0.47576150781250004 0.02702869375 0.4858734921875 0.007911178125 0.5715193484375 0.0036358640625 0.6058153421875 0.0050185796875 0.6463591515625 0.021259684374999997 0.6431890578125 0.023997365625 0.6392117078124999 0.0154351765625 0.630374684375 0.0155531 0.614033359375 0.037806001562500004 0.5680871062499999 0.0468213859375 0.53881939375 0.06902341875 0.504861784375 0.0800088234375 0.469327778125
3 0.04415769375 0.43375448906249997 0.03557931875 0.41728150625 0.031958365625 0.40041471562500003 0.0340624953125 0.385443059375 0.043727615625 0.3748056109375 0.046449110937499996 0.3631923015625 0.0389574828125 0.3196088875 0.0415148078125 0.2665324953125 0.0370915125 0.26700136875 0.0297964265625 0.28015295625 0.02274875 0.3380509015625 0.022579959375 0.3663808703125 0.012061625 0.4063426234375 0.012077810937499999 0.413978584375 0.024475990625 0.469156834375 0.041584181250000005 0.47919491875000003 0.0441553828125 0.46865101249999996 0.0415518109375 0.46392299843749996 0.044657135937499995 0.45345415781250004 0.04415769375 0.43375448906249997
3 0.21751945312499998 0.1342325140625 0.19602033593749998 0.13993522187500002 0.1450587859375 0.173122525 0.1408181546875 0.187793915625 0.13817990156249998 0.2026905046875 0.1522660078125 0.22648070781250002 0.15875875 0.2306647828125 0.1688238890625 0.228807765625 0.18249379375000002 0.23618157968750003 0.18751826875 0.231435090625 0.1931277390625 0.214775025 0.2040784609375 0.1988656234375 0.219237440625 0.1530129125 0.21751945312499998 0.1342325140625
2 0.4003891125 0.1817436984375 0.40536503125 0.1540893296875 0.404565 0.1365284671875 0.384300615625 0.148947865625 0.365606234375 0.14632054218749999 0.3523872125 0.13573851718750002 0.349115409375 0.1396408015625 0.3466274484375 0.1534679859375 0.3495639828125 0.1713291125 0.3482275140625 0.188589709375 0.3501790359375 0.20958398281249999 0.3600430109375 0.22078501093749997 0.37591647031250003 0.2241064078125 0.3806403578125 0.221498728125 0.3850474671875 0.21339389375 0.388753971875 0.1986474375 0.4003891125 0.1817436984375
3 0.5124536796875 0.7253081906250001 0.49550965781249995 0.7567331859374999 0.49171991249999997 0.7681963640625 0.4914678796875 0.793243053125 0.4891302171875 0.8060008359375 0.4937870484375 0.8077458359374999 0.5069575109375 0.795419978125 0.5146364265625001 0.7834128625 0.5222506 0.7408619015625 0.522000878125 0.7310120671875 0.5186296453125 0.7239951125 0.5124536796875 0.7253081906250001
3 0.44982460625 0.5082156796875 0.450224621875 0.5169961109375001 0.46512925781250003 0.5310866125 0.4764291265625 0.5359462859375 0.48258890781249997 0.5269972468749999 0.48287331250000004 0.5172224796875 0.4725931359375 0.4896050578125 0.4670183484375 0.48664051875 0.452479046875 0.5009550515625001 0.44982460625 0.5082156796875
3 0.4376553484375 0.776955984375 0.4455169296875 0.7791513828125 0.45479822187499996 0.7673694656250001 0.459790325 0.7473510546875 0.4546502375 0.7335423453125001 0.450677825 0.7308030046875 0.43820796875 0.7497704859375001 0.43313262343750003 0.7665056171875 0.4376553484375 0.776955984375
4 0.18518754531249998 0.39141492968749997 0.1582639390625 0.393083696875 0.1416043203125 0.414733921875 0.13903312031249998 0.42527782968750005 0.1394493234375 0.4416942203125 0.14719298281249998 0.4602309453125 0.169559184375 0.46773641718750003 0.1946468828125 0.4636285765625 0.20095695781249998 0.45361013437500003 0.2022101859375 0.43306626093749995 0.200591625 0.42520510156249997 0.192147359375 0.40002675312499997 0.18518754531249998 0.39141492968749997
4 0.322120140625 0.7192785609375 0.32455723124999997 0.7174400171875 0.3232230734375 0.6998040890625 0.31940095625 0.695995346875 0.3182332796875 0.684925975 0.305631625 0.6777022953125 0.27976008124999996 0.671885234375 0.27542002499999996 0.6756373859375 0.263567534375 0.697963209375 0.26228193593750004 0.7032351640625001 0.2645016765625 0.7068187078125 0.26468434375 0.7210212234375 0.26929030625 0.73475486875 0.278687209375 0.7415281499999999 0.302940190625 0.7394840515625 0.30894967812499996 0.7316044171875 0.31340534531249997 0.746407465625 0.3224369171875 0.7247757125 0.322120140625 0.7192785609375
4 0.2086682546875 0.7087865703125 0.20648088437499998 0.720474946875 0.20654562968749998 0.7510187890625 0.2103168765625 0.766816175 0.2177113875 0.7645838265625 0.23550631093750002 0.73873105 0.24697497031250001 0.7152607546875 0.24443845625 0.7061800578125 0.23153620937500002 0.7010951859375 0.217882490625 0.701357334375 0.2086682546875 0.7087865703125
4 0.289013615625 0.3231267140625 0.292401034375 0.33777963125 0.30279913281250004 0.3490557265625 0.3132481015625 0.34834318125 0.31560195156250004 0.343221359375 0.31610370468750004 0.3280245046875 0.30809413750000003 0.292001984375 0.2958925 0.2935587375 0.2904171390625 0.3015134359375 0.289013615625 0.3231267140625
4 0.33583165312499996 0.35042656562499996 0.32055937343749996 0.342827553125 0.3185061125 0.345810565625 0.316485225 0.36406550000000004 0.3177823859375 0.4362225546875 0.33592645781249997 0.43113885312500005 0.33951735 0.39783719687499997 0.3438250328125 0.37881312500000003 0.34073820625 0.36202140156249996 0.3424076359375 0.35789391875 0.337450215625 0.358287725 0.33583165312499996 0.35042656562499996
4 0.42297729687499996 0.3659456671875 0.4301706453125 0.3767713640625 0.436196315625 0.376527690625 0.44402552812499996 0.36345116875 0.44955175625 0.3435078265625 0.4473990703125 0.3355716 0.4355650765625 0.3306368609375 0.4312250203125 0.3343890125 0.4252317203125 0.34990460625 0.42297729687499996 0.3659456671875
4 0.6439686984375 0.44062504375 0.6313485453125 0.46066192656249993 0.6233528546875 0.4671718921875 0.6202799015625 0.492912653125 0.6206290484375 0.513681728125 0.6287241671875 0.5180910015625 0.6407755109375 0.5176036546875 0.6501400421875 0.5091050140625 0.6570697937500001 0.46754839375 0.6569033140625 0.4609818359375 0.651846465625 0.45045640468750003 0.6475734656250001 0.4498558734375 0.6439686984375 0.44062504375
4 0.714759934375 0.405862515625 0.7224041671875 0.41348 0.7349225828125 0.41742040312500006 0.7415332484375 0.40526315312500005 0.7424858859375 0.38685808593750004 0.7194190765624999 0.3727109921875 0.714161065625 0.37524360625000003 0.71082220625 0.3834985734375 0.714759934375 0.405862515625
4 0.8168264078125 0.6950197109375 0.8324154640625 0.7081158750000001 0.8482056859375 0.708153990625 0.8503606828124999 0.6811936937499999 0.8474079625 0.6556966046875 0.83709310625 0.6477037875 0.8256753124999999 0.6591854406250001 0.8250070781250001 0.6678157375 0.8168264078125 0.6950197109375
4 0.7725240796875 0.73895764375 0.7650463281250001 0.7379067140625 0.7537788296875 0.7483189625 0.749522015625 0.7553543921875 0.7544285687500001 0.766949228125 0.7521903296875 0.7906262500000001 0.7547430328125 0.8073429046875 0.7693979484375 0.8115835734375001 0.780966034375 0.7990325171875 0.7929688203125 0.7756372875 0.794020884375 0.7681514593750001 0.7916346625 0.758001359375 0.7725240796875 0.73895764375
4 0.6965950656250001 0.7250149375 0.6761803859375 0.7385037390625 0.66220758125 0.768165259375 0.661689640625 0.775726153125 0.66788179375 0.7820490359375001 0.663941753125 0.7945816171875 0.6783284515625 0.8162330140625 0.6829852828125 0.817978015625 0.6963222250000001 0.812218715625 0.7043849718749999 0.80135606875 0.7054231609375 0.75133775625 0.707760825 0.738579975 0.6965950656250001 0.7250149375
4 0.6554558640625 0.6418058156249999 0.64706015625 0.6395353484374999 0.6374620890625 0.6458201140625001 0.633105846875 0.6419363046875 0.58975615625 0.6674691734375 0.588937628125 0.677168875 0.596114790625 0.6803586125 0.6009381015625 0.6886701703125 0.6064134640625001 0.6807154703125 0.618982746875 0.672667228125 0.640498046875 0.6746004812499999 0.6413998171874999 0.66818405625 0.6539020453125 0.6644884984375 0.6597450515625 0.6500423078125 0.6554558640625 0.6418058156249999
4 0.516719746875 0.8305982937499999 0.503916928125 0.8364326609375 0.4948876703125 0.8231678890625 0.484739290625 0.821741628125 0.48123395156250004 0.8234300390625 0.4699826390625 0.8414782484375 0.4666761515625 0.865005134375 0.4742533296875 0.8769753015624999 0.482198153125 0.88245398125 0.48680411562500003 0.8961876249999999 0.503896121875 0.89858975 0.5067840968749999 0.8935429953125 0.5118918125 0.8920797859375 0.51216003125 0.8746690562499999 0.5178365546875 0.853656309375 0.516719746875 0.8305982937499999
4 0.674735246875 0.8844311953125 0.6957002375 0.8786534187499999 0.7591384609375 0.84935623125 0.7489323984375 0.8370610171875 0.74619471875 0.8410383671874999 0.7226261578125001 0.8420881296875 0.676439359375 0.8606791078124999 0.669377809375 0.8760445703125 0.6619162421875 0.8826296015624999 0.674735246875 0.8844311953125
4 0.391556403125 0.4771255609375 0.37805297968749996 0.47631830468749997 0.3747141203125 0.48457327031249997 0.378568609375 0.5036539343750001 0.3753129890625 0.5151921796875001 0.37556270937499997 0.525042015625 0.382522521875 0.5336538390625 0.403203109375 0.53765083125 0.41004731093749996 0.5277074546875 0.408764021875 0.49808288437500003 0.4025556828125 0.4841240421875 0.391556403125 0.4771255609375
4 0.5527419734375 0.5510334625 0.56160475 0.557731678125 0.5760931859375 0.5554057875 0.5779475921875 0.5305842984375 0.5742433984375 0.5104342296875 0.5653806203125 0.5037360140625 0.5532784078125 0.5162120046875 0.55072339375 0.534391871875 0.5527419734375 0.5510334625
4 0.5402166234375 0.6517826343750001 0.5370442453125001 0.66660415625 0.534038346875 0.6879922359374999 0.53802694375 0.698367534375 0.5447370359375 0.697129525 0.5597780921875 0.6676181359375 0.5623492921875 0.6570742296875001 0.5629342859375 0.6451606546875001 0.5589295015625 0.62714939375 0.5528205890625 0.6241097890625 0.550082909375 0.628087140625 0.5402166234375 0.6517826343750001
4 0.1340733796875 0.20865652968749998 0.12430883125 0.2083747390625 0.11716404062500001 0.22045692187500002 0.11369107187500001 0.237417253125 0.11398934999999999 0.27017496875 0.121099459375 0.2777173890625 0.1288778015625 0.2766295109375 0.1374584859375 0.25820596875 0.135839925 0.250344809375 0.1391787859375 0.24208984218750002 0.137560225 0.23422868281250003 0.1411834890625 0.21619894843749998 0.1340733796875 0.20865652968749998
4 0.446360896875 0.889413175 0.4363304421875 0.8716455875 0.42129169843750003 0.8662604515625001 0.3722192359375 0.855001659375 0.352421921875 0.87184880625 0.3497836671875 0.8867453953125001 0.35302079062499997 0.902467715625 0.358045265625 0.8977212265625001 0.37057986718749997 0.9092975890625 0.3916280984375 0.9068030921875 0.41132367500000006 0.91393323125 0.42551151875000004 0.91374615 0.4412023125 0.902865028125 0.445993253125 0.895904665625 0.446360896875 0.889413175
4 0.6452982406250001 0.779965653125 0.6479873640625 0.7530804203125 0.6466855781249999 0.7507164125 0.6505261906250001 0.7272645921875001 0.648607040625 0.7215422390625 0.6369233421875 0.7155380984375 0.626106728125 0.7227421328125 0.61999550625 0.754599053125 0.6210799421875 0.762385146875 0.6186752234374999 0.7794956109375 0.6164046140624999 0.7879007078125 0.6065891953125 0.7996075609375 0.6053868359375 0.8081627921875001 0.6101430953125 0.8208270328125 0.616719078125 0.8282943859375 0.639839065625 0.7955563125 0.6452982406250001 0.779965653125
4 0.4535681125 0.6908597265624999 0.45563986874999995 0.66061615 0.45380395937499995 0.6581770765625 0.43609458749999996 0.6524166078125 0.424993571875 0.6693954125 0.4219206171875 0.6951361734375 0.44351915937499997 0.700352703125 0.4535681125 0.6908597265624999
3 0.6531228125 0.3328589171875 0.6593820203125 0.3348291171875 0.6667603453125001 0.32496080781250003 0.66636033125 0.31618037656250003 0.6596178671875 0.30214646875 0.6551113296875 0.2993320609375 0.6499365593750001 0.3051479546875 0.648216259375 0.32126407968750004 0.6531228125 0.3328589171875