4 0.7913382953125 0.6452988578125 0.799465721875 0.641057878125 0.8058743796875 0.6316228421875001 0.806435171875 0.61858175625 0.793870625 0.6130978625 0.7913672890625 0.6015140234375 0.777737778125 0.59616089375 0.759568015625 0.59785135 0.7490302640625 0.6088743953125 0.7514028390624999 0.619393271875 0.7755323515625 0.6310242984375 0.77977333125 0.6391517234374999 0.777036103125 0.64327138125 0.7838181703125 0.6456817046875 0.7913382953125 0.6452988578125
4 0.7234158734375 0.5763458171875 0.7414548765625 0.5735903953125 0.75277719375 0.56895713125 0.7565140031250001 0.5641742328125 0.751338821875 0.55724253125 0.7416422625 0.5487039484375 0.7202311031249999 0.541603734375 0.7127109765624999 0.54198658125 0.68919751875 0.5529813140625001 0.6821815625000001 0.5662744859375 0.6834891734374999 0.5769241218750001 0.6912054421875 0.578138721875 0.7071145171875 0.5756448234375 0.7234158734375 0.5763458171875
4 0.6007300343749999 0.5984363671875 0.6188344171875 0.596213428125 0.62922253125 0.592775890625 0.6346969859375 0.584536578125 0.64215173125 0.5836212515625 0.6458042875000001 0.5869563390625 0.648933796875 0.5860315734375 0.654146728125 0.5756623359375 0.627868415625 0.5729433015625001 0.5888759171875 0.5723258812500001 0.5707061546875 0.5740163390624999 0.5690803953125 0.5871881859375 0.5774504687500001 0.5937276046875 0.6007300343749999 0.5984363671875
4 0.6965693734375 0.49856571718750003 0.723128084375 0.49476420781249997 0.73345081875 0.4907941875 0.7372530109375 0.486543771875 0.7388787671875 0.4733719234375 0.73005103125 0.46310513281250004 0.692711921875 0.46714928906250003 0.6877140046875 0.47046550312499996 0.6792596765625001 0.472044075 0.6752424687499999 0.4833475171875 0.686396275 0.49495023125 0.6965693734375 0.49856571718750003
4 0.7748260109375 0.46679611875000004 0.7790204843749999 0.4657405921875 0.7862137078125 0.4626953359375 0.7908847203125 0.45671671406250003 0.8068780515625 0.4461048265625 0.81520161875 0.44346129218749997 0.8306719062499999 0.42858955156249995 0.8398642953125 0.424217809375 0.8321480265625001 0.423003209375 0.8251044390625 0.4184629578125 0.7970884796875 0.41920033749999996 0.7857661625000001 0.42383360000000003 0.7684085984375 0.4497472625 0.7689781484375 0.4631900703125 0.7748260109375 0.46679611875000004
4 0.44138049218750003 0.4980089078125 0.4466399296875 0.4968226203125 0.457896865625 0.491656875 0.4635674625 0.485015009375 0.4632129296875 0.4645191765625 0.4596257546875 0.46171656875 0.441586753125 0.4644719890625 0.4334593265625 0.46871296874999996 0.42600458124999996 0.469628296875 0.41220655781250004 0.48051114375 0.4145137515625 0.4904975375 0.4282086453125 0.49638315000000005 0.44138049218750003 0.4980089078125
4 0.4165230375 0.45403668750000004 0.42710729531249997 0.4521965953125 0.4575335765625 0.44467714999999997 0.461531909375 0.44202417812499994 0.46060782656250004 0.40808553906249995 0.4571514125 0.40634789531250004 0.4235113640625 0.42291009375 0.41884035 0.42888871718750005 0.4054534875 0.4343159859375 0.39591531875 0.4446757859375 0.3978956109375 0.4519997703125 0.4165230375 0.45403668750000004
4 0.4324685 0.49586010468749997 0.448573715625 0.494963653125 0.4623717375 0.48408080625 0.4597376421875 0.471432003125 0.45473972500000004 0.47474821875 0.4460892546875 0.47472934218749996 0.43250624843749996 0.478559165625 0.4258549453125 0.477213803125 0.41433648593749994 0.4802496203125 0.42229540156249995 0.49224462031250005 0.4324685 0.49586010468749997
4 0.5614147234375 0.41030176718750005 0.5675429828125 0.40738727187499996 0.5854700984375001 0.39491641718750004 0.586815459375 0.3882651125 0.5809022171875 0.3841265828125 0.57418553125 0.3822487390625 0.56140596875 0.383817871875 0.5522978328125 0.38007162656250004 0.5258045015625 0.3844056171875 0.519937765625 0.38945003749999996 0.5194612249999999 0.3943731359375 0.52415986875 0.4062279359375 0.5288773875 0.40943226250000003 0.5475048140625 0.41146917812500006 0.5614147234375 0.41030176718750005
4 0.6925838859375 0.342847809375 0.7128181953125 0.3403633484375 0.709707559375 0.33263764375 0.6977314375 0.3319460890625 0.691603178125 0.33486058124999996 0.6925838859375 0.342847809375
4 0.7329129890625 0.31033003125 0.7543430250000001 0.3087797734375 0.7579490734375 0.302931909375 0.7518396875 0.297195934375 0.7364071531249999 0.294766734375 0.7302135125 0.2971487453125 0.7267382234374999 0.304061571875 0.7329129890625 0.31033003125
4 0.7161452109375 0.279417771875 0.7244687796875 0.2767742390625 0.7294013140625 0.2729255421875 0.7298124734375 0.26746996093750003 0.7185279046875 0.254802284375 0.715136871875 0.253597121875 0.7024226890625 0.2556987359375 0.6934264390625 0.2616679234375 0.69360370625 0.2719158390625 0.7161452109375 0.279417771875
4 0.5913119328125 0.2488020578125 0.60735176875 0.24737312500000003 0.625801928125 0.239162125 0.6244943171874999 0.22851248750000003 0.6185156921875 0.2238414734375 0.5804762734375 0.21337786093750002 0.56197960625 0.21240590781250002 0.5483966 0.21623572812499997 0.54437939375 0.227539171875 0.5541413328125 0.23661023750000001 0.5913119328125 0.2488020578125
4 0.55210714375 0.13200114999999998 0.578861996875 0.12979708437499998 0.5950514703125 0.12078264375 0.5938746203124999 0.111197971875 0.568287859375 0.096502815625 0.5226818078125001 0.07723909375 0.521401828125 0.0844228796875 0.5093225734375 0.100499784375 0.509546346875 0.119930653125 0.5265668906250001 0.1264889453125 0.53741266875 0.1267787796875 0.55210714375 0.13200114999999998
4 0.1940285203125 0.5348660265625 0.22058723281249998 0.531064515625 0.2349082984375 0.5244415234375001 0.2476602328125 0.50503896875 0.245502675 0.4874670671875 0.23752488437500002 0.48412254062500004 0.22907055625 0.4857011125 0.2137499046875 0.492987346875 0.20190454375 0.49336075468749996 0.19903655468749998 0.49641544687500005 0.18699505156250001 0.4951914109375 0.18664927343749999 0.501179471875 0.1700675203125 0.506999021875 0.1612674125 0.514565653125 0.1600339375 0.5309323921875 0.16481683593750002 0.5346692015625 0.18305198125 0.533511228125 0.1940285203125 0.5348660265625
4 0.34393893750000004 0.8137396015625 0.3704976484375 0.8099380921874999 0.3762336234375 0.80382870625 0.375897965625 0.7746824046875 0.370050103125 0.7710763546875 0.364659903125 0.771197678125 0.34095030625 0.780594965625 0.3381476984375 0.784182140625 0.33902527656250003 0.8089378265624999 0.34393893750000004 0.8137396015625