4 0.31396484375 0.21875 0.32177734375 0.2216796875 0.3349609375 0.2421875 0.3447265625 0.2431640625 0.353515625 0.232421875 0.35302734375 0.2158203125 0.3466796875 0.2041015625 0.3359375 0.203125 0.32958984375 0.1923828125 0.31787109375 0.1943359375 0.31005859375 0.201171875 0.30712890625 0.208984375 0.3076171875 0.2158203125 0.310546875 0.2216796875 0.31396484375 0.21875
4 0.380859375 0.298828125 0.390625 0.298828125 0.40185546875 0.291015625 0.4091796875 0.2685546875 0.40869140625 0.26171875 0.39990234375 0.2431640625 0.39111328125 0.2353515625 0.38427734375 0.2314453125 0.38037109375 0.2353515625 0.37744140625 0.24609375 0.376953125 0.2626953125 0.37939453125 0.27734375 0.37890625 0.2919921875 0.380859375 0.298828125
4 0.39599609375 0.400390625 0.3955078125 0.3837890625 0.390625 0.3486328125 0.38525390625 0.3251953125 0.37646484375 0.3310546875 0.3759765625 0.333984375 0.37939453125 0.3369140625 0.37939453125 0.34375 0.37255859375 0.349609375 0.37060546875 0.359375 0.37060546875 0.3759765625 0.37744140625 0.396484375 0.38427734375 0.4033203125 0.39599609375 0.400390625
4 0.47607421875 0.291015625 0.4765625 0.283203125 0.47900390625 0.2783203125 0.478515625 0.244140625 0.46826171875 0.2373046875 0.45654296875 0.240234375 0.453125 0.244140625 0.45068359375 0.25390625 0.4501953125 0.2783203125 0.45458984375 0.287109375 0.46630859375 0.2958984375 0.47607421875 0.291015625
4 0.5078125 0.189453125 0.5107421875 0.1787109375 0.50830078125 0.1533203125 0.50341796875 0.1474609375 0.50146484375 0.140625 0.49853515625 0.1494140625 0.48681640625 0.1650390625 0.4853515625 0.1728515625 0.4775390625 0.1884765625 0.47265625 0.193359375 0.470703125 0.2001953125 0.47021484375 0.2041015625 0.47412109375 0.208984375 0.486328125 0.2080078125 0.5078125 0.189453125
4 0.498046875 0.533203125 0.50634765625 0.51953125 0.50634765625 0.5126953125 0.50927734375 0.5048828125 0.509765625 0.48828125 0.5068359375 0.4853515625 0.48828125 0.4873046875 0.48291015625 0.4931640625 0.4794921875 0.50390625 0.47900390625 0.5087890625 0.48193359375 0.5205078125 0.48876953125 0.5322265625 0.498046875 0.533203125
4 0.54052734375 0.5341796875 0.5439453125 0.521484375 0.548828125 0.5166015625 0.56005859375 0.484375 0.55810546875 0.4814453125 0.52734375 0.484375 0.525390625 0.48828125 0.52197265625 0.5166015625 0.521484375 0.5263671875 0.525390625 0.54296875 0.5322265625 0.5439453125 0.54052734375 0.5341796875
4 0.49951171875 0.5205078125 0.49755859375 0.5146484375 0.49951171875 0.501953125 0.49853515625 0.494140625 0.5009765625 0.4892578125 0.4892578125 0.48828125 0.48095703125 0.501953125 0.48193359375 0.5166015625 0.486328125 0.525390625 0.498046875 0.53125 0.49951171875 0.5205078125
4 0.552734375 0.423828125 0.56396484375 0.4267578125 0.568359375 0.42578125 0.572265625 0.419921875 0.5732421875 0.3955078125 0.56884765625 0.3876953125 0.56884765625 0.3759765625 0.56640625 0.3701171875 0.56201171875 0.365234375 0.55615234375 0.3671875 0.546875 0.384765625 0.544921875 0.390625 0.54541015625 0.4033203125 0.54931640625 0.419921875 0.552734375 0.423828125
4 0.5986328125 0.248046875 0.59130859375 0.24609375 0.59130859375 0.2646484375 0.5986328125 0.2646484375 0.6005859375 0.2587890625 0.5986328125 0.248046875
4 0.6298828125 0.2197265625 0.6259765625 0.2060546875 0.6201171875 0.201171875 0.615234375 0.205078125 0.6162109375 0.224609375 0.62255859375 0.2294921875 0.62841796875 0.2255859375 0.6298828125 0.2197265625
4 0.6689453125 0.24609375 0.66943359375 0.234375 0.66796875 0.2314453125 0.6552734375 0.22265625 0.650390625 0.2236328125 0.6474609375 0.228515625 0.64599609375 0.236328125 0.6552734375 0.255859375 0.66455078125 0.2548828125 0.6689453125 0.24609375
4 0.7216796875 0.380859375 0.7236328125 0.3681640625 0.720703125 0.3515625 0.70703125 0.318359375 0.7021484375 0.3134765625 0.6923828125 0.3134765625 0.68701171875 0.3310546875 0.6875 0.345703125 0.70263671875 0.3779296875 0.7119140625 0.3857421875 0.7216796875 0.380859375
4 0.81298828125 0.4052734375 0.83056640625 0.4033203125 0.84375 0.390625 0.85009765625 0.388671875 0.82763671875 0.349609375 0.8115234375 0.328125 0.802734375 0.328125 0.79638671875 0.34375 0.79736328125 0.3681640625 0.8037109375 0.380859375 0.80517578125 0.390625 0.81298828125 0.4052734375
4 0.48046875 0.7666015625 0.4951171875 0.763671875 0.5009765625 0.7548828125 0.50439453125 0.7392578125 0.509765625 0.73828125 0.50732421875 0.7275390625 0.509765625 0.724609375 0.5087890625 0.7138671875 0.513671875 0.69921875 0.51416015625 0.69140625 0.51025390625 0.6845703125 0.494140625 0.6845703125 0.47802734375 0.6982421875 0.4736328125 0.7119140625 0.47314453125 0.736328125 0.4755859375 0.74609375 0.4765625 0.7626953125 0.48046875 0.7666015625
4 0.23486328125 0.630859375 0.24072265625 0.6083984375 0.240234375 0.603515625 0.236328125 0.5986328125 0.2099609375 0.6015625 0.205078125 0.607421875 0.20458984375 0.6318359375 0.20947265625 0.6357421875 0.23193359375 0.6337890625 0.23486328125 0.630859375