4 0.20468232187500002 0.7087856593749999 0.2052290625 0.7199632328125001 0.1950979859375 0.7280373953125 0.19879871875 0.7397948296875 0.2069570671875 0.746833275 0.215414715625 0.7487140140624999 0.22237451406250003 0.7472243140625 0.22797746718749998 0.7433674859375 0.224470959375 0.7402793437499999 0.2263558953125 0.7318294078124999 0.245543215625 0.715320575 0.24513748125 0.7051463140625 0.232820809375 0.69766915625 0.2158177265625 0.7005703484375 0.20468232187500002 0.7087856593749999
4 0.2304050578125 0.6586182296875001 0.2273747875 0.6662060046875 0.2319561265625 0.6696546515625 0.243426759375 0.6711119453125 0.26057085 0.6692140640625001 0.2752832640625 0.6645885484375 0.2904186984375 0.6629729671875 0.2971669859375 0.6599783 0.295756925 0.6499451890625 0.286100725 0.6395363046875 0.26194362031249996 0.6352579031250001 0.254983821875 0.6367476015625 0.2371706328125 0.6484592375 0.2304050578125 0.6586182296875001
4 0.3365473140625 0.6559784484375 0.343577615625 0.654990403125 0.3505906296875 0.6611666859375 0.3609159296875 0.661761815625 0.37798951718749996 0.6593622796874999 0.398093375 0.6493749703125 0.4041366328125 0.641363746875 0.399431571875 0.6297474625 0.3824284890625 0.632648653125 0.3469776875 0.6427465796875 0.32364933281249997 0.6516523703125 0.3309443609375 0.6598352765625 0.33402785 0.6599134859375 0.3365473140625 0.6559784484375
4 0.2304901234375 0.59363763125 0.240885925 0.5947344171875 0.266064646875 0.59170734375 0.2744690765625 0.5859221015625 0.2818159609375 0.572612025 0.2753842546875 0.563284659375 0.267279121875 0.5639121968749999 0.2619049640625 0.562109665625 0.2268239625 0.5675515421874999 0.2212742265625 0.5790743546875 0.22597928750000001 0.590690640625 0.2304901234375 0.59363763125
4 0.1442747890625 0.5704564828125 0.1525209265625 0.57083225625 0.169718234375 0.5766003578125 0.17544490937499999 0.5809111687499999 0.18275722187500001 0.5819297453125001 0.18684504062500001 0.5818668046875 0.191302659375 0.5771478140624999 0.18853575312499998 0.5647475734375 0.1663513734375 0.5453565640625 0.1548807375 0.543899271875 0.1291207078125 0.5500774296875 0.1237997671875 0.5559408796875001 0.1170514796875 0.5589355453125 0.12651345625 0.5606751375 0.1442747890625 0.5704564828125
4 0.475491740625 0.5223722828125 0.48229324531250006 0.5270436000000001 0.49383438437500005 0.5290025484374999 0.49892652968749995 0.52879845625 0.51055545625 0.524094734375 0.5216203562499999 0.515377765625 0.521285125 0.5057051593749999 0.506025971875 0.4991531046875 0.49899567187500005 0.5001411484375 0.4905380234375 0.498260409375 0.47339393281250003 0.5001582890625 0.47080396562500004 0.5035916703125001 0.475491740625 0.5223722828125
4 0.471137834375 0.4841053125 0.5007568874999999 0.483523575 0.5108706765625 0.48261373750000003 0.527380240625 0.47620095781250005 0.527397525 0.46903663125 0.5161556859374999 0.46191997812499996 0.5026058921875001 0.46024332812499996 0.4968792171875 0.45593251874999996 0.4621148 0.4490523640625 0.4593838265625 0.451482434375 0.46683850624999995 0.4826632875 0.471137834375 0.4841053125
4 0.491614215625 0.5277798796875001 0.506538140625 0.52465933125 0.514942571875 0.5188740875 0.51927646875 0.5059874578125 0.5080173453125 0.5060351328125 0.502273384375 0.50888865 0.48893509843749994 0.50871696875 0.48104147656249996 0.5108494734375 0.4756673171875 0.5090469421875 0.4763550625 0.5212278234375 0.491614215625 0.5277798796875001
4 0.3493652625 0.455690125 0.3436918046875 0.4590452984375 0.3393046890625 0.46426594374999997 0.34215938437500004 0.47000351093750004 0.361576859375 0.47699428125 0.36788484375 0.47815400781250006 0.3808706125 0.4758174140625 0.3973801765625 0.4694046328125 0.40090396874999995 0.4653284484375 0.4022953828125 0.4533669234375 0.40065652656250006 0.4489931703125 0.39406653125 0.445826821875 0.36881730625000003 0.44835224062499995 0.3614172046875 0.45399633437500003 0.3493652625 0.455690125
4 0.21254640625 0.4513868109375 0.23162865156249998 0.44870497656249997 0.23057110625 0.4411801421875 0.2242631203125 0.440020415625 0.21349751718749999 0.44357967968749995 0.21254640625 0.4513868109375
4 0.1860972703125 0.416225121875 0.1798597875 0.4155670515625 0.1663632109375 0.421556384375 0.1621876046875 0.4282819953125 0.16690995 0.4327339546875 0.18685551875 0.4289076609375 0.19096062187500001 0.421680390625 0.1860972703125 0.416225121875
4 0.1946067734375 0.39661287968750003 0.2133537890625 0.384258440625 0.2110099 0.374868134375 0.20133641406249997 0.371623578125 0.18921396875000002 0.3728157109375 0.186412490625 0.3747441265625 0.1792066140625 0.3890575125 0.180915971875 0.3939329203125 0.186360634375 0.3962371078125 0.1946067734375 0.39661287968750003
4 0.2861043953125 0.3407823421875 0.30109882187500003 0.3381634484375 0.33205607187499997 0.317954203125 0.3387511421875 0.307293553125 0.3323194375 0.297966190625 0.318981153125 0.29779450625 0.30233058281249997 0.3032039765625 0.2701574953125 0.32204940312499997 0.26584088437500003 0.3277717046875 0.2672509453125 0.3378048171875 0.2861043953125 0.3407823421875
4 0.26638217656249996 0.2223134234375 0.2833679765625 0.2265765578125 0.3083351859375 0.22204451718749998 0.32047491875 0.21368805468750002 0.3303066953125 0.210771596875 0.3442435765625 0.2006278703125 0.3396968078125 0.18285056875 0.3247369515625 0.171140809375 0.3218117546875 0.164901584375 0.28488175 0.1936237078125 0.2651131203125 0.21328362343750001 0.26638217656249996 0.2223134234375
4 0.716441471875 0.4660001859375 0.7055348609375 0.4685561390625 0.6897649015625 0.46565682031250005 0.68165976875 0.4662843578125 0.6751934937499999 0.4712856484375 0.6775200953125 0.48784028125 0.6939072984375 0.502418825 0.7086024265625 0.5049576359375 0.733781146875 0.5019305625 0.74347191875 0.49801079374999996 0.7604044984375 0.49460794531249996 0.7638577890625 0.49003010468749997 0.7587297109375 0.47540388437500003 0.748844715625 0.4706543609375 0.732281934375 0.469401159375 0.7305020718749999 0.46402409687499996 0.719806971875 0.468085015625 0.716441471875 0.4660001859375
4 0.6650946796875 0.7929440828125001 0.6684069640625 0.7873629296875 0.6631551625000001 0.764569071875 0.659719159375 0.7619825875 0.6357735609375 0.7592091515625 0.630822421875 0.760416553125 0.626364803125 0.76513554375 0.63318495625 0.7918014953125 0.639915959375 0.79597115625 0.6650946796875 0.7929440828125001