4 0.32236198125 0.1917217765625 0.30123053906249997 0.1958674125 0.3019887984375 0.198697271875 0.296523178125 0.204711334375 0.300684528125 0.21269541093750002 0.2956566890625 0.216570146875 0.30578916562499997 0.22042673437500002 0.31371459062499996 0.219819640625 0.33678218437499996 0.204034084375 0.3370258640625 0.1973972140625 0.32236198125 0.1917217765625
4 0.3541356171875 0.1442840984375 0.3494191828125 0.1455478640625 0.328053134375 0.163910528125 0.3225288625 0.17347884687499998 0.334800665625 0.17777321562499998 0.34580870468749997 0.1773511515625 0.35649626562500003 0.17195989843749998 0.3637039359375 0.1498083703125 0.3557785109375 0.1504154640625 0.35193763906250003 0.14740057499999998 0.3541356171875 0.1442840984375
4 0.3175373171875 0.2076742140625 0.3035143890625 0.2119371515625 0.30049950000000003 0.215778025 0.3074229859375 0.2189779421875 0.32489858437499997 0.2087348046875 0.3175373171875 0.2076742140625
4 0.1794353859375 0.503497559375 0.1620770921875 0.5066321828125 0.1563000671875 0.5152572156249999 0.1620952375 0.5217924984375 0.17052616874999998 0.5230719796875001 0.1917162625 0.5153720875000001 0.194352021875 0.510116284375 0.1794353859375 0.503497559375
4 0.1621406046875 0.5596932890625 0.1542829046875 0.5643262828125 0.1605340046875 0.5838825562500001 0.167895271875 0.5849431453125 0.1790883390625 0.5814384671874999 0.1839898015625 0.5770920875 0.17704816875 0.5587318546875 0.1723903859375 0.5564413625 0.1612559703125 0.5563917843749999 0.1621406046875 0.5596932890625
4 0.2747352390625 0.6063605515625 0.27014517968749996 0.6080959609375001 0.276436784375 0.608937659375 0.2758230484375 0.621739759375 0.281812321875 0.6327725859375 0.3133199203125 0.6258466687500001 0.321489025 0.6186027046875 0.3206043890625 0.6153012 0.326137734375 0.6133130390625 0.3243098125 0.6102642875 0.304238959375 0.6070486546875 0.2747352390625 0.6063605515625
4 0.6533947890625 0.47254665156250003 0.6497480171875 0.47402930625 0.6066277171875 0.5017595453125 0.6187417140625 0.531877003125 0.63503941875 0.536103646875 0.6605668171875 0.525725059375 0.66942645625 0.51728505625 0.680348621875 0.49767677343749994 0.6695661171875 0.4763016515625 0.6533947890625 0.47254665156250003
4 0.582642103125 0.2235866234375 0.5540907421875 0.23022592656250002 0.5432858781250001 0.24272569375000003 0.54978065625 0.2556450953125 0.5544384390625 0.2579355875 0.56953103125 0.253891540625 0.5840503906250001 0.24393501718750002 0.61240765 0.232798171875 0.6135946171875 0.225908546875 0.60572784375 0.22296138281250003 0.582642103125 0.2235866234375
4 0.6364797890625 0.635807878125 0.60818118125 0.64339046875 0.5959275234375 0.6542564140625 0.596121625 0.658753959375 0.6009057859375 0.6615160953125 0.6099008734375 0.6611278921875 0.6365656609375 0.6549940953125 0.64605718125 0.6489123078125 0.6464272375 0.64274708125 0.6364797890625 0.635807878125
4 0.7158513421875 0.62262843125 0.697928890625 0.6274307375 0.6871917515625 0.6439564046874999 0.6889023703125 0.654113671875 0.6945034406249999 0.6561514109375 0.719155278125 0.6500514765625 0.73014516875 0.6344690953125001 0.7293191859375 0.627613334375 0.7158513421875 0.62262843125
4 0.5841032265625 0.7610534453125 0.5655488921875 0.763497534375 0.558138046875 0.773571359375 0.5625612234374999 0.79007888125 0.578791203125 0.7902796249999999 0.5947007046875 0.7855111796875 0.60751851875 0.77297755 0.6053114671875 0.76851386875 0.5968128109374999 0.7632084875 0.5841032265625 0.7610534453125
4 0.5797429125 0.6919564609375 0.5619468359375 0.6972304109375 0.55566430625 0.70396886875 0.5601461343749999 0.7169221343750001 0.5778249062499999 0.7187566984375 0.59159508125 0.7135504734375 0.6023322203125 0.6970248046874999 0.5998724156249999 0.6916178359375 0.5797429125 0.6919564609375
4 0.48009733125 0.689842575 0.46525749375 0.694829909375 0.45552229375 0.7075485671874999 0.4568537828125 0.716290903125 0.4720818234375 0.72029865625 0.49585809843749995 0.7184773765625 0.495654925 0.7063996734375 0.48947155000000003 0.6908693015625 0.48009733125 0.689842575
4 0.33357645156250004 0.73163025625 0.3182311078125 0.7347310171875 0.3246672359375 0.751204675 0.3441739296875 0.756087990625 0.35159384843749997 0.7535943234375 0.363342 0.740841803125 0.363964809375 0.7356198625 0.3602503125 0.7330766171875001 0.33357645156250004 0.73163025625