4 0.42065217343750005 0.063517915625 0.39673912968749997 0.061889251562500004 0.39673912968749997 0.0651465796875 0.389130434375 0.0700325734375 0.3913043484375 0.0798045609375 0.38478260937500003 0.0825190015625 0.3945652171875 0.089576546875 0.40326087031249996 0.0912052125 0.4326086953125 0.0808903359375 0.434782609375 0.073832790625 0.42065217343750005 0.063517915625
4 0.46847826093749995 0.0217155265625 0.463043478125 0.0217155265625 0.434782609375 0.035287731249999996 0.42608695625 0.043973940625 0.438043478125 0.0521172640625 0.45 0.0548317046875 0.463043478125 0.0521172640625 0.47717391249999996 0.030401737499999998 0.46847826093749995 0.0287730734375 0.465217390625 0.024429967187500002 0.46847826093749995 0.0217155265625
4 0.410869565625 0.079261671875 0.3945652171875 0.0798045609375 0.390217390625 0.0830618890625 0.39673912968749997 0.0884907703125 0.41847826093749996 0.0825190015625 0.410869565625 0.079261671875
4 0.1771739125 0.3572204125 0.1576086953125 0.3555917484375 0.14891304375 0.3631921828125 0.1532608703125 0.37187839375 0.161956521875 0.3756786109375 0.186956521875 0.37350705781250004 0.1913043484375 0.3686210640625 0.1771739125 0.3572204125
4 0.1423913046875 0.41259500468750004 0.1326086953125 0.415309446875 0.13369565156250002 0.4381107484375 0.1413043484375 0.441368078125 0.15434782656249998 0.44082519062500003 0.16086956562500002 0.4375678609375 0.1586956515625 0.41585233437499997 0.15434782656249998 0.41205211718749996 0.1423913046875 0.40879478750000003 0.1423913046875 0.41259500468750004
4 0.25 0.49511400625 0.2445652171875 0.4956568953125 0.25108695625 0.4983713359375 0.24673912968749998 0.5119435390625 0.25 0.52551574375 0.285869565625 0.5271444078124999 0.2967391296875 0.5217155265625 0.2967391296875 0.517915309375 0.30326087031250004 0.517372421875 0.3021739125 0.5135722046875 0.2815217390625 0.5043431046875 0.25 0.49511400625
4 0.6956521734375001 0.46036916406249995 0.6913043484375 0.46091205156250004 0.636956521875 0.47828447343749997 0.6413043484375 0.5141150921875 0.6576086953125 0.523344190625 0.688043478125 0.5195439734375 0.7 0.513029315625 0.7173913046875 0.49511400625 0.711956521875 0.46905537500000005 0.6956521734375001 0.46036916406249995
4 0.6913043484375 0.1726384359375 0.6586956515625 0.171552659375 0.6434782609374999 0.1818675359375 0.6467391296875 0.1976112921875 0.65108695625 0.20141150937500002 0.6684782609375 0.20141150937500002 0.686956521875 0.1948968515625 0.7206521734375 0.191096634375 0.72391304375 0.1840390875 0.7163043484375 0.17861020625 0.6913043484375 0.1726384359375
4 0.6304347828125 0.6308360484375 0.5978260875 0.6308360484375 0.5815217390625 0.6389793703125 0.5804347828124999 0.6438653640625 0.584782609375 0.64820846875 0.5945652171875 0.650380021875 0.625 0.6514657984375 0.636956521875 0.64766558125 0.639130434375 0.6411509234375 0.6304347828125 0.6308360484375
4 0.7195652171875 0.6395222578124999 0.69891304375 0.6395222578124999 0.6826086953125 0.6541802390625 0.6815217390625 0.665580890625 0.686956521875 0.6693811078125 0.715217390625 0.6699239953125 0.7315217390625001 0.6563517921875001 0.7326086953125001 0.6487513578125 0.7195652171875 0.6395222578124999
4 0.538043478125 0.75027144375 0.5173913046874999 0.7475570031250001 0.5065217390625001 0.7562432140625 0.5065217390625001 0.7752443 0.52391304375 0.78013029375 0.5423913046875 0.7795874046875 0.559782609375 0.76981541875 0.5586956515625 0.7643865359375 0.55108695625 0.7562432140625 0.538043478125 0.75027144375
4 0.5532608703124999 0.6748099890625 0.5326086953125 0.6753528765625 0.52391304375 0.6807817593750001 0.525 0.695982628125 0.5434782609375 0.7030401734375 0.559782609375 0.701411509375 0.57608695625 0.686753528125 0.575 0.6802388703125 0.5532608703124999 0.6748099890625
4 0.4467391296875 0.6438653640625 0.4293478265625 0.644951140625 0.41521739062499996 0.655808903125 0.41413043437499997 0.665580890625 0.4293478265625 0.6742671015624999 0.45543478281249994 0.67915309375 0.45869565156250003 0.666123778125 0.45652173906250004 0.64766558125 0.4467391296875 0.6438653640625
4 0.2771739125 0.6465798046875 0.25978260937500003 0.645494028125 0.261956521875 0.6650380015625 0.2815217390625 0.675895765625 0.29021739062499996 0.6753528765625 0.3065217390625 0.6650380015625 0.3086956515625 0.6596091203125 0.3054347828125 0.655808903125 0.2771739125 0.6465798046875