4 0.18115234375 0.392578125 0.1796875 0.384765625 0.17333984375 0.3759765625 0.1708984375 0.3818359375 0.162109375 0.3798828125 0.15771484375 0.38671875 0.15478515625 0.38671875 0.15625 0.408203125 0.16552734375 0.4208984375 0.171875 0.4189453125 0.18115234375 0.392578125
4 0.12646484375 0.458984375 0.14599609375 0.4462890625 0.1484375 0.4345703125 0.14599609375 0.423828125 0.138671875 0.4130859375 0.130859375 0.4208984375 0.11865234375 0.4462890625 0.11865234375 0.451171875 0.12109375 0.4482421875 0.125 0.451171875 0.12646484375 0.458984375
4 0.173828125 0.380859375 0.1708984375 0.384765625 0.17041015625 0.3994140625 0.17333984375 0.40625 0.1787109375 0.38671875 0.173828125 0.380859375
4 0.43701171875 0.17578125 0.43359375 0.16796875 0.42578125 0.1640625 0.4189453125 0.171875 0.42041015625 0.189453125 0.4306640625 0.2021484375 0.43505859375 0.1982421875 0.43701171875 0.17578125
4 0.47314453125 0.1728515625 0.49267578125 0.1748046875 0.49560546875 0.1689453125 0.49609375 0.1572265625 0.4931640625 0.150390625 0.47265625 0.1494140625 0.47021484375 0.158203125 0.466796875 0.158203125 0.4697265625 0.1689453125 0.47314453125 0.1728515625
4 0.564453125 0.302734375 0.56494140625 0.296875 0.568359375 0.296875 0.5732421875 0.287109375 0.57177734375 0.2548828125 0.5595703125 0.251953125 0.54736328125 0.255859375 0.544921875 0.25 0.54443359375 0.2548828125 0.552734375 0.283203125 0.56103515625 0.3017578125 0.564453125 0.302734375
4 0.560546875 0.6591796875 0.56640625 0.6484375 0.56982421875 0.62109375 0.5615234375 0.6064453125 0.529296875 0.6025390625 0.513671875 0.6513671875 0.51318359375 0.6552734375 0.52099609375 0.669921875 0.54443359375 0.6748046875 0.560546875 0.6591796875
4 0.27099609375 0.677734375 0.2744140625 0.6474609375 0.2802734375 0.630859375 0.2802734375 0.615234375 0.27685546875 0.611328125 0.2626953125 0.6083984375 0.25341796875 0.6220703125 0.25439453125 0.6513671875 0.259765625 0.673828125 0.2646484375 0.6806640625 0.27099609375 0.677734375
4 0.68505859375 0.591796875 0.68408203125 0.564453125 0.68212890625 0.5556640625 0.67822265625 0.5517578125 0.673828125 0.552734375 0.66650390625 0.5673828125 0.66650390625 0.5966796875 0.67578125 0.6044921875 0.681640625 0.6025390625 0.68505859375 0.591796875
4 0.70166015625 0.6728515625 0.701171875 0.6474609375 0.69775390625 0.642578125 0.6875 0.6435546875 0.67431640625 0.658203125 0.67431640625 0.6767578125 0.6826171875 0.6884765625 0.689453125 0.6875 0.70166015625 0.6728515625
4 0.79150390625 0.533203125 0.80029296875 0.517578125 0.80078125 0.5009765625 0.79638671875 0.4853515625 0.779296875 0.4853515625 0.771484375 0.4951171875 0.77392578125 0.513671875 0.779296875 0.525390625 0.78662109375 0.5322265625 0.79150390625 0.533203125
4 0.72998046875 0.533203125 0.7314453125 0.5185546875 0.72509765625 0.501953125 0.71142578125 0.5009765625 0.70654296875 0.5087890625 0.7060546875 0.52734375 0.7109375 0.546875 0.716796875 0.5478515625 0.72998046875 0.533203125
4 0.7099609375 0.439453125 0.70556640625 0.416015625 0.69775390625 0.40234375 0.68896484375 0.4033203125 0.67919921875 0.416015625 0.67822265625 0.431640625 0.681640625 0.4404296875 0.6982421875 0.4423828125 0.7099609375 0.439453125
4 0.697265625 0.3056640625 0.70654296875 0.291015625 0.70703125 0.283203125 0.697265625 0.265625 0.6796875 0.263671875 0.6806640625 0.279296875 0.68896484375 0.3046875 0.6923828125 0.3076171875 0.697265625 0.3056640625