4 0.40393373125 0.65465310625 0.41791117343749995 0.6618808609375 0.4277892 0.6531729546875 0.4302954984375 0.61930913125 0.42416895 0.6064314937499999 0.41319714375 0.6105958671875 0.40427053125 0.6205229 0.40187047812500004 0.6400697609375 0.40393373125 0.65465310625
4 0.2304215921875 0.458081465625 0.2302972859375 0.463577746875 0.22542494062500001 0.46738873124999997 0.2235582328125 0.48259184375 0.23023618906249999 0.49994642031250003 0.2334994671875 0.5047563328125 0.23892321718749998 0.5054222859374999 0.24311984999999997 0.5026306421875 0.253113153125 0.48401611562499997 0.2591674640625 0.46161101562500007 0.25467706875 0.45334350625 0.23949056875000002 0.4514788390625 0.2304215921875 0.458081465625
4 0.2633911875 0.4720504 0.2673482375 0.48466165625 0.280498571875 0.48517400468750005 0.2873980515625 0.47830499531250004 0.290767578125 0.468797946875 0.29115855625 0.4611297953125 0.287619575 0.4540814125 0.2785325375 0.45186335624999996 0.2676940671875 0.45494179375000005 0.2633911875 0.4720504
4 0.3897783859375 0.36190564531249997 0.3764947140625 0.36247923125 0.3669014203125 0.3778359484375 0.36218950156249996 0.39379202343749997 0.3616651859375 0.4025461109375 0.35665950625 0.40744303281249994 0.361176990625 0.42894156875 0.3648583390625 0.43931435625 0.38545052812499997 0.43302429374999996 0.3897353484375 0.40709500312499997 0.395932025 0.3880143078125 0.3957535390625 0.36704853437499996 0.3897783859375 0.36190564531249997
4 0.45133342499999995 0.3672590375 0.45929959531250003 0.351702534375 0.4568453625 0.34478734218749996 0.4572363421875 0.337119190625 0.45028268281250006 0.317526146875 0.4472951078125 0.31495470000000003 0.437941396875 0.31490851875 0.42646333593749997 0.3366476640625 0.42472093437499997 0.3463545 0.42758420625 0.354422225 0.42406328281250005 0.356194525 0.4229965921875 0.3648820203125 0.42665988125 0.36643412343750004 0.427896028125 0.37430206093749996 0.432928796875 0.382636165625 0.442691546875 0.38383488125 0.4525605421875 0.3707166328125 0.45133342499999995 0.3672590375
4 0.304971346875 0.3217303234375 0.3049623171875 0.3173199828125 0.3087408828125 0.308965465625 0.30858948750000004 0.3012307171875 0.2997600921875 0.2924304453125 0.295430121875 0.296308025 0.28986400625000003 0.29231766718749996 0.2867521234375 0.2952425015625 0.2810526703125 0.29233807968750003 0.2772650765625 0.2962822546875 0.26736899062499997 0.296169478125 0.2502185671875 0.328235228125 0.2484942265625 0.3467627484375 0.26031119999999996 0.358134465625 0.264241159375 0.3575146953125 0.272501090625 0.3530173453125 0.27506156875 0.3456155734375 0.27967627031250003 0.34838680625 0.28508195937499997 0.3402320734375 0.29578709375 0.3382395734375 0.2963114078125 0.329485484375 0.304971346875 0.3217303234375
4 0.7655692890625 0.5700862921875001 0.7603851234375 0.5540174390625 0.7483105078125 0.5492279390625 0.734217790625 0.551906803125 0.7247668625 0.5705879265625 0.7214244265625 0.5933260015624999 0.72026051875 0.6207408015625 0.7244932734375 0.635590525 0.7354921671875 0.644657178125 0.7413159265625 0.6420653203125 0.7521273046875 0.6257558578125 0.7686020171875 0.5947094484375001 0.7738563109375 0.5788199703125 0.7734382421875 0.57325709375 0.7655692890625 0.5700862921875001
4 0.758773946875 0.4953972703125 0.7594586875 0.4987882703125 0.757564890625 0.5007603578125 0.7616372171875 0.50346499375 0.7864350671875 0.49879362812499994 0.7910317109375 0.492744175 0.7916983921875 0.4873144921875 0.7871447875 0.44817458749999994 0.7679109390625001 0.3895952421875 0.7587968125 0.374146159375 0.7588058421875 0.3785565015625 0.7496125578124999 0.390655409375 0.75549049375 0.414525603125 0.754477984375 0.44967515 0.7587197671875 0.4689352171875 0.75616831875 0.4807473296875 0.753189771875 0.482586228125 0.7554926078124999 0.481766671875 0.7547016203125 0.492692634375 0.758773946875 0.4953972703125
4 0.7273842140625 0.39233534375 0.7268147500000001 0.37903772343750003 0.72910855625 0.373807825 0.7176825625000001 0.35476795625 0.7022203609375001 0.3506648203125 0.6978723312499999 0.345721715625 0.6886609875 0.3489999390625 0.682846259375 0.3560021375 0.6833976640625 0.360479075 0.6785614390625 0.381931428125 0.6810337296875 0.3976673046875 0.6896054828125 0.41304979218750004 0.698150146875 0.41520125312499995 0.7015287015625 0.41010454531249996 0.7126428734375 0.4092645765625 0.7175061875 0.40104325156250004 0.7219875546875001 0.40490041874999994 0.7273842140625 0.39233534375
4 0.6784031265625 0.4370274078125 0.6740821859375 0.4453153296875 0.6750606890624999 0.4597654828125 0.6700640375 0.46907274687499995 0.667379253125 0.48197079531250003 0.6684730328125 0.48651432968749997 0.6813657265625 0.4936088953125 0.7010155296875 0.4905100453125 0.6982404453125 0.45930467343750003 0.6912777578125 0.4353012890625 0.6867963921875 0.4314441203125 0.6784031265625 0.4370274078125
4 0.849748459375 0.43601980156250003 0.84580946875 0.4322292296875 0.8370342515625 0.44989100937500004 0.8325980359375 0.468085553125 0.8369460656250001 0.47302865625 0.842957340625 0.4958129171875 0.8590952515625 0.498896709375 0.8714184796875 0.4926936546875 0.8724761390625 0.47959581875 0.8691767406249999 0.45714453749999995 0.8588264671875001 0.433827515625 0.8542117640625 0.43105628593749995 0.849748459375 0.43601980156250003
4 0.799231125 0.26006156874999997 0.8006006078125001 0.26684356875000004 0.7987609906250001 0.2952777109375 0.81520169375 0.313831 0.8233373187499999 0.314829928125 0.8296944203125 0.3078943234375 0.8292763531249999 0.30233145 0.8168808859375 0.27325177031250003 0.8013915953125 0.25591760625000004 0.799231125 0.26006156874999997