4 0.43212890625 0.65625 0.4306640625 0.6259765625 0.423828125 0.615234375 0.41455078125 0.6201171875 0.40771484375 0.6298828125 0.40771484375 0.6474609375 0.4111328125 0.66015625 0.42431640625 0.6650390625 0.43212890625 0.65625
4 0.24853515625 0.5458984375 0.251953125 0.54296875 0.2587890625 0.525390625 0.26171875 0.5048828125 0.2568359375 0.498046875 0.2431640625 0.498046875 0.23583984375 0.5048828125 0.236328125 0.509765625 0.232421875 0.513671875 0.232421875 0.52734375 0.240234375 0.5419921875 0.24365234375 0.5458984375 0.24853515625 0.5458984375
4 0.28857421875 0.5166015625 0.29052734375 0.5078125 0.2900390625 0.5009765625 0.2861328125 0.4951171875 0.27783203125 0.494140625 0.2685546875 0.498046875 0.2666015625 0.513671875 0.271484375 0.5244140625 0.283203125 0.5234375 0.28857421875 0.5166015625
4 0.3486328125 0.46484375 0.35302734375 0.4736328125 0.37060546875 0.4658203125 0.37158203125 0.4423828125 0.375 0.4248046875 0.37255859375 0.40625 0.36669921875 0.40234375 0.35498046875 0.404296875 0.34814453125 0.4189453125 0.345703125 0.43359375 0.34619140625 0.44140625 0.34228515625 0.4462890625 0.3486328125 0.46484375
4 0.396484375 0.4013671875 0.39990234375 0.40234375 0.40185546875 0.4091796875 0.4072265625 0.416015625 0.416015625 0.416015625 0.42333984375 0.4033203125 0.421875 0.400390625 0.42724609375 0.3857421875 0.42431640625 0.3798828125 0.423828125 0.373046875 0.41552734375 0.3564453125 0.41259765625 0.3544921875 0.404296875 0.35546875 0.396484375 0.3759765625 0.39599609375 0.384765625 0.3994140625 0.3916015625 0.396484375 0.3935546875 0.396484375 0.4013671875
4 0.26171875 0.4072265625 0.26318359375 0.400390625 0.267578125 0.40234375 0.271484375 0.39453125 0.28076171875 0.3916015625 0.2802734375 0.3837890625 0.287109375 0.3759765625 0.28662109375 0.3720703125 0.2890625 0.3642578125 0.2880859375 0.357421875 0.279296875 0.3505859375 0.27587890625 0.3544921875 0.2705078125 0.3515625 0.26806640625 0.3544921875 0.2626953125 0.3525390625 0.259765625 0.3564453125 0.2509765625 0.357421875 0.2392578125 0.3876953125 0.23974609375 0.404296875 0.25146484375 0.4130859375 0.2548828125 0.412109375 0.26171875 0.4072265625
4 0.7041015625 0.615234375 0.708984375 0.6123046875 0.716796875 0.5966796875 0.72802734375 0.5673828125 0.73095703125 0.552734375 0.72998046875 0.5478515625 0.72265625 0.5458984375 0.71630859375 0.5322265625 0.705078125 0.529296875 0.69287109375 0.533203125 0.6865234375 0.55078125 0.68603515625 0.5712890625 0.68798828125 0.595703125 0.693359375 0.6083984375 0.7041015625 0.615234375
4 0.69970703125 0.4404296875 0.70556640625 0.45703125 0.70458984375 0.4677734375 0.7021484375 0.4697265625 0.7041015625 0.46875 0.70458984375 0.478515625 0.70849609375 0.48046875 0.70947265625 0.4833984375 0.7080078125 0.4853515625 0.7119140625 0.4873046875 0.7333984375 0.48046875 0.73681640625 0.474609375 0.73681640625 0.4697265625 0.728515625 0.435546875 0.705078125 0.3857421875 0.6953125 0.373046875 0.69580078125 0.376953125 0.68896484375 0.388671875 0.69677734375 0.4091796875 0.69970703125 0.4404296875
4 0.63818359375 0.4150390625 0.64599609375 0.416015625 0.6484375 0.4111328125 0.658203125 0.4091796875 0.66162109375 0.4013671875 0.666015625 0.404296875 0.66943359375 0.392578125 0.66748046875 0.380859375 0.6689453125 0.3759765625 0.65673828125 0.3603515625 0.642578125 0.3583984375 0.63818359375 0.3544921875 0.63037109375 0.3583984375 0.6259765625 0.365234375 0.626953125 0.369140625 0.625 0.388671875 0.62890625 0.40234375 0.63818359375 0.4150390625
4 0.62744140625 0.482421875 0.6396484375 0.4873046875 0.65673828125 0.482421875 0.65087890625 0.455078125 0.64208984375 0.4345703125 0.6376953125 0.431640625 0.630859375 0.4375 0.6279296875 0.4453125 0.63037109375 0.4580078125 0.626953125 0.466796875 0.6259765625 0.478515625 0.62744140625 0.482421875
4 0.7978515625 0.47265625 0.80810546875 0.4658203125 0.8076171875 0.4541015625 0.80224609375 0.4345703125 0.79052734375 0.4150390625 0.7861328125 0.4130859375 0.78271484375 0.41796875 0.77880859375 0.4150390625 0.77294921875 0.431640625 0.77099609375 0.4482421875 0.775390625 0.4521484375 0.783203125 0.4716796875 0.7978515625 0.47265625
4 0.73876953125 0.3134765625 0.74609375 0.3134765625 0.7509765625 0.306640625 0.75 0.3017578125 0.73583984375 0.27734375 0.72021484375 0.263671875 0.71875 0.267578125 0.720703125 0.2734375 0.72216796875 0.298828125 0.73876953125 0.3134765625