4 0.5739035484375 0.683937571875 0.575831328125 0.6655959796875 0.569769475 0.6546565140625 0.560624684375 0.6485441875 0.55231375625 0.659003246875 0.5474652265625 0.6904308968749999 0.5546531546875 0.7004584828125 0.56894484375 0.6968094312499999 0.5739035484375 0.683937571875
4 0.7699831406250001 0.5778275984375 0.7714825234375 0.563561915625 0.7678350109375 0.5590576109375001 0.7688799921875 0.5540162734375 0.7619873562499999 0.546080190625 0.747721671875 0.5445808078125001 0.74187709375 0.5511781546875001 0.74268495 0.572897975 0.7478900125 0.591989259375 0.7511351359375 0.5954210375 0.7562300234375 0.5959565312499999 0.7602248406250001 0.5922554671875 0.7699831406250001 0.5778275984375
4 0.7358183171875 0.55981345625 0.73549394375 0.543295621875 0.7262420546875 0.5382022734375 0.7174736484375 0.5383109109374999 0.7127551453125001 0.5439963796875 0.711495965625 0.551075671875 0.7125700296875 0.5604606640625 0.7174247140625 0.5681825500000001 0.72954534375 0.5704867140625 0.7358183171875 0.55981345625
4 0.66206325625 0.4675823078125 0.6611222953125 0.45202990156249995 0.6555959359375 0.4359955484375 0.64358240625 0.43267240781250005 0.637040146875 0.4361057234375 0.632457825 0.455198546875 0.634096465625 0.4739149859375 0.632545071875 0.4984775390625 0.650029875 0.5085571375 0.6555791609375 0.4998682875 0.6642373921875 0.481203859375 0.6606969765625 0.475680578125 0.66206325625 0.4675823078125
4 0.6149408640625 0.41111785 0.615395265625 0.40189350468749996 0.609492521875 0.3796381890625 0.6009383140625 0.377708871875 0.597667184375 0.3794255296875 0.5871851953125 0.3958378046875 0.585926015625 0.402917096875 0.582226490625 0.408709665625 0.586224384375 0.42458336875 0.5843746203125 0.4274796515625 0.5906246656249999 0.44152959843749995 0.5997954625 0.4424934875 0.6061495296875 0.4359496921875 0.6089371765625 0.42903104843750006 0.6126106953125 0.428386915625 0.6134674859375 0.42023509687500005 0.6106247515625001 0.4178758453125 0.6149408640625 0.41111785
4 0.7758352640624999 0.44863321093749997 0.7781654328125 0.4313641453125 0.76925776875 0.39849066093749996 0.760194071875 0.39650779375 0.7575655343750001 0.39211058906249996 0.7517469609375 0.3935595 0.7495208140625 0.3902348203125 0.7435951421875 0.392702709375 0.7404571171875001 0.388251953125 0.7305366296875 0.3944209046875 0.728767959375 0.4014466484375 0.7304586125 0.40986621406249996 0.729520728125 0.413888575 0.7357967796875 0.422790084375 0.7344305 0.43088835468750003 0.7437894875 0.434962725 0.7470086078125 0.443542940625 0.751808203125 0.44198692968750003 0.7525869765625 0.44928041875 0.7591843234375 0.4551249984375 0.762643646875 0.4565188203125 0.7758352640624999 0.44863321093749997
4 0.2918487125 0.5739341703124999 0.2935883015625 0.552482096875 0.2888927265625 0.5334443609374999 0.2765839046875 0.5280297171874999 0.2645443703125 0.5298550125 0.25642163125 0.543424553125 0.2485651046875 0.5446592671875 0.2470106328125 0.549647053125 0.2484610828125 0.5652530109375 0.2569663578125 0.5970539687499999 0.26340459374999997 0.6142143953125 0.268178184375 0.617806821875 0.280136628125 0.6118520671875001 0.2871332875 0.59919440625 0.2918487125 0.5739341703124999
4 0.3029716078125 0.3700866890625 0.30390949218749996 0.366064328125 0.2923274328125 0.378240046875 0.2624099359375 0.4276375203125 0.2500001703125 0.46239138593750007 0.24946467656250002 0.4674862734375 0.25238850468749996 0.47397498281250006 0.2740563125 0.48346399843750004 0.2783464203125 0.481854440625 0.2770321515625 0.4796558359375 0.27837242500000003 0.476706003125 0.2826625328125 0.47509644531250006 0.2842430109375 0.4649602203125 0.286173865625 0.46619339374999996 0.2838406203125 0.46388769375 0.2839997296875 0.45257184375000004 0.291934275 0.43589182187500003 0.29841837031249996 0.40360584375 0.3088192625 0.383064109375 0.3029716078125 0.3700866890625
4 0.375666303125 0.36948533906250003 0.37711367500000004 0.365516528125 0.37327796874999997 0.35790174218750004 0.3655545453125 0.352969040625 0.3605407515625 0.35656300625 0.3455513828125 0.3570480265625 0.331100584375 0.3720129296875 0.33209355625 0.37726846406250003 0.32877041406249996 0.3892819953125 0.33105165 0.40188456875 0.33595834375 0.3993095828125 0.338667975 0.407836246875 0.34864354999999997 0.41094518906250005 0.3506555 0.4163078234375 0.3589144171875 0.4161456375 0.3699869859375 0.40391637031250005 0.3755622796875 0.3900790828125 0.375666303125 0.36948533906250003
4 0.36235388749999997 0.46183743125000004 0.36629361562499996 0.4488584734375 0.364093475 0.4403853578125 0.3576032265625 0.43352180156250003 0.35269653125 0.4360967890625 0.34127665937499996 0.45653142343750003 0.332164028125 0.4844201953125 0.3494606375 0.49138931250000006 0.3627333484375 0.4876331609375 0.364690209375 0.4837179015625 0.36495641874999996 0.47138307343749997 0.36235388749999997 0.46183743125000004
4 0.2166921375 0.43622542500000006 0.2164748625 0.4186886125 0.21218167812500002 0.4007234046875 0.2077844734375 0.4033519421875 0.204753546875 0.3978822078125 0.19995395 0.39943821874999996 0.185584246875 0.4185325796875 0.17783789375 0.4383230828125 0.17604321875 0.4504972609375 0.1859927890625 0.45875464062500004 0.2013845484375 0.45934214687499997 0.2116783421875 0.43981939062500003 0.2166921375 0.43622542500000006
4 0.291020709375 0.25344440156250003 0.2899206390625 0.2492078453125 0.2721176171875 0.261759946875 0.2546649765625 0.285681446875 0.253110503125 0.2906692359375 0.2574557 0.2983375703125 0.265098028125 0.2991408109375 0.2840271265625 0.2856768328125 0.2883401625 0.2593440703125 0.291020709375 0.25344440156250003