4 0.5204906703125001 0.5922136296875 0.52511595 0.5855686812500001 0.530016459375 0.571350115625 0.5351807859375 0.56468634375 0.5352675703124999 0.5517164515624999 0.5398551625 0.5439922453125 0.541521396875 0.5298866249999999 0.5382985296875 0.5148711640625 0.529372290625 0.5065383 0.5258741953125 0.49909645312500006 0.5203706734375 0.496046925 0.5062047296875 0.4922193234375 0.48575867968750003 0.49401388749999997 0.4766211828125 0.510541553125 0.47676052812499997 0.5299869796875 0.48390747031250003 0.549187696875 0.48190204062499997 0.5535800156249999 0.4827425953125 0.5621952375 0.48847224687499996 0.5717203015625001 0.490541646875 0.5846148984374999 0.4980015015625 0.5973212578125 0.5088577953125 0.599103290625 0.513483075 0.592458340625 0.5204906703125001 0.5922136296875
4 0.2645351984375 0.48012774374999995 0.253365990625 0.4848400671875 0.2470105078125 0.4883037234375 0.24346331718749997 0.49491102500000006 0.2446430671875 0.5132395484375001 0.24913246875 0.5336136390624999 0.251903071875 0.5356780328124999 0.277626515625 0.5304574625 0.2866395390625 0.5258204328125 0.28860728125 0.5203488593750001 0.2863117515625 0.5009787265625001 0.2833150140625 0.49243880000000007 0.272658571875 0.48092464062499996 0.2645351984375 0.48012774374999995
4 0.6477407015625001 0.3878641671875 0.6331487765625 0.38729315625 0.6225072078125 0.40711506093749994 0.6214553984375 0.42336037031249996 0.6252812796875 0.45564392343750004 0.62766359375 0.4620441609375 0.63651445625 0.4682185125 0.6538016078125 0.4686954046875 0.6667501140625001 0.4531152265625 0.6676020765625 0.44660204531250003 0.6600405625 0.41552951406250005 0.6546238234375 0.39951009375 0.6477407015625001 0.3878641671875
4 0.530106275 0.0948147890625 0.531372809375 0.10017342031250001 0.530019490625 0.1077846828125 0.5248551625 0.11444845625 0.526197075 0.12196559843749999 0.5231889296875 0.1285540765625 0.5238787296875 0.13285227500000002 0.5521238328125 0.153477371875 0.5582154953125 0.142458928125 0.5673267125 0.10972360156250001 0.5616724359374999 0.10235704999999999 0.5343809515625 0.09358494218749999 0.5318364765625 0.097996084375 0.530106275 0.0948147890625
4 0.7104629265625 0.2830195328125 0.7142739359375 0.28396701874999997 0.7204786640624999 0.2761863421875 0.7233851515625 0.25123169375 0.70914383125 0.2452455796875 0.7049068421875 0.2475546828125 0.702550809375 0.2573621046875 0.7025017140625 0.27141125312500003 0.7104629265625 0.2830195328125
4 0.4012916671875 0.33163604375 0.3883054734375 0.3461369671875 0.3857233109375 0.3494688546875 0.38747979374999997 0.368857809375 0.3930210046875 0.37298659375 0.41281494375000005 0.3679730859375 0.4126265015625 0.3625768078125 0.41682580312499995 0.35918845 0.41868047812500003 0.35047910781249997 0.4171124375 0.33648643125 0.4082238875 0.32923282343750004 0.4012916671875 0.33163604375
4 0.5320263640625 0.45890045625000003 0.5409640109375 0.452104915625 0.5464035640625 0.43786752656249994 0.5442587890625 0.42281441875 0.533564659375 0.41022100312500004 0.5297913390625 0.41035277031249995 0.5220448484375 0.42034843125 0.5226478640625001 0.43761652343749996 0.5320263640625 0.45890045625000003
4 0.5254537015625 0.23977389062499999 0.528989484375 0.24829499375 0.5345306953125 0.25242377656250004 0.5423525625 0.24458662968749997 0.541824925 0.2294770484375 0.5383645203125 0.22311445624999998 0.52812265 0.223472109375 0.52511450625 0.2300605890625 0.5254537015625 0.23977389062499999
4 0.8863301781249999 0.45085018125 0.8787458499999999 0.45003446093750005 0.874671021875 0.44153218125000004 0.8670866921875 0.4407164609375 0.860067690625 0.456089575 0.849976575 0.4607642515625 0.8503534593750001 0.471556809375 0.85772653125 0.49723306093749997 0.86710503125 0.51851699375 0.8827373578125 0.5179711015625 0.8961872203125001 0.50129284375 0.8980418968749999 0.4925835015625 0.895207321875 0.47323219375000003 0.890092090625 0.46584681874999995 0.8880603796875001 0.454031478125 0.8863301781249999 0.45085018125
4 0.791410040625 0.313690525 0.8001364296875 0.33175551406250003 0.807532315625 0.32717495625000004 0.8098883484374999 0.317367534375 0.80824493125 0.301216346875 0.8030920125 0.2927517140625 0.793928234375 0.2930717203125 0.7899173765625 0.30185635781250003 0.791410040625 0.313690525
4 0.9335172593750001 0.47297495312500004 0.9290050437499999 0.4828576703125 0.9294835859375 0.5120164 0.9362536421875 0.5204245578125 0.9449537515624999 0.5222818874999999 0.9533032546875001 0.5295543203124999 0.9625915078125 0.5173436765625 0.962565225 0.501136015625 0.9522216984374999 0.48312749843749997 0.9473325984375001 0.48221765781250003 0.9431823937500001 0.4715568671875 0.9335172593750001 0.47297495312500004