4 0.43798828125 0.5712890625 0.44287109375 0.580078125 0.4443359375 0.591796875 0.45068359375 0.603515625 0.46044921875 0.60546875 0.46484375 0.599609375 0.47119140625 0.599609375 0.4755859375 0.59375 0.48046875 0.5810546875 0.4853515625 0.5751953125 0.48583984375 0.5634765625 0.490234375 0.556640625 0.4921875 0.5439453125 0.48974609375 0.5302734375 0.48193359375 0.5224609375 0.47900390625 0.515625 0.47412109375 0.5126953125 0.46142578125 0.5087890625 0.44287109375 0.509765625 0.43408203125 0.5244140625 0.43359375 0.5419921875 0.439453125 0.5595703125 0.4375 0.5634765625 0.43798828125 0.5712890625
4 0.25341796875 0.5361328125 0.26171875 0.5322265625 0.263671875 0.52734375 0.26220703125 0.509765625 0.259765625 0.501953125 0.25048828125 0.4912109375 0.2431640625 0.490234375 0.23291015625 0.494140625 0.22705078125 0.4970703125 0.2236328125 0.5029296875 0.22412109375 0.51953125 0.2275390625 0.5380859375 0.22998046875 0.5400390625 0.25341796875 0.5361328125
4 0.580078125 0.4912109375 0.595703125 0.4921875 0.60791015625 0.478515625 0.60888671875 0.47265625 0.60302734375 0.4443359375 0.5986328125 0.4296875 0.5927734375 0.4189453125 0.57958984375 0.41796875 0.5693359375 0.435546875 0.56787109375 0.4501953125 0.5703125 0.4794921875 0.572265625 0.4853515625 0.580078125 0.4912109375
4 0.513671875 0.2041015625 0.51953125 0.1943359375 0.52880859375 0.1650390625 0.52392578125 0.158203125 0.49951171875 0.1494140625 0.4970703125 0.1533203125 0.49560546875 0.150390625 0.49658203125 0.1552734375 0.4951171875 0.162109375 0.490234375 0.16796875 0.4912109375 0.1748046875 0.48828125 0.1806640625 0.48876953125 0.1845703125 0.513671875 0.2041015625
4 0.662109375 0.3203125 0.66552734375 0.2978515625 0.65283203125 0.2919921875 0.64892578125 0.2939453125 0.646484375 0.302734375 0.64599609375 0.3154296875 0.65283203125 0.326171875 0.65625 0.3271484375 0.662109375 0.3203125
4 0.380859375 0.3935546875 0.380859375 0.388671875 0.384765625 0.3857421875 0.38671875 0.3779296875 0.3857421875 0.365234375 0.3779296875 0.3583984375 0.37158203125 0.3603515625 0.359375 0.373046875 0.35693359375 0.3759765625 0.35791015625 0.3935546875 0.36279296875 0.3974609375 0.380859375 0.3935546875
4 0.49951171875 0.4609375 0.498046875 0.447265625 0.48876953125 0.435546875 0.4853515625 0.435546875 0.47802734375 0.4443359375 0.47802734375 0.4599609375 0.48583984375 0.4794921875 0.494140625 0.4736328125 0.49951171875 0.4609375
4 0.49462890625 0.29296875 0.501953125 0.2861328125 0.501953125 0.2724609375 0.4990234375 0.2666015625 0.48974609375 0.2666015625 0.48681640625 0.2724609375 0.48681640625 0.28125 0.48974609375 0.2890625 0.49462890625 0.29296875
4 0.80126953125 0.5439453125 0.81396484375 0.529296875 0.81591796875 0.521484375 0.81396484375 0.50390625 0.8095703125 0.4970703125 0.80810546875 0.486328125 0.806640625 0.4833984375 0.7998046875 0.482421875 0.79638671875 0.474609375 0.78955078125 0.4736328125 0.78271484375 0.4873046875 0.7734375 0.4912109375 0.7734375 0.5009765625 0.779296875 0.5244140625 0.787109375 0.5439453125 0.80126953125 0.5439453125
4 0.7392578125 0.369140625 0.74169921875 0.3603515625 0.74072265625 0.345703125 0.736328125 0.337890625 0.72802734375 0.337890625 0.72412109375 0.345703125 0.72509765625 0.3564453125 0.732421875 0.373046875 0.7392578125 0.369140625
4 0.86474609375 0.556640625 0.87353515625 0.5458984375 0.8740234375 0.53125 0.865234375 0.5146484375 0.86083984375 0.513671875 0.857421875 0.50390625 0.8486328125 0.5048828125 0.84423828125 0.513671875 0.84375 0.5400390625 0.849609375 0.5478515625 0.857421875 0.5498046875 0.86474609375 0.556640625