4 0.6484075390624999 0.47994533749999996 0.6417686375 0.4754892421875 0.6276493796875 0.4708913953125 0.6209825828125 0.4659029828125 0.608179040625 0.4660402078125 0.6004755015625001 0.46163990625 0.5865236296874999 0.460235971875 0.5717581984375 0.463678696875 0.5636874656249999 0.47264215624999995 0.5564023921875 0.476226634375 0.55348745625 0.4817172046875 0.5499542468749999 0.49578066718749997 0.55207899375 0.5159529765624999 0.5685507078125001 0.5246977796875 0.5877420718749999 0.524225784375 0.606570765625 0.516833646875 0.61094090625 0.518739740625 0.6194301046875 0.5177610578125 0.6287328609375 0.5119357171875001 0.6414248125 0.5096692171874999 0.6538377875 0.5020795328125 0.6554091093750001 0.4913215734375 0.6487702078125 0.48686547812500003 0.6484075390624999 0.47994533749999996
4 0.5421963859375001 0.734787153125 0.547040784375 0.7457426609375 0.550569465625 0.751963096875 0.557152571875 0.75535455625 0.5752235046874999 0.7538737171875 0.5952563234375 0.749087378125 0.597246109375 0.7463141953125 0.5916484750000001 0.7209860875 0.5869156671875 0.7121598546875 0.5814808921875 0.71030955625 0.56240111875 0.712910825 0.5540235109375 0.7160187796875 0.5428425578125 0.72674658125 0.5421963859375001 0.734787153125
4 0.444503178125 0.35772015 0.4441917765625 0.3721485453125 0.46394109375000003 0.3823229203125 0.4799943421875 0.383082946875 0.5117939640625 0.378747496875 0.518070196875 0.37628344999999996 0.52401165625 0.3674315828125 0.52418356875 0.35034159531250003 0.5085812093750001 0.337814765625 0.50213759375 0.3370849 0.471597890625 0.345090784375 0.45587941406250004 0.3507185796875 0.444503178125 0.35772015
4 0.1572796234375 0.47899523281249995 0.1625470125 0.47765161875000006 0.1700831640625 0.47885800781250004 0.17674996406250001 0.48384642187500004 0.1841466265625 0.48239121718750005 0.1907018359375 0.4852503578125 0.1949324859375 0.4844948578125 0.214802446875 0.45623070937500004 0.20382130625 0.45040083906249995 0.17135214062499998 0.44196064531249996 0.16417865625 0.44767439531250003 0.1559918046875 0.4747924796875 0.160389840625 0.47723089218750003 0.1572796234375 0.47899523281249995
4 0.33993125156250004 0.2975455234375 0.3408006046875 0.2937634984375 0.3330133734375 0.2877662421875 0.3083314390625 0.2853233046875 0.3026689546875 0.2994983578125 0.305021409375 0.30364531562499997 0.31474263125 0.30580475156250003 0.3286108109375 0.3056117296875 0.33993125156250004 0.2975455234375
4 0.3932625828125 0.6022081546875 0.40780030468749995 0.6147907796875 0.4111337046875 0.617284984375 0.43024137500000004 0.615216034375 0.434220946875 0.6096696671874999 0.42893018749999995 0.5901970640624999 0.4236070015625 0.590476040625 0.420189909375 0.5863848765624999 0.4115612234375 0.584701965625 0.3977767375 0.586491940625 0.3907706390625 0.5953996046875 0.3932625828125 0.6022081546875
4 0.5166202546875 0.4708386 0.5097581718749999 0.46212395624999997 0.4956110171875 0.456993790625 0.4807897921875 0.4593718796875 0.4685442015625 0.470155475 0.4687394859375 0.4738817046875 0.4787396828125 0.48136432500000004 0.4957738765625 0.4804716015625 0.5166202546875 0.4708386
4 0.3004431421875 0.48110040156249995 0.30879285312500004 0.4774601265625 0.312772425 0.47191376093750004 0.3049015 0.46431955 0.28999658125 0.465100684375 0.283776146875 0.468629365625 0.2843062015625 0.47874341718749996 0.2908614078125 0.4816025578125 0.3004431421875 0.48110040156249995
4 0.5025500593750001 0.12088215312499999 0.5018759890625 0.1283904078125 0.49355417656249995 0.13256300000000001 0.4928801046875 0.140071253125 0.508175590625 0.14674257968749999 0.51296419375 0.15663345 0.5236105640625001 0.156075496875 0.5488270828124999 0.148348590625 0.5696734609375 0.1387155875 0.5688644296875001 0.12327835000000001 0.552169534375 0.1102749984375 0.5435408484375001 0.1085920875 0.524488971875 0.111725675 0.5172875921875 0.116907109375 0.5056602781249999 0.1191178125 0.5025500593750001 0.12088215312499999
4 0.36880615 0.2170327296875 0.386486515625 0.2080994328125 0.3818374 0.20087015468749997 0.37211617812500003 0.19871071875 0.3562024171875 0.200612284375 0.3479364 0.2058495140625 0.3484106609375 0.214898928125 0.35715093750000004 0.2187111140625 0.36880615 0.2170327296875
4 0.523572878125 0.07387526562499999 0.5334056890625 0.078163975 0.5621787874999999 0.077189821875 0.5703611109375 0.0703556375 0.5720440250000001 0.06172695 0.57907801875 0.05335160625 0.5668648546874999 0.0443836203125 0.5508674015625 0.04468823125 0.533270728125 0.055218484375 0.5324571703125 0.0600651453125 0.5220060828124999 0.06434932812500001 0.523572878125 0.07387526562499999