4 0.513890384375 0.37305599218749996 0.5296108187499999 0.3728010578125 0.532395053125 0.3707550859375 0.5365830640625 0.3551252171875 0.5275479015625 0.3471202390625 0.516213221875 0.34352471875 0.49853838437500003 0.3510735921875 0.49963964218749995 0.363653503125 0.5077712875 0.3708579828125 0.513890384375 0.37305599218749996
4 0.3926445015625 0.37909795156250004 0.3925126734375 0.37124500781249997 0.37909953281250003 0.35871654531249997 0.3572600015625 0.3567734703125 0.3475849796875 0.36367388125 0.35140455937500004 0.37028134687500003 0.3617620375 0.37752383749999996 0.3750433515625 0.38219935625 0.3926445015625 0.37909795156250004
4 0.7506818562500001 0.3572110765625 0.7601435890625 0.35527913125 0.7646689421875 0.35090768125 0.7617606515625 0.3367267734375 0.7441013578125 0.32752776875 0.7366599421875 0.3260922484375 0.7242743734375 0.3305911640625 0.7205788515625 0.3402105796875 0.73114184375 0.35085854375 0.7506818562500001 0.3572110765625
4 0.6614352390625 0.3606591875 0.6674225078125 0.355004253125 0.6674302812499999 0.3466303140625 0.65088001875 0.341637284375 0.642880203125 0.3422857453125 0.6357761296875 0.35210864375 0.6422403421875 0.357191134375 0.6555216546875 0.361866653125 0.6614352390625 0.3606591875
4 0.6268690609375 0.28103863125 0.62977735 0.2952195390625 0.6326275 0.2971000375 0.6415308328125 0.29725207187499997 0.6548199171875 0.2935536546875 0.6608071890625 0.28789872031249997 0.6608227328125 0.27115084375 0.6581858703125001 0.2643018828125 0.6522063734375 0.2615828796875 0.6416356078125001 0.2593088515625 0.6323134734375 0.260719803125 0.6268690609375 0.28103863125
4 0.71184590625 0.4562516890625 0.7197061234375 0.456124221875 0.7235412453125 0.4459838125 0.7149248859374999 0.43641584843750003 0.6964279906249999 0.430342815625 0.6824486750000001 0.428272275 0.6719360515624999 0.4382986578125 0.675270915625 0.442542640625 0.6900800609375 0.449861146875 0.71184590625 0.4562516890625
4 0.8206751296875 0.4882044 0.8288804624999999 0.4909614125 0.8422354609375 0.49118946562500004 0.85177088125 0.4848100515625 0.8540044874999999 0.4764741203125 0.842537978125 0.465025659375 0.8160490390625 0.4512271515625 0.8098562546875 0.453476609375 0.8058156171874999 0.46021154375 0.810596853125 0.47991991875 0.8206751296875 0.4882044
4 0.7584254875 0.482692684375 0.762745325 0.47491575937499997 0.7595500609375 0.47015078125 0.735977184375 0.46215924375000006 0.7244292171875 0.46353218749999997 0.72073369375 0.4731516 0.7338017203125 0.4827955828125 0.7421466515625 0.4850316015625 0.7584254875 0.482692684375
4 0.7903467281250001 0.7140481109375 0.795988884375 0.7055086968750001 0.7905755609375 0.6923317734375 0.777015046875 0.68869824375 0.765187878125 0.6911131765625 0.75836300625 0.699894084375 0.7625276999999999 0.7093860328125 0.7810245953125 0.7154590625 0.7903467281250001 0.7140481109375
4 0.783584034375 0.6558375125 0.7848404375 0.6511485515625 0.7798381421875 0.644782578125 0.7662776296875 0.64114905 0.75667629375 0.6436019921875 0.7564630078125 0.6485704546875 0.7668204859375 0.65581294375 0.778294765625 0.6588874687499999 0.783584034375 0.6558375125
4 0.7279733312500001 0.5420996234375 0.724219665625 0.5394186265625 0.7148316171875 0.53690310625 0.70968195 0.5394320671874999 0.7100192921875 0.5506904859375 0.72017125625 0.5545274984375 0.7262244390625 0.5527990359375 0.7279733312500001 0.5420996234375
4 0.7539735171874999 0.6328265609375 0.7610039046875 0.6274511296874999 0.7589913593750001 0.6224446578125 0.751344428125 0.6176036609375 0.737783915625 0.6139701328125 0.7279033796875 0.617465065625 0.7253905734375 0.6268429875 0.7343598203124999 0.6309214937500001 0.7539735171874999 0.6328265609375
4 0.8624190687500001 0.5535545890625 0.877728471875 0.5464887015625 0.871477546875 0.5364377515625 0.8529806515624999 0.5303647203125 0.8333669531250001 0.5284596546875 0.8276588828125 0.5330725968750001 0.8265343093749999 0.5456145 0.8462139203125 0.5514460375 0.8624190687500001 0.5535545890625
4 0.8975980546875 0.5724735921875 0.89578325 0.5792465359375 0.9019682625 0.585371015625 0.9190769265625001 0.588280065625 0.9184603828125001 0.5780636359375 0.9087272203125 0.5726636359375 0.8975980546875 0.5724735921875
4 1 0.4852752640625 0.9753085125000001 0.482732571875 0.9579128750000001 0.4892394515625 0.9540777531250001 0.49937986093750003 0.9651991453125 0.50794384375 0.9775769437499999 0.5118188671875 0.9815438953125 0.5095314 0.9898888250000001 0.5117674171875 1 0.5017154515625 1 0.4852752640625