4 0.5966796875 0.451171875 0.6015625 0.44140625 0.60205078125 0.4306640625 0.59130859375 0.4169921875 0.58056640625 0.4208984375 0.576171875 0.4296875 0.57568359375 0.435546875 0.57958984375 0.44921875 0.58203125 0.451171875 0.5966796875 0.451171875
4 0.556640625 0.314453125 0.55322265625 0.294921875 0.544921875 0.2880859375 0.5400390625 0.29296875 0.5361328125 0.3037109375 0.53515625 0.31640625 0.5419921875 0.3310546875 0.548828125 0.3291015625 0.556640625 0.314453125
4 0.66552734375 0.6435546875 0.66943359375 0.6259765625 0.6689453125 0.619140625 0.662109375 0.609375 0.65283203125 0.6083984375 0.64599609375 0.6201171875 0.64501953125 0.638671875 0.64892578125 0.646484375 0.65380859375 0.6494140625 0.66552734375 0.6435546875
4 0.634765625 0.5634765625 0.63525390625 0.5478515625 0.6328125 0.541015625 0.62255859375 0.537109375 0.61962890625 0.5439453125 0.61865234375 0.556640625 0.62109375 0.5615234375 0.62744140625 0.5654296875 0.634765625 0.5634765625
4 0.6845703125 0.5439453125 0.69921875 0.5400390625 0.70458984375 0.5361328125 0.70556640625 0.5302734375 0.705078125 0.5205078125 0.70166015625 0.5126953125 0.6826171875 0.5126953125 0.6708984375 0.5185546875 0.669921875 0.521484375 0.671875 0.529296875 0.67822265625 0.5400390625 0.6845703125 0.5439453125
4 0.5673828125 0.6259765625 0.568359375 0.6083984375 0.56689453125 0.595703125 0.5556640625 0.5888671875 0.552734375 0.5927734375 0.5498046875 0.607421875 0.54931640625 0.6279296875 0.55126953125 0.634765625 0.56103515625 0.6357421875 0.5673828125 0.6259765625
4 0.56494140625 0.7568359375 0.572265625 0.744140625 0.578125 0.7177734375 0.57470703125 0.712890625 0.56787109375 0.7109375 0.5517578125 0.7197265625 0.546875 0.73046875 0.54638671875 0.73828125 0.54931640625 0.75 0.55712890625 0.7568359375 0.56494140625 0.7568359375
4 0.54833984375 0.6728515625 0.5498046875 0.650390625 0.5458984375 0.640625 0.53662109375 0.6396484375 0.53125 0.6533203125 0.53125 0.6611328125 0.537109375 0.6748046875 0.544921875 0.6767578125 0.54833984375 0.6728515625
4 0.361328125 0.751953125 0.361328125 0.7392578125 0.3564453125 0.7294921875 0.34716796875 0.7255859375 0.33984375 0.7314453125 0.3388671875 0.7490234375 0.34228515625 0.7568359375 0.35107421875 0.759765625 0.361328125 0.751953125
4 0.400390625 0.7314453125 0.400390625 0.71875 0.39599609375 0.7109375 0.3916015625 0.7119140625 0.3876953125 0.72265625 0.3876953125 0.7333984375 0.3916015625 0.7373046875 0.39599609375 0.7373046875 0.400390625 0.7314453125
4 0.4794921875 0.658203125 0.4794921875 0.6494140625 0.47607421875 0.6455078125 0.46630859375 0.6484375 0.46533203125 0.658203125 0.46826171875 0.6630859375 0.47802734375 0.662109375 0.4794921875 0.658203125
4 0.4150390625 0.7080078125 0.41748046875 0.7001953125 0.41748046875 0.6875 0.412109375 0.6796875 0.4033203125 0.6796875 0.40185546875 0.6884765625 0.40478515625 0.7060546875 0.4111328125 0.7109375 0.4150390625 0.7080078125
4 0.5166015625 0.7861328125 0.517578125 0.7685546875 0.5146484375 0.7509765625 0.50927734375 0.7470703125 0.498046875 0.7490234375 0.49755859375 0.767578125 0.49951171875 0.7822265625 0.50927734375 0.7939453125 0.5166015625 0.7861328125
4 0.4912109375 0.8173828125 0.48486328125 0.8173828125 0.48095703125 0.82421875 0.482421875 0.83984375 0.4912109375 0.8369140625 0.49365234375 0.8271484375 0.4912109375 0.8173828125
4 0.5810546875 0.892578125 0.59228515625 0.8916015625 0.587890625 0.8642578125 0.578125 0.8505859375 0.568359375 0.849609375 0.5634765625 0.861328125 0.56298828125 0.873046875 0.56591796875 0.8759765625 0.56591796875 0.8837890625 0.5810546875 0.892578125