4 0.6128262734375001 0.5773641515625 0.599133921875 0.5843195296875 0.5975656359375 0.58730803125 0.600581584375 0.6028237390625 0.61194161875 0.6059828890625 0.6234323390625 0.6042860515624999 0.635717246875 0.5900900109375 0.629363665625 0.579516925 0.6191396359375 0.5766736890625 0.6128262734375001 0.5773641515625
4 0.716685065625 0.5201415625 0.7201634515625 0.526979675 0.7373040328125 0.532235590625 0.7573097468750001 0.524589753125 0.762849009375 0.5143885906250001 0.7566663359375 0.510223065625 0.7444718953125 0.5082995703125001 0.7308096984375 0.50988176875 0.716685065625 0.5201415625
4 0.4117236453125 0.6926704390625 0.40424412500000007 0.6984181640625 0.4021430265625 0.7041938921875001 0.410768615625 0.7153988078125 0.430211359375 0.715913375 0.4373591296875 0.7139872578124999 0.4463064046875 0.7047338390625 0.44543177500000003 0.6947059484375 0.4315986703125 0.6898805875 0.4117236453125 0.6926704390625
4 0.4885998625 0.6514273640625 0.48576488749999996 0.6589559390625 0.48934380468749994 0.6663112421874999 0.5060118828125 0.663608028125 0.5127575281250001 0.65961315 0.51478825 0.647947053125 0.5069367578125 0.6462528390625 0.4932745625 0.6478350374999999 0.4885998625 0.6514273640625
4 0.55304043125 0.7065295765624999 0.5444148421875 0.6953246609375 0.5411073625 0.69489410625 0.5332257171875 0.6985730703125 0.5231424375 0.7075105734375 0.5203074625 0.7150391468749999 0.527465296875 0.72974975625 0.5327130312499999 0.7346337468749999 0.5391269249999999 0.734460475 0.5493811109375 0.73193053125 0.5569611640625001 0.7266999984375 0.55304043125 0.7065295765624999
4 0.40340964062499995 0.5890871109375 0.3965634640625 0.5925648015625 0.39753862500000003 0.60310988125 0.409200253125 0.6078206015625 0.42803980625 0.6052320265625 0.44119934375 0.6010638765625 0.44613541874999996 0.5877595734375001 0.4413903421875 0.5854615328125 0.425255078125 0.585377521875 0.40340964062499995 0.5890871109375
4 0.2941824515625 0.6076350671874999 0.285798146875 0.6087280796875 0.27397567500000003 0.614246525 0.2683358796875 0.623930496875 0.26994438593750003 0.6322055421874999 0.2849134921875 0.63734681875 0.31407760625000003 0.6381186671875 0.31855124375 0.6334919593749999 0.31921474375000003 0.62584874375 0.30657795625 0.6105929437500001 0.2941824515625 0.6076350671874999
4 0.35119370625 0.5858185687499999 0.35073126875 0.5944961656250001 0.3555768765625 0.5973113953125 0.379694321875 0.5942336359375 0.3892447859375 0.588083359375 0.3883701578125 0.5780554671875 0.3727677046875 0.5751842296875 0.36448393125 0.5767944328125 0.35119370625 0.5858185687499999
4 0.224101971875 0.396366765625 0.222805125 0.40628001718749995 0.2332000625 0.41553081093750005 0.24666119375 0.4129142328125 0.2560105953125 0.40572957656249997 0.25824238125 0.3950978609375 0.2505215765625 0.3885476578125 0.23168202187500003 0.3911362328125 0.224101971875 0.396366765625
4 0.254965096875 0.4445774796875 0.25586988125 0.44923219375 0.262987496875 0.452679253125 0.276448628125 0.450062675 0.2838276171875 0.4437977609375 0.2818873625 0.439344321875 0.2696929203125 0.43742082812499994 0.25830273125000003 0.4396348578125 0.254965096875 0.4445774796875
4 0.352490515625 0.5206219640625 0.356933996875 0.5213684328125 0.3662532421875 0.51955695625 0.3696914078125 0.5151315234375 0.364574359375 0.50539154375 0.3540185796875 0.506369915625 0.3494444109375 0.5104794328125 0.352490515625 0.5206219640625
4 0.29081454687499997 0.45210080937499997 0.286944096875 0.459830659375 0.29085476718750003 0.46336435624999994 0.2996411984375 0.4643401046875 0.3131023296875 0.461723525 0.32028025625 0.45442423125 0.31847068749999996 0.4451148046875 0.308849846875 0.44537471249999994 0.29081454687499997 0.45210080937499997
4 0.22955088437499999 0.5681352000000001 0.21913585625 0.580894309375 0.2289276046875 0.5870419625000001 0.24776715781249997 0.5844533875 0.265802459375 0.5777272906250001 0.26883849843749996 0.5712330953125 0.2644553265625 0.5597402687499999 0.2446808328125 0.563047309375 0.22955088437499999 0.5681352000000001
4 0.190564865625 0.5665888781249999 0.1892579546875 0.559865403125 0.18120540000000002 0.557136809375 0.164939446875 0.561908784375 0.16985543125 0.570614384375 0.18071280781250001 0.57118758125 0.190564865625 0.5665888781249999
4 0.146321125 0.65408854375 0.14381789843749998 0.6577955109375 0.135534125 0.6594057140625 0.129331359375 0.6772500906250001 0.132679059375 0.6889441921875 0.16076748125 0.6786537703125 0.173253453125 0.6654921093749999 0.1722782921875 0.6549470281249999 0.1588473171875 0.6521904296875001 0.146321125 0.65408854375