4 0.5970549234375 0.37403901875 0.59970460625 0.3601486234375 0.59942495625 0.3444663890625 0.5919394203125 0.338276025 0.5672677687500001 0.3727398515625 0.5576567125 0.39506302031249996 0.5640395375 0.4132698296875 0.58027793125 0.408094375 0.5809715171875001 0.40267676249999995 0.5970549234375 0.37403901875
4 0.7345482062500001 0.40355074843749994 0.74107013125 0.37047446562499997 0.7376517765624999 0.370800825 0.732975721875 0.3596813421875 0.7339585828125 0.34094393749999996 0.73094935 0.3346714625 0.7251705875 0.335568425 0.723748278125 0.32966231874999996 0.6987474015624999 0.3752056171875 0.6970358171875 0.382619303125 0.6973602296875 0.38604084375 0.7012676078125 0.3835962890625 0.710744378125 0.39805520156249996 0.719452475 0.398950075 0.724048628125 0.4055889203125 0.7319832374999999 0.40742076875000005 0.7345482062500001 0.40355074843749994
4 0.6882940343749999 0.483231515625 0.6911882281249999 0.4682820203125 0.6896908328125 0.44339426406250004 0.695149996875 0.42457474843750004 0.69600819375 0.41361739843749995 0.6918611140625 0.4026200390625 0.6839664546875001 0.403028509375 0.6675586359375 0.4282447140625 0.6630375703125 0.44058751875 0.661081475 0.4490603015625 0.665917328125 0.46914106093749997 0.66461005625 0.48445692500000004 0.669206209375 0.49109577031249996 0.682146096875 0.49296762968749996 0.6882940343749999 0.483231515625
4 0.6176064609374999 0.4925696046875 0.6201762421875 0.47419857031249996 0.611393059375 0.4543220453125 0.59369240625 0.451351075 0.5901094375 0.4572171703125 0.589944825 0.46275690625 0.5827788890625001 0.4744890953125 0.5798846953125001 0.4894385875 0.5832183375 0.4991326046875 0.5880190546875 0.5024720328125001 0.6120673953125 0.50690848125 0.6176064609374999 0.4925696046875
4 0.47371109999999994 0.5028551125 0.4743647375 0.49519718125 0.4541438765625 0.4838355390625 0.41955600625 0.47919694531249996 0.41487514062499997 0.48257847343750004 0.4088022890625 0.5112962390625 0.41168685937499994 0.5253487703124999 0.4111930234375 0.5419679796875 0.41977645625 0.5506429078124999 0.4358901859375 0.5532475078125 0.443625046875 0.5438777625 0.45225324375 0.5402919984375 0.4676031125 0.514831546875 0.469559209375 0.506358765625 0.47371109999999994 0.5028551125
4 0.397067621875 0.3111350921875 0.403829246875 0.291500725 0.40489682031249996 0.262742946875 0.396637796875 0.2574895578125 0.387725140625 0.2598941015625 0.37216108281250004 0.3176559921875 0.36068345625 0.3239305578125 0.3486720421875 0.344584009375 0.346701509375 0.39655982968750003 0.359396884375 0.3994907875 0.3756800390625 0.382054640625 0.3817033140625 0.3800985796875 0.3930211421875 0.3648627390625 0.3962796984375 0.35557510312499996 0.39783148437500004 0.33920014374999996 0.397067621875 0.3111350921875
4 0.30325200625000004 0.48581248906249996 0.31229895 0.446625865625 0.29867028906250004 0.43567060625 0.262779959375 0.43184686250000004 0.2565872578125 0.4538436734375 0.2540574265625 0.474455025 0.255884046875 0.488263309375 0.259951228125 0.49478003125000003 0.291934178125 0.5010483296875 0.30325200625000004 0.48581248906249996
4 0.3058728140625 0.558928165625 0.3124746390625 0.530332521875 0.298481615625 0.513715403125 0.2882265484375 0.5146944796875 0.2786554421875 0.539257965625 0.276410071875 0.5610505406249999 0.2821041234375 0.5701739515625001 0.2945150359375 0.5719236890625 0.3058728140625 0.558928165625
4 0.5357382453125 0.7168582906250001 0.5451895015625 0.6855738453125 0.545029703125 0.6766125703125 0.5403536484375 0.6654930859375 0.5355129828125 0.6599133390625 0.531321140625 0.6611766718750001 0.5198786515625 0.6841925671875 0.509009896875 0.6950698921875 0.5063202640625 0.7067199703125 0.5116850921875 0.7269228531249999 0.5246249796875 0.7287947140625 0.5357382453125 0.7168582906250001
4 0.5177642062500001 0.801952490625 0.52428613125 0.768876209375 0.5132623890625 0.7562912468749999 0.5003624531249999 0.75665970625 0.49909994218750003 0.7597148765624999 0.49717417187499996 0.799430003125 0.493795765625 0.8019966796875 0.490781721875 0.8102252171875 0.48117547812500006 0.8180473718749999 0.484668921875 0.8367026640624999 0.48995866093749996 0.837923896875 0.4910117953125 0.8526691546875 0.509770396875 0.855884371875 0.5133230390625 0.8187759343750001 0.5207734375 0.8082249656249999 0.5177642062500001 0.801952490625
4 0.5909609140625001 0.7117586796875 0.5971136640625 0.6875215515625 0.5967141640625 0.6651183609375 0.580315971875 0.6613325390625 0.569691728125 0.6711507671875 0.5616276453125 0.6915999859374999 0.5651162750000001 0.724756290625 0.5716637140625 0.7374233640625001 0.5789494984375 0.7324121328125 0.5832260546875 0.7211284250000001 0.5909609140625001 0.7117586796875
4 0.6592370546875 0.6115044828125 0.6681593390625 0.580097915625 0.6646259437500001 0.5592023046875 0.655149175 0.5447433921875 0.6487615375 0.5410375953125001 0.6428581109375 0.5497146140625 0.6360613500000001 0.5526076484375 0.6296688984375 0.5634028625 0.6269792671875 0.5750529390625 0.6269296921875 0.6018146437499999 0.6247690343750001 0.61358684375 0.6387221078125 0.6279636453124999 0.6466167656249999 0.627555175 0.6509332703124999 0.6185117875 0.6592370546875 0.6115044828125
4 0.731522628125 0.69177915625 0.7339677484375 0.6811881765625001 0.7332789749999999 0.6721047765625 0.7270559484375 0.6628592421875 0.7124044781250001 0.6684010687499999 0.7080032609375 0.6874648296875 0.69823240625 0.7008267203125 0.6924088796875 0.7139843765625 0.6989563171875 0.7266514515625 0.7010674 0.74164095625 0.721657434375 0.7441634453125 0.7231245078125 0.7378088578125 0.7203597875 0.730477284375 0.7205691625 0.7126768546875 0.731522628125 0.69177915625
4 0.6941989125 0.5928029125000001 0.6993688031249999 0.5873031875 0.7009605359375 0.5731685453125 0.698974115625 0.5503989859375 0.688923609375 0.54807864375 0.679561878125 0.5548417015625 0.6760987593750001 0.5674287515625001 0.6773165078125001 0.5766342765625 0.6750711375 0.59842685 0.6659091546875 0.6163915015625 0.663788446875 0.6304040203125 0.673015890625 0.66042304375 0.6808706015625 0.6577742546875001 0.6892990484375 0.6429868953125 0.6931712890624999 0.6238010093749999 0.6929763531249999 0.5980984015625 0.6941989125 0.5928029125000001
4 0.828034140625 0.6091990859374999 0.834146940625 0.5827216390625 0.8304441234375 0.5818667765625001 0.827399753125 0.55885296875 0.824714934375 0.556002034375 0.803595925 0.553357421875 0.7972881875 0.5541322625 0.7934207578125 0.5588171359375 0.7864897078124999 0.5984922515625 0.7872983328125 0.6142966078125001 0.808986265625 0.6193036609375 0.815458615625 0.6129890859375 0.828034140625 0.6091990859374999
4 0.7982980125 0.69938663125 0.7982181109375001 0.6949059937500001 0.789724203125 0.661709678125 0.7738102203125 0.6703066734375 0.7692092546875 0.6781688390625 0.7661456359375001 0.7131590828125 0.7740354828125 0.727251625 0.7860820359375 0.723339503125 0.7846996749999999 0.719673715625 0.7864512109375 0.7145003484375 0.7923146859375 0.7035830109375001 0.7982980125 0.69938663125
4 0.783758675 0.48965359218750004 0.7865330187499999 0.467983140625 0.7875158796874999 0.44924573749999996 0.7776299875 0.441385659375 0.77347809375 0.44488931093749995 0.76790389375 0.44248685625000006 0.753247609375 0.46252969374999997 0.747574259375 0.5136506515625 0.7491164171875 0.5262777140625 0.766328046875 0.5313668796875 0.7753254171874999 0.5189419625 0.783758675 0.48965359218750004
4 0.5251847374999999 0.3909129171875 0.5301548781250001 0.374211596875 0.5250297500000001 0.36745062812499996 0.5097438921874999 0.3226463359375 0.49810646406250003 0.3199596234375 0.48019643749999996 0.3347890828125 0.48137423437500004 0.34175428750000003 0.4744080484375 0.36468807187499996 0.47708805625000006 0.38204001875000004 0.47468288437500006 0.3948713171875 0.47630975781249996 0.39747800624999996 0.48403980625000004 0.40260927031250004 0.49352138749999996 0.402567171875 0.51509428125 0.38635225625 0.52180633125 0.3934795953125 0.5251847374999999 0.3909129171875
4 0.5762396265625 0.314571578125 0.5832857125 0.2961184328125 0.5852066703125 0.27090431875 0.5782501078125 0.264836078125 0.5756004265625 0.278726475 0.56632340625 0.27546915781250003 0.5563528015625 0.277629453125 0.536162265625 0.2975101546875 0.5307031015625 0.3163296703125 0.532938846875 0.3235391203125 0.5416868921875 0.3266743140625 0.55987656875 0.3275270890625 0.5777018843749999 0.3227180046875 0.5762396265625 0.314571578125
4 0.24203783906249998 0.6423589187500001 0.2496576609375 0.611767203125 0.2465733421875 0.5865130796875 0.22492535937499997 0.58374634375 0.2079134796875 0.5898587734375 0.2040859984375 0.596783965625 0.2029433390625 0.6065600921875001 0.21334858125 0.64354431875 0.221403040625 0.6520971249999999 0.234587440625 0.6529098875 0.237681384375 0.6491619890625 0.24203783906249998 0.6423589187500001