4 0.48779296875 0.384765625 0.4970703125 0.3701171875 0.4931640625 0.3486328125 0.478515625 0.3134765625 0.470703125 0.3173828125 0.46728515625 0.3310546875 0.466796875 0.34375 0.47509765625 0.3720703125 0.474609375 0.376953125 0.48779296875 0.384765625
4 0.3544921875 0.3408203125 0.3623046875 0.341796875 0.37353515625 0.3310546875 0.37646484375 0.333984375 0.37744140625 0.3310546875 0.37744140625 0.32421875 0.36474609375 0.279296875 0.3623046875 0.2841796875 0.357421875 0.2822265625 0.353515625 0.287109375 0.3505859375 0.3037109375 0.34423828125 0.3125 0.34130859375 0.3115234375 0.34033203125 0.341796875 0.341796875 0.345703125 0.34912109375 0.345703125 0.3544921875 0.3408203125
4 0.38525390625 0.4267578125 0.38720703125 0.4130859375 0.3955078125 0.396484375 0.3955078125 0.388671875 0.39404296875 0.376953125 0.384765625 0.3515625 0.3779296875 0.349609375 0.3720703125 0.3583984375 0.37060546875 0.3681640625 0.37158203125 0.3857421875 0.365234375 0.4072265625 0.36474609375 0.4208984375 0.3681640625 0.4306640625 0.3798828125 0.431640625 0.38525390625 0.4267578125
4 0.45361328125 0.4560546875 0.45849609375 0.4482421875 0.458984375 0.4345703125 0.455078125 0.4228515625 0.4560546875 0.41796875 0.4541015625 0.412109375 0.43798828125 0.4111328125 0.42626953125 0.4267578125 0.4248046875 0.443359375 0.4267578125 0.45703125 0.44873046875 0.4580078125 0.45361328125 0.4560546875
4 0.56005859375 0.5185546875 0.56689453125 0.5234375 0.57177734375 0.533203125 0.58642578125 0.5341796875 0.595703125 0.5283203125 0.5986328125 0.513671875 0.60400390625 0.501953125 0.6044921875 0.4755859375 0.60107421875 0.4716796875 0.56982421875 0.46875 0.5498046875 0.474609375 0.548828125 0.4814453125 0.5517578125 0.4853515625 0.5517578125 0.4931640625 0.56005859375 0.5185546875
4 0.6474609375 0.376953125 0.654296875 0.392578125 0.6591796875 0.3955078125 0.669921875 0.4140625 0.681640625 0.4140625 0.6904296875 0.3681640625 0.68408203125 0.34765625 0.67529296875 0.33984375 0.67333984375 0.2861328125 0.666015625 0.2822265625 0.65771484375 0.28515625 0.65283203125 0.310546875 0.65478515625 0.3291015625 0.6484375 0.353515625 0.646484375 0.3681640625 0.6474609375 0.376953125
4 0.74267578125 0.5126953125 0.7470703125 0.5009765625 0.7490234375 0.482421875 0.748046875 0.4619140625 0.7158203125 0.4580078125 0.70166015625 0.46484375 0.70166015625 0.5009765625 0.70849609375 0.5166015625 0.73779296875 0.517578125 0.74267578125 0.5126953125
4 0.7099609375 0.572265625 0.71240234375 0.552734375 0.708984375 0.529296875 0.7001953125 0.5263671875 0.6845703125 0.5380859375 0.6845703125 0.564453125 0.69189453125 0.578125 0.703125 0.5791015625 0.7099609375 0.572265625
4 0.47900390625 0.6533203125 0.47900390625 0.642578125 0.4716796875 0.630859375 0.46630859375 0.6083984375 0.462890625 0.6064453125 0.45751953125 0.6103515625 0.451171875 0.619140625 0.44921875 0.626953125 0.451171875 0.65625 0.45849609375 0.6689453125 0.47021484375 0.669921875 0.47900390625 0.6533203125
4 0.44580078125 0.783203125 0.462890625 0.7841796875 0.466796875 0.771484375 0.4716796875 0.771484375 0.478515625 0.755859375 0.4716796875 0.7470703125 0.470703125 0.7392578125 0.46826171875 0.736328125 0.474609375 0.701171875 0.47412109375 0.6982421875 0.462890625 0.6953125 0.45068359375 0.7041015625 0.44970703125 0.734375 0.44580078125 0.7392578125 0.4501953125 0.75 0.44580078125 0.783203125
4 0.41552734375 0.6669921875 0.423828125 0.6572265625 0.43359375 0.62890625 0.4306640625 0.609375 0.42333984375 0.5986328125 0.408203125 0.5986328125 0.4033203125 0.6181640625 0.40380859375 0.640625 0.40869140625 0.650390625 0.41015625 0.6611328125 0.41552734375 0.6669921875
4 0.37890625 0.5576171875 0.39404296875 0.5478515625 0.39453125 0.537109375 0.39990234375 0.513671875 0.39990234375 0.5029296875 0.396484375 0.4921875 0.39111328125 0.48828125 0.3876953125 0.4794921875 0.38134765625 0.4814453125 0.3701171875 0.4921875 0.36279296875 0.509765625 0.3642578125 0.5390625 0.3701171875 0.546875 0.3720703125 0.5556640625 0.37890625 0.5576171875
4 0.28271484375 0.63671875 0.28271484375 0.642578125 0.30126953125 0.64453125 0.30615234375 0.6318359375 0.314453125 0.6220703125 0.31201171875 0.609375 0.30615234375 0.595703125 0.30615234375 0.578125 0.29443359375 0.5703125 0.287109375 0.5771484375 0.28466796875 0.5849609375 0.28466796875 0.5947265625 0.2900390625 0.615234375 0.28662109375 0.630859375 0.28271484375 0.63671875
4 0.33154296875 0.560546875 0.3359375 0.5751953125 0.34228515625 0.5791015625 0.3564453125 0.5546875 0.357421875 0.5419921875 0.35302734375 0.5244140625 0.35546875 0.5048828125 0.3583984375 0.4970703125 0.35791015625 0.4853515625 0.35107421875 0.4775390625 0.341796875 0.4775390625 0.33544921875 0.4970703125 0.333984375 0.509765625 0.33740234375 0.515625 0.33740234375 0.5205078125 0.33203125 0.54296875 0.33154296875 0.560546875
4 0.25146484375 0.515625 0.25537109375 0.501953125 0.25732421875 0.4658203125 0.2548828125 0.4609375 0.24951171875 0.458984375 0.23046875 0.45703125 0.2275390625 0.458984375 0.22021484375 0.478515625 0.216796875 0.478515625 0.216796875 0.5029296875 0.22705078125 0.5087890625 0.2314453125 0.515625 0.25146484375 0.515625
4 0.232421875 0.6083984375 0.23046875 0.611328125 0.240234375 0.6171875 0.25 0.6064453125 0.25439453125 0.5751953125 0.251953125 0.5673828125 0.23974609375 0.556640625 0.2255859375 0.583984375 0.224609375 0.587890625 0.22900390625 0.5927734375 0.23193359375 0.603515625 0.232421875 0.6083984375
4 0.302734375 0.4462890625 0.306640625 0.435546875 0.31201171875 0.3896484375 0.30322265625 0.369140625 0.2978515625 0.3701171875 0.294921875 0.3662109375 0.28466796875 0.37109375 0.28173828125 0.3876953125 0.27978515625 0.4072265625 0.28125 0.4345703125 0.28662109375 0.447265625 0.302734375 0.4462890625
4 0.5517578125 0.3896484375 0.56005859375 0.3916015625 0.56787109375 0.388671875 0.56982421875 0.38671875 0.5703125 0.375 0.576171875 0.3603515625 0.57470703125 0.3388671875 0.5771484375 0.3330078125 0.564453125 0.31640625 0.5537109375 0.31640625 0.53125 0.3525390625 0.525390625 0.357421875 0.5263671875 0.373046875 0.52880859375 0.3759765625 0.5361328125 0.37109375 0.5517578125 0.3896484375
4 0.52490234375 0.3134765625 0.533203125 0.3125 0.53662109375 0.306640625 0.53564453125 0.2890625 0.52197265625 0.267578125 0.513671875 0.263671875 0.5048828125 0.2646484375 0.50537109375 0.251953125 0.498046875 0.255859375 0.49462890625 0.2783203125 0.4970703125 0.2958984375 0.494140625 0.302734375 0.5087890625 0.310546875 0.52490234375 0.3134765625
4 0.73974609375 0.6630859375 0.74853515625 0.6572265625 0.76513671875 0.626953125 0.76611328125 0.6181640625 0.76416015625 0.611328125 0.75048828125 0.6025390625 0.73095703125 0.6005859375 0.72314453125 0.6220703125 0.7236328125 0.650390625 0.72607421875 0.6572265625 0.72802734375 0.6611328125 0.73974609375 0.6630859375