4 0.6577319328125 0.5734854953124999 0.6713620953125 0.5739137703125 0.6862570515625 0.57128145625 0.6910240562500001 0.5632173796875 0.6544757828125001 0.5449165140625001 0.631763334375 0.5391295953124999 0.6153844515625 0.5479562078125 0.6227636828125 0.5626428578125 0.628028528125 0.562486171875 0.6577319328125 0.5734854953124999
4 0.6503641390625 0.708903509375 0.682852784375 0.7101256593749999 0.6820262500000001 0.70691883125 0.6919120140625 0.7007872078124999 0.7099074437499999 0.6988965375 0.7154279390625 0.6950838593750001 0.7137018265624999 0.6897147718750001 0.719112759375 0.6874689468749999 0.6719617515625 0.6705260203125001 0.6646421 0.67001418125 0.6614320625000001 0.6708393906250001 0.6643499265624999 0.6741924609375001 0.652007615625 0.6854006921875 0.6524689328125 0.69383036875 0.6468388703125 0.6992099015625 0.64629104375 0.7070441749999999 0.6503641390625 0.708903509375
4 0.5674913890625 0.6768665484375 0.5821672140625 0.67736794375 0.60564661875 0.6721868796875 0.6243955390625 0.674547609375 0.63496175 0.6737119546875 0.6448109921875 0.6681026171875 0.6432309671875001 0.6606443890625 0.6167376 0.64881985625 0.604299190625 0.6463755640625 0.595933871875 0.645790603125 0.5775367046875 0.65342640625 0.5627513140625 0.6544918656250001 0.5571212515624999 0.6598713984375 0.5572903953125 0.672479353125 0.5674913890625 0.6768665484375
4 0.547933275 0.6109437515625 0.5658191375 0.6106199375 0.5834262921875 0.599255021875 0.5835858453125 0.5819465015625 0.57745794375 0.5794186421874999 0.5721565765625 0.5800976109375 0.559900775 0.57504189375 0.5452249484375 0.5745404984375 0.536494415625 0.5791783875000001 0.5340378671875 0.5842549953125 0.53344005625 0.6078309328125 0.547933275 0.6109437515625
4 0.51642886875 0.47543172343749995 0.5238215640624999 0.47489899375 0.53159294375 0.45392403437500006 0.5307933390625 0.4202784453125 0.5268663328125001 0.4163299703125 0.498596865625 0.4148780140625 0.48564715156249993 0.4197457078125 0.4697430515625 0.42178261875 0.46277514999999997 0.4312673109375 0.4627251640625 0.447008975 0.4728165921875 0.45296302343750006 0.4775336125 0.46064061250000005 0.5041000234374999 0.4714205734375 0.512465340625 0.47200553437500004 0.51642886875 0.47543172343749995
4 0.6874777625 0.37350263125 0.707199303125 0.37698105000000004 0.7347518 0.373659321875 0.7385096625 0.3649998390625 0.7348748296875 0.3568730875 0.6775093640625001 0.3507623484375 0.6698014359375 0.3407762609375 0.6483172625 0.3324510375 0.5985136343749999 0.338415525 0.5976371125 0.3509503609375 0.6167012625 0.3638299078125 0.619473040625 0.369272115625 0.63569236875 0.3777540234375 0.6450303078124999 0.3794566734375 0.6608613640625001 0.378464334375 0.6874777625 0.37350263125
4 0.5069468734375 0.3104941671875 0.5456364640625 0.3131996078125 0.5540152453125 0.2985651859375 0.5522430203125 0.26380190625 0.53035710625 0.2612218171875 0.5103433921875 0.2619216765625 0.49746672031249994 0.2657448 0.49187318125 0.2706020484375 0.49072754218750003 0.302012259375 0.5069468734375 0.3104941671875
4 0.4377004125 0.32402133593750004 0.46593335625 0.3259955765625 0.479650028125 0.3101599015625 0.4771704234375 0.300539415625 0.452330125 0.295128540625 0.43123422343750006 0.29627756562499996 0.42340326875 0.30307771250000004 0.4236089328125 0.315163384375 0.4377004125 0.32402133593750004
4 0.32195055781250004 0.5668002125 0.353174409375 0.5710829515625 0.3616858140625 0.5695787734375 0.3715715765625 0.56344715 0.3761559765625 0.5579944968749999 0.3743202984375 0.5541922625 0.35067175 0.54676536875 0.3386716015625 0.53805365625 0.327169290625 0.5372493359375 0.3087356015625 0.5454074234374999 0.30890474375 0.5580153796875 0.32195055781250004 0.5668002125
4 0.23818782343749997 0.5625174671875001 0.27067647031250003 0.5637396171875 0.2810004953125 0.5513405765625 0.2787035 0.5391086656249999 0.27560302812500004 0.5383670203124999 0.23748431874999998 0.542524403125 0.23452993281249998 0.53969361875 0.2262376609375 0.5380640890625 0.2173379828125 0.530094021875 0.20009604531249997 0.5362360890625 0.199730828125 0.5414589390625 0.1858450140625 0.5446866578125 0.18561241875 0.563039746875 0.2214937109375 0.5608252625000001 0.23266732656250003 0.566330146875 0.23818782343749997 0.5625174671875001
4 0.3351385859375 0.6186317609375 0.35915235 0.62083580625 0.3804308609375 0.617075359375 0.381563034375 0.600884528125 0.3706085484375 0.5922459359375 0.3499143859375 0.5876498265625 0.318859678125 0.59597504375 0.3077821625 0.6041226859375 0.3136544109375 0.6103065390625 0.32504715625 0.6126777140625 0.3351385859375 0.6186317609375
4 0.4409294484375 0.6685413140625001 0.47218982187499997 0.6723017671875 0.49155961093749995 0.6657836546875 0.503901921875 0.6545754234375 0.5064680328125 0.6479319609374999 0.497312703125 0.6436178859374999 0.493531784375 0.6375802734375 0.48228512500000004 0.6331199609375 0.4707828140625 0.632315640625 0.44528512343750004 0.63630589375 0.433746290625 0.6360238578125 0.422157471875 0.6514834890625 0.423737496875 0.6589417156249999 0.433002390625 0.661688934375 0.4409294484375 0.6685413140625001
4 0.375373525 0.749505903125 0.3858301703125 0.750237103125 0.39437809687500003 0.7482106390625 0.4022455765625 0.74088820625 0.394756778125 0.727768409375 0.3759348171875 0.72645225 0.361733771875 0.7191611531250001 0.348322740625 0.7155991671875 0.337245225 0.7237468109375 0.32328636875 0.7280191 0.323989871875 0.7480121640624999 0.33026385937499997 0.7484508828124999 0.3368300203125 0.744711325 0.3538163078125 0.74222525 0.375373525 0.749505903125
4 0.4640167046875 0.6990218593749999 0.470035040625 0.7031165734375 0.4837382453125 0.702500278125 0.5051263203125 0.697172975 0.5058202328125 0.6872495640625 0.49796621874999997 0.6793526171875001 0.4854547671875 0.6779528906250001 0.4768703203125 0.680501640625 0.45577441875 0.681650665625 0.43728115 0.675633940625 0.42361446718750007 0.6757279515625 0.396413721875 0.6890462125 0.40012159843750006 0.6961283953125 0.415477871875 0.7019257578125 0.4343363578125 0.7027196328125 0.45878838125000004 0.6986562593750001 0.4640167046875 0.6990218593749999
4 0.46858948125 0.8289767765624999 0.494731096875 0.8308047765625 0.4949867484375 0.82714878125 0.5164478671875 0.820776909375 0.5187583265625 0.8177894406249999 0.51809134375 0.797274090625 0.5164017546874999 0.7913827171875 0.5113560390624999 0.7884056937499999 0.4725203609375 0.78778939375 0.4575888828125 0.7909439921875 0.45609149374999997 0.8123576703125 0.4630824484375 0.8175700750000001 0.46858948125 0.8289767765624999
4 0.3782010078125 0.814258778125 0.382456709375 0.8135066890625 0.4127944484375 0.8004077890625 0.4022051796875 0.7865463484374999 0.394022471875 0.7833499640625 0.360232509375 0.7857106875000001 0.3479997640625 0.7953520640625 0.3535433171875 0.80623648125 0.3568263984375 0.8043667015624999 0.3620181984375 0.8052545859375 0.37330137812499997 0.809192615625 0.3782010078125 0.814258778125
4 0.575775915625 0.768767790625 0.59683529375 0.7681410515625 0.6148307234375 0.7662503828125 0.620826003125 0.7556480015625 0.616862475 0.7522218109375001 0.6183098796875 0.746549796875 0.5970083109375001 0.7356131515625 0.5474603359375 0.7379216453125 0.5356658515625 0.741295603125 0.53341496875 0.7584578843750001 0.5466068703125 0.765153575 0.575775915625 0.768767790625
4 0.6308176421875 0.50757314375 0.647475234375 0.5097876328125001 0.6531418171875 0.503885815625 0.6935114078125 0.4825661515625 0.6943148859375 0.47107588749999996 0.6774881500000001 0.456253440625 0.6710315546875 0.45842614531250003 0.6481364968750001 0.45525065 0.6320132671875001 0.46042126874999995 0.619428771875 0.46006611406250003 0.6171913546875001 0.4620090125 0.6134700125 0.4701462109375 0.6149404734374999 0.47917129375 0.63363940625 0.4972736875 0.6278632578125001 0.5047423609374999 0.6308176421875 0.50757314375
4 0.7112338453125 0.5446867140625 0.7298732 0.5486142984375 0.7541791390625 0.5466400640625 0.758909621875 0.539098271875 0.7452794609375 0.5386699968750001 0.7469825171875 0.5293419890625 0.743420728125 0.5201706671874999 0.7214387140625 0.5039380515625 0.7026897937500001 0.5015773218749999 0.6961601546875 0.504794596875 0.6944936187499999 0.51360031875 0.6964253968749999 0.5310550796875 0.7036950625 0.547308584375 0.7112338453125 0.5446867140625
4 0.3486036625 0.275803990625 0.378891415625 0.2784467546875 0.402480384375 0.2716988375 0.4018499234375 0.250661203125 0.39346155 0.235379146875 0.386287984375 0.23277816875 0.376803959375 0.2331646578125 0.34314661874999997 0.248655621875 0.3362152390625 0.2576180296875 0.337430046875 0.27029910625000003 0.34146661875 0.27268072656250003 0.3486036625 0.275803990625