4 0.62939453125 0.2587890625 0.63720703125 0.267578125 0.654296875 0.26953125 0.65966796875 0.279296875 0.662109375 0.2900390625 0.673828125 0.29296875 0.67919921875 0.271484375 0.6904296875 0.2470703125 0.6904296875 0.232421875 0.6875 0.2255859375 0.67822265625 0.220703125 0.67529296875 0.2119140625 0.66552734375 0.1982421875 0.65087890625 0.1875 0.6416015625 0.1923828125 0.6416015625 0.205078125 0.6337890625 0.240234375 0.62841796875 0.2470703125 0.62939453125 0.2587890625
4 0.70458984375 0.2470703125 0.7080078125 0.265625 0.71630859375 0.2822265625 0.72021484375 0.2822265625 0.7275390625 0.26953125 0.74365234375 0.2783203125 0.75048828125 0.2763671875 0.75634765625 0.265625 0.7607421875 0.244140625 0.76513671875 0.23828125 0.7646484375 0.228515625 0.724609375 0.193359375 0.689453125 0.177734375 0.68310546875 0.1806640625 0.685546875 0.2177734375 0.69287109375 0.234375 0.7001953125 0.23828125 0.70458984375 0.2470703125
4 0.79150390625 0.3662109375 0.7978515625 0.3564453125 0.80029296875 0.3271484375 0.7978515625 0.318359375 0.79296875 0.3134765625 0.79296875 0.30859375 0.79052734375 0.306640625 0.7783203125 0.322265625 0.77685546875 0.328125 0.77783203125 0.3466796875 0.7841796875 0.3623046875 0.79150390625 0.3662109375
4 0.78662109375 0.60546875 0.802734375 0.6171875 0.81494140625 0.603515625 0.81640625 0.5947265625 0.814453125 0.5751953125 0.81103515625 0.5634765625 0.806640625 0.560546875 0.806640625 0.55078125 0.79443359375 0.5439453125 0.78466796875 0.5595703125 0.78466796875 0.5751953125 0.7822265625 0.5849609375 0.78271484375 0.595703125 0.78662109375 0.60546875
4 0.86474609375 0.548828125 0.86279296875 0.541015625 0.84912109375 0.5322265625 0.83984375 0.5458984375 0.83544921875 0.5615234375 0.82177734375 0.591796875 0.82177734375 0.6005859375 0.83740234375 0.59765625 0.861328125 0.5595703125 0.86474609375 0.548828125
4 0.75439453125 0.6318359375 0.7470703125 0.62109375 0.73876953125 0.619140625 0.732421875 0.62109375 0.72705078125 0.6396484375 0.72705078125 0.654296875 0.736328125 0.6669921875 0.75048828125 0.6455078125 0.75439453125 0.6318359375
4 0.71044921875 0.736328125 0.71142578125 0.716796875 0.71875 0.7060546875 0.7236328125 0.6923828125 0.72314453125 0.681640625 0.71630859375 0.6748046875 0.70849609375 0.6767578125 0.7021484375 0.689453125 0.69970703125 0.7099609375 0.693359375 0.7294921875 0.69287109375 0.7353515625 0.69677734375 0.7421875 0.70654296875 0.7431640625 0.71044921875 0.736328125
4 0.6875 0.67578125 0.69482421875 0.650390625 0.69580078125 0.63671875 0.68505859375 0.6279296875 0.67919921875 0.6396484375 0.67626953125 0.6533203125 0.67529296875 0.6689453125 0.6767578125 0.6728515625 0.68115234375 0.6787109375 0.6875 0.67578125
4 0.6328125 0.58203125 0.634765625 0.5595703125 0.63232421875 0.5498046875 0.6220703125 0.5439453125 0.611328125 0.5556640625 0.61181640625 0.583984375 0.61865234375 0.5986328125 0.62451171875 0.59765625 0.6328125 0.58203125
4 0.60791015625 0.5400390625 0.6025390625 0.5068359375 0.59521484375 0.494140625 0.5849609375 0.5283203125 0.58203125 0.5458984375 0.5888671875 0.5615234375 0.60009765625 0.5576171875 0.60791015625 0.5400390625
4 0.5361328125 0.6337890625 0.537109375 0.6201171875 0.53271484375 0.5986328125 0.52099609375 0.587890625 0.51611328125 0.5888671875 0.51220703125 0.59375 0.509765625 0.6064453125 0.50927734375 0.615234375 0.513671875 0.6435546875 0.53271484375 0.64453125 0.5361328125 0.6337890625
4 0.6923828125 0.392578125 0.69580078125 0.3720703125 0.6953125 0.3642578125 0.68994140625 0.34765625 0.673828125 0.349609375 0.67041015625 0.353515625 0.67041015625 0.369140625 0.677734375 0.3896484375 0.68505859375 0.3994140625 0.6923828125 0.392578125
4 0.662109375 0.423828125 0.66259765625 0.4033203125 0.65869140625 0.3935546875 0.654296875 0.390625 0.6455078125 0.38671875 0.634765625 0.3955078125 0.63134765625 0.4072265625 0.6318359375 0.4345703125 0.63818359375 0.44140625 0.658203125 0.439453125 0.662109375 0.423828125
4 0.6591796875 0.3447265625 0.65673828125 0.326171875 0.64990234375 0.3115234375 0.6416015625 0.306640625 0.63720703125 0.31640625 0.63671875 0.3330078125 0.638671875 0.341796875 0.64794921875 0.349609375 0.6591796875 0.3447265625
4 0.599609375 0.2060546875 0.6103515625 0.19921875 0.6123046875 0.193359375 0.609375 0.177734375 0.599609375 0.1650390625 0.59130859375 0.1650390625 0.583984375 0.1728515625 0.57421875 0.171875 0.5693359375 0.1767578125 0.56884765625 0.197265625 0.5703125 0.2041015625 0.5751953125 0.2109375 0.599609375 0.2060546875
4 0.599609375 0.3056640625 0.6015625 0.28515625 0.59716796875 0.26953125 0.58642578125 0.2607421875 0.58056640625 0.2724609375 0.5771484375 0.291015625 0.58349609375 0.306640625 0.591796875 0.3125 0.599609375 0.3056640625
4 0.552734375 0.4775390625 0.56103515625 0.4716796875 0.5634765625 0.4658203125 0.56103515625 0.4453125 0.55615234375 0.4326171875 0.546875 0.4326171875 0.5419921875 0.4384765625 0.5390625 0.451171875 0.5390625 0.462890625 0.5419921875 0.47265625 0.552734375 0.4775390625
4 0.541015625 0.544921875 0.54345703125 0.5234375 0.5400390625 0.5087890625 0.52685546875 0.5048828125 0.52197265625 0.51171875 0.521484375 0.5302734375 0.52783203125 0.5498046875 0.533203125 0.552734375 0.541015625 0.544921875
4 0.49853515625 0.400390625 0.498046875 0.392578125 0.49560546875 0.390625 0.49609375 0.384765625 0.48974609375 0.3671875 0.486328125 0.3642578125 0.47802734375 0.3662109375 0.470703125 0.373046875 0.47021484375 0.392578125 0.474609375 0.4091796875 0.48681640625 0.41015625 0.49853515625 0.400390625
4 0.51904296875 0.427734375 0.517578125 0.400390625 0.513671875 0.3935546875 0.50537109375 0.392578125 0.50439453125 0.400390625 0.50927734375 0.4228515625 0.517578125 0.4326171875 0.51904296875 0.427734375
4 0.4892578125 0.6435546875 0.48876953125 0.62109375 0.482421875 0.6005859375 0.478515625 0.599609375 0.47412109375 0.60546875 0.46435546875 0.6337890625 0.46728515625 0.658203125 0.4736328125 0.66796875 0.482421875 0.666015625 0.4892578125 0.6435546875
4 0.39794921875 0.6015625 0.39990234375 0.587890625 0.39892578125 0.576171875 0.39306640625 0.5634765625 0.38671875 0.5625 0.37890625 0.5654296875 0.37255859375 0.5859375 0.373046875 0.599609375 0.3828125 0.61328125 0.39404296875 0.611328125 0.39794921875 0.6015625
4 0.50244140625 0.5693359375 0.505859375 0.55859375 0.50244140625 0.53515625 0.49755859375 0.5341796875 0.48779296875 0.5595703125 0.48486328125 0.5712890625 0.486328125 0.576171875 0.498046875 0.57421875 0.50244140625 0.5693359375
4 0.3984375 0.47265625 0.3955078125 0.4580078125 0.38818359375 0.453125 0.3818359375 0.458984375 0.375 0.4765625 0.37646484375 0.486328125 0.39013671875 0.48828125 0.3974609375 0.482421875 0.3984375 0.47265625
4 0.302734375 0.4775390625 0.3017578125 0.4619140625 0.29443359375 0.4443359375 0.2861328125 0.4443359375 0.2802734375 0.45703125 0.2802734375 0.46875 0.287109375 0.484375 0.29833984375 0.4892578125 0.302734375 0.4775390625
4 0.34130859375 0.23046875 0.34912109375 0.2275390625 0.3515625 0.2119140625 0.34912109375 0.1904296875 0.34130859375 0.1943359375 0.33349609375 0.205078125 0.3291015625 0.2158203125 0.330078125 0.22265625 0.33642578125 0.2216796875 0.34130859375 0.23046875
4 0.22119140625 0.6640625 0.2236328125 0.6611328125 0.2197265625 0.6337890625 0.22119140625 0.6162109375 0.21533203125 0.6103515625 0.212890625 0.5986328125 0.205078125 0.5947265625 0.19189453125 0.6181640625 0.19189453125 0.642578125 0.19677734375 0.658203125 0.20361328125 0.6640625 0.22119140625 0.6640625
4 0.2919921875 0.7763671875 0.30224609375 0.7841796875 0.3056640625 0.783203125 0.306640625 0.7587890625 0.2919921875 0.728515625 0.29296875 0.7109375 0.2880859375 0.689453125 0.27880859375 0.6767578125 0.265625 0.6865234375 0.26416015625 0.6943359375 0.263671875 0.7099609375 0.2705078125 0.7509765625 0.27880859375 0.763671875 0.2919921875 0.7763671875
4 0.27001953125 0.546875 0.27490234375 0.544921875 0.28466796875 0.5283203125 0.28369140625 0.5166015625 0.27587890625 0.5 0.26171875 0.4990234375 0.25732421875 0.5126953125 0.25732421875 0.525390625 0.265625 0.5439453125 0.27001953125 0.546875
4 0.27490234375 0.6259765625 0.28662109375 0.625 0.29443359375 0.6201171875 0.29833984375 0.6123046875 0.3056640625 0.615234375 0.30517578125 0.625 0.31005859375 0.6337890625 0.31396484375 0.65234375 0.3212890625 0.6513671875 0.33203125 0.634765625 0.3310546875 0.6259765625 0.32373046875 0.61328125 0.3232421875 0.607421875 0.3271484375 0.595703125 0.328125 0.576171875 0.32373046875 0.5654296875 0.32373046875 0.5595703125 0.314453125 0.5390625 0.30224609375 0.541015625 0.2919921875 0.552734375 0.275390625 0.5517578125 0.26904296875 0.55859375 0.255859375 0.5478515625 0.248046875 0.5478515625 0.2392578125 0.5615234375 0.2373046875 0.57421875 0.23681640625 0.5830078125 0.244140625 0.6396484375 0.26220703125 0.64453125 0.27490234375 0.6259765625
4 0.826171875 0.3759765625 0.833984375 0.3837890625 0.84033203125 0.3720703125 0.84033203125 0.3466796875 0.84326171875 0.3408203125 0.8330078125 0.3212890625 0.81787109375 0.298828125 0.81298828125 0.2958984375 0.81103515625 0.3046875 0.806640625 0.3095703125 0.80712890625 0.3291015625 0.826171875 0.3759765625
4 0.49609375 0.1982421875 0.501953125 0.1845703125 0.50341796875 0.1650390625 0.50146484375 0.158203125 0.4853515625 0.158203125 0.47705078125 0.1689453125 0.47509765625 0.173828125 0.4794921875 0.185546875 0.4892578125 0.197265625 0.49609375 0.1982421875
4 0.54296875 0.169921875 0.54345703125 0.162109375 0.5400390625 0.15625 0.5361328125 0.154296875 0.5302734375 0.158203125 0.52783203125 0.169921875 0.5322265625 0.1796875 0.537109375 0.1806640625 0.54296875 0.169921875
4 0.18994140625 0.560546875 0.19140625 0.5478515625 0.1884765625 0.5341796875 0.18017578125 0.5361328125 0.1748046875 0.544921875 0.17431640625 0.5576171875 0.17724609375 0.5673828125 0.18115234375 0.568359375 0.18994140625 0.560546875
4 0.31103515625 0.4228515625 0.31005859375 0.41015625 0.30615234375 0.4033203125 0.3017578125 0.4013671875 0.2919921875 0.4091796875 0.29150390625 0.4228515625 0.29443359375 0.4306640625 0.30224609375 0.431640625 0.31103515625 0.4228515625
4 0.55908203125 0.3447265625 0.56005859375 0.3203125 0.5556640625 0.31640625 0.54443359375 0.3251953125 0.54248046875 0.3330078125 0.54248046875 0.353515625 0.54443359375 0.3603515625 0.5546875 0.3544921875 0.55908203125 0.3447265625