4 0.7496850140625 0.6493391484375 0.7767900531249999 0.65645125 0.791832940625 0.6537987828125 0.7983224609375 0.6495523875 0.8016568625 0.6391410703125 0.810152103125 0.6345410109375 0.8224238203124999 0.622036784375 0.8308028046875 0.6050487515625 0.8241086125000001 0.5964057453125 0.8110714421875 0.59870455 0.7735538609375 0.5970475984375 0.7655612765625001 0.592769690625 0.753703796875 0.5958945234375 0.7460927109375 0.6055088765625001 0.7471815390625001 0.6234125749999999 0.7381255171875 0.6306966125 0.7275361453125 0.6351489031249999 0.7266495390625 0.6477137078124999 0.7496850140625 0.6493391484375
4 0.757579390625 0.7234320265624999 0.7696718296875 0.7275040390624999 0.7925304718749999 0.7281266203125 0.7993433671875 0.7315785 0.8092835453125 0.7293087593750001 0.8381364 0.6818256109374999 0.8478162250000001 0.6428933796875 0.843658246875 0.6369052890625 0.8059916749999999 0.6461320203125 0.7902693000000001 0.6566595937499999 0.7875840968750001 0.6648883624999999 0.7793541046875 0.670992709375 0.7609186890624999 0.6778625078125 0.7453731453125 0.689392940625 0.7460804703125 0.693404378125 0.7604438734375 0.6986270171875 0.7543358546875 0.716765675 0.757579390625 0.7234320265624999
4 0.73374083125 0.77003101875 0.7154846953125 0.760324578125 0.7092022921875001 0.7598812765625 0.6903247984374999 0.7642439265625 0.6754284546875 0.7735918093749999 0.67274325 0.7818205796875 0.6839212453125 0.7865708515625001 0.7144491000000001 0.7837730656249999 0.7230327546875001 0.7796744375 0.7271628953125 0.7737759859375 0.7321771921875 0.7728918296875 0.73374083125 0.77003101875
4 0.4759151484375 0.83255429375 0.48594374218749997 0.8307859828125 0.4907533671875 0.8170124234375 0.47293930624999997 0.809813128125 0.4568935609375 0.8126424265625 0.44642289062499996 0.8119035921875 0.43547985312500004 0.8143501625 0.42615858749999996 0.8201299109375 0.417041990625 0.8387990625 0.4332924078125 0.848859165625 0.44258338750000004 0.848771975 0.46228690937500005 0.843229634375 0.47370231250000006 0.837597653125 0.4759151484375 0.83255429375
4 0.4375388046875 0.8553486875 0.4433766796875 0.8708639421875001 0.48682055156250004 0.888537578125 0.49847091250000003 0.89010244375 0.5061401234375 0.8866820750000001 0.5126902203125 0.8710505656249999 0.496970296875 0.8639990390625 0.4801288078125 0.8623154718749999 0.4465645359375 0.8537572078125001 0.4375388046875 0.8553486875
4 0.353871653125 0.7796230234375 0.37849860625 0.790274196875 0.393245959375 0.791809996875 0.40295117812500003 0.7823434109375 0.40345383124999995 0.7734654453124999 0.40029871093749997 0.767300521875 0.3802718140625 0.7651445890625 0.3652289265625 0.7677970562499999 0.353871653125 0.7796230234375
4 0.338803371875 0.752809846875 0.3246168 0.748590065625 0.3031146796875 0.749796371875 0.2819080921875 0.7468144109375 0.27580252031249997 0.7473739671875 0.26948983125 0.7526232234375 0.2702552828125 0.762828646875 0.277982621875 0.7656022640625 0.2982166375 0.7630685015625 0.310574321875 0.768644803125 0.32549850625 0.7711834640624999 0.33644154375 0.768736890625 0.3422237390625 0.7604790578125 0.338803371875 0.752809846875
4 0.34081398749999997 0.717297984375 0.3370677984375 0.7195095968749999 0.3318463828125 0.72508345 0.3360043625 0.7310715421875 0.363404934375 0.733995378125 0.377621796875 0.7325226 0.3847023859375 0.71989966875 0.3716070890625 0.7160044875 0.3570365671875 0.7154715453125 0.34081398749999997 0.717297984375
4 0.4027636453125 0.6464003078125 0.40482749062499995 0.65224063125 0.4223763046875 0.6579356375 0.4457957265625 0.6558742390625001 0.4553822421875 0.6515987796875 0.45954267031249996 0.6400077703125 0.4455632171875 0.6310982921875 0.416568715625 0.6367278265625 0.4027636453125 0.6464003078125
4 0.44152394062500006 0.619919075 0.46099005625 0.6247589875 0.4941146984375 0.613231003125 0.505825634375 0.6034107546875 0.468868834375 0.5990698234375 0.4502868765625 0.5992442062500001 0.4354789453125 0.6090935187500001 0.44152394062500006 0.619919075
4 0.37502409999999997 0.5359961546875 0.3659099515625 0.5370862046875 0.3376227734375 0.5467271734375 0.340068121875 0.5664597609375 0.3517184828125 0.568024625 0.3659353421875 0.5665518484375001 0.3872025046875 0.558148696875 0.39611198281250004 0.5441692437500001 0.3942249671875 0.539331778125 0.3885033484375 0.5362044984375001 0.37502409999999997 0.5359961546875
4 0.6478076125000001 0.6579965296875 0.6280738015625 0.6692314265625 0.61937144375 0.6785211828125 0.6277176921875001 0.684804809375 0.6493966437500001 0.6846013625 0.6573311015625001 0.6826852828125001 0.6734071375 0.674163428125 0.66848370625 0.6579699140625 0.663853359375 0.65516723125 0.6478076125000001 0.6579965296875
4 0.60162285625 0.624778575 0.5736312140625001 0.6302312765625 0.567760603125 0.637987678125 0.573391359375 0.65819263125 0.5901444312499999 0.6593747703124999 0.6112928906249999 0.65616274375 0.6206141578125 0.650382996875 0.6228269953125001 0.6453396359375 0.625246953125 0.6356065796875 0.6142760765624999 0.6261666078125 0.60162285625 0.624778575
4 0.6701406578125 0.6204523328125 0.6637976796875 0.6313941437499999 0.6708455343749999 0.64204286875 0.68945778125 0.6361759296875 0.7032628515625 0.6265034484374999 0.7067740828125 0.6170949890624999 0.69594975 0.614350434375 0.6788127296875001 0.616855134375 0.6701406578125 0.6204523328125
4 0.833732759375 0.5337004296875001 0.8329673062499999 0.52349500625 0.8270688546875 0.519364865625 0.805920396875 0.522576890625 0.799165628125 0.525318996875 0.7930297703125 0.531571109375 0.8024648453125 0.555758434375 0.8114300015625 0.56555206875 0.81780081875 0.5664968015625 0.8333160718749999 0.560658925 0.84458493125 0.5483315265625001 0.8430818656250001 0.539807225 0.833732759375 0.5337004296875001
4 0.6962526312499999 0.557424865625 0.6917385406250001 0.5670101562500001 0.7001732031250001 0.5737952109375 0.7215869109375 0.5720874765625 0.7368369171875 0.5647453125 0.7439175078125 0.5521223796875 0.7308222109375 0.5482271984375 0.7111489765625 0.5480769828125001 0.6962526312499999 0.557424865625
4 0.5533513125 0.538675553125 0.5397836484375 0.537965778125 0.5277493390625 0.540087753125 0.5182512406249999 0.5448646421875 0.5151820875 0.55678025 0.52270230625 0.5642435671875 0.529161540625 0.565689728125 0.5497795046875 0.5594691265625 0.56193251875 0.552156025 0.5602526234375 0.5426288625 0.5533513125 0.538675553125
4 0.4364613109375 0.54429284375 0.434425303125 0.5503390640625 0.4438628265625 0.5569472875 0.4663678078125 0.5555641515625 0.4807917875 0.5494016765625 0.482416003125 0.5351557515625001 0.4745118328125 0.5313792734375 0.4553690921875 0.5342376359375 0.4364613109375 0.54429284375
4 0.6159804546875 0.45990276874999997 0.6076342078125 0.45361914218750005 0.5874886078125 0.4566543375 0.5712357406249999 0.46417333281250006 0.5724432703125 0.476885903125 0.5845938375 0.4871519015625 0.5925282953125001 0.485235825 0.5940919359375 0.4823750140625 0.60019750625 0.48181545625 0.6170995703125 0.4721139109375 0.6194892375000001 0.4680734109375 0.6159804546875 0.45990276874999997
4 0.5549476890625 0.5125430859375 0.5602272328125 0.51316321875 0.5880420453124999 0.5067076578124999 0.594354734375 0.5014584015625 0.593854528125 0.49275726718749996 0.5856548234375001 0.4931690578125 0.5634732171875 0.5022504703124999 0.5549476890625 0.5125430859375
4 0.31418040625 0.501743828125 0.305301215625 0.510030725 0.308898415625 0.5187027953125 0.3332019953125 0.52165569375 0.3561793421875 0.5170871484374999 0.37608998437499996 0.506855109375 0.37638551875 0.5026668421875 0.369572621875 0.49921496093749995 0.33872139375 0.4943144734375 0.31418040625 0.501743828125
4 0.37123936875 0.39138098125 0.3572877546875 0.3943580453125 0.34501603593749997 0.40686227343750003 0.3490553140625 0.41804149218750003 0.3597912296875 0.42028461874999995 0.374184921875 0.4198147 0.3860424015625 0.4166898671875 0.39801858437500004 0.40837390781250005 0.397872040625 0.401678490625 0.3934488140625 0.3941861109375 0.37123936875 0.39138098125
4 0.4018687890625 0.5064457671875 0.40599647968749997 0.5181264156250001 0.4118065171875 0.5217551265625 0.42345687656250003 0.5233199921875 0.4469065890625 0.5155660375 0.4470252921875 0.5103749093750001 0.419182640625 0.504943928125 0.40661783749999997 0.5040573234375 0.4018687890625 0.5064457671875
4 0.47470825000000005 0.39174933125 0.48205163906250004 0.3982097890625 0.49225706406249997 0.3974443359375 0.5067694578124999 0.3917832921875 0.5104575203125 0.3833776921875 0.5032909625 0.37792009531250004 0.484001678125 0.37408303906249996 0.47423833281250005 0.377355640625 0.47470825000000005 0.39174933125
4 0.460064003125 0.28524035937500003 0.45708326406250005 0.2976573953125 0.46991331562500005 0.300048290625 0.48578223125 0.29621613125 0.5025074640625 0.28551172812500003 0.5010043984375 0.276987425 0.4869062421875 0.2732690734375 0.47487193124999993 0.275391046875 0.460064003125 0.28524035937500003
4 0.7434540265625 0.27973474375 0.7366108437500001 0.2819754203125 0.7387631046875 0.288317175 0.730621528125 0.29492295 0.7350447546875001 0.30241533125000003 0.7515325796875 0.30209318125 0.7731534046874999 0.2956957484375 0.7677273171875 0.28838019843749996 0.75528121875 0.28230246718749996 0.7434540265625 0.27973474375
4 0.33188709375 0.22098210312500002 0.3054312546875 0.21168745156250002 0.28035977343749996 0.21610823125 0.26519818125 0.22395182500000002 0.26041884375 0.23203282656250002 0.2636018046875 0.2500842921875 0.2670524609375 0.252060946875 0.29442519375 0.2430982375 0.31274190625 0.2414195671875 0.31769807499999997 0.234341425 0.3292903078125 0.229712303125 0.33188709375 0.22098210312500002
4 0.24964039843750002 0.3233777578125 0.260997671875 0.311551790625 0.2485818578125 0.2997815015625 0.2402937390625 0.29969186406250004 0.22415957656250002 0.30201973125000003 0.18327730625 0.316466653125 0.1717432015625 0.3272897609375 0.161093253125 0.34312716718749997 0.15492710468749998 0.35507183750000004 0.156548871875 0.3584050140625 0.181797184375 0.35498709375000004 0.21023335312500002 0.33446244062499997 0.22846165 0.3322823390625 0.24964039843750002 0.3233777578125
4 0.4255877359375 0.2597812578125 0.412550565625 0.26208006250000004 0.3949993046875 0.27396415625000003 0.3927864671875 0.2790075171875 0.3956763421875 0.28366815 0.41449325937500003 0.2906906125 0.4263507390625 0.2875657796875 0.44198469687499997 0.276536778125 0.44042350468749997 0.2618184875 0.4255877359375 0.2597812578125
4 0.31078207343750003 0.335862715625 0.29243507343749997 0.34323394375 0.294764165625 0.35057855781249997 0.313757915625 0.358603878125 0.32260681562500004 0.3560095390625 0.334317753125 0.3461892921875 0.3402464921875 0.344626875 0.35298812812499997 0.3465163375 0.37322214374999996 0.34398257499999996 0.3834578546875 0.337524565625 0.389475009375 0.3364635796875 0.40885515781250004 0.3232229609375 0.40463905 0.311040884375 0.3907480125 0.3026328359375 0.38874474375 0.285407396875 0.380575325 0.28012663125000004 0.38921955625 0.2646428890625 0.3878049078125 0.256620015625 0.3721733984375 0.2500699171875 0.3587825671875 0.2503630046875 0.3496684171875 0.2514530546875 0.2928288171875 0.2692307046875 0.2910858953125 0.28866775625 0.3124390265625 0.298345134375 0.315563859375 0.3102026140625 0.32199280468749997 0.3173413328125 0.330723003125 0.31993811875 0.32904065781249997 0.3279900578125 0.3189236515625 0.32925693906250003 0.31078207343750003 0.335862715625
4 0.7467149765625 0.7966964296875 0.7488394 0.7911516390625 0.7394600046875001 0.7907374015624999 0.7336499671875 0.787108690625 0.7136811984375 0.7911467421875 0.6689921640625001 0.8191903921874999 0.6623839390625 0.828627915625 0.6755676515625 0.8330245265625 0.7016419921875 0.8284269171875 0.708189640625 0.8303745078125001 0.7263900984375 0.8163078625000001 0.7467149765625 0.7966964296875
4 0.8130132281250001 0.42205845625 0.8017746578124999 0.42869329843750004 0.7915086578125 0.44084386249999996 0.7917436171875 0.44804070781250005 0.8068446328125001 0.45158222812500004 0.8271670640625001 0.44954989375 0.8338334156249999 0.446306359375 0.8309157015625 0.42975918125 0.8183811875 0.4231800203125 0.8130132281250001 0.42205845625
4 0.81734069375 0.48178670781250005 0.817221990625 0.4869778359375 0.8293144281249999 0.4910498484375 0.8374257187499999 0.49013662968749994 0.842823965625 0.48556563593749996 0.8441223578124999 0.4812005359375 0.839049934375 0.47589070468749994 0.8265735453125 0.47550553124999995 0.81734069375 0.48178670781250005
4 0.354927465625 0.18744934375 0.35463193125000003 0.1916376125 0.364246284375 0.1992486953125 0.3775487015625 0.1984541796875 0.3910582359375 0.19296996718749998 0.3875494546875 0.1847993265625 0.37755115 0.1808750796875 0.364425565625 0.18267245468749999 0.354927465625 0.18744934375
4 0.51654749375 0.28303609218750003 0.5169592828125 0.291235796875 0.527576496875 0.2986700484375 0.540436834375 0.295368384375 0.546749525 0.29011913125 0.547959503125 0.2852526015625 0.5381683171875 0.276638659375 0.5240398734375 0.27861286406249997 0.51654749375 0.28303609218750003
4 0.634022128125 0.5270362093750001 0.6418960109375 0.53650524375 0.65272034375 0.5392497984375 0.6779686546875 0.5358318796875 0.68118435 0.5306116890625 0.6701250609375 0.5206702890625 0.6617485249999999 0.5200792203125 0.6406884796875 0.5237926734375 0.634022128125 0.5270362093750001