4 0.2084301515625 0.6679599140625 0.1945641171875 0.670156078125 0.1908341828125 0.6811226968749999 0.205098284375 0.6952464171875 0.221718471875 0.703535990625 0.23182429531249998 0.7052119718750001 0.23876054375 0.714489234375 0.24673313125 0.7165030875 0.2627324015625 0.7139690515625 0.2874571890625 0.6974927828124999 0.3099946421875 0.687916125 0.3047697453125 0.6756373234375 0.2926150640625 0.6748319484375 0.281020740625 0.670661234375 0.2759343171875 0.652353425 0.2649847265625 0.64535010625 0.25201655624999997 0.6463118671875 0.24547837343749998 0.6533544890625 0.2084301515625 0.6679599140625
4 0.2298900921875 0.713709784375 0.188936721875 0.7174656734375 0.18683376406250002 0.72489801875 0.209974778125 0.760551875 0.255291921875 0.79815435625 0.2660424796875 0.796997734375 0.271682796875 0.791189515625 0.2943890046875 0.7826783265625 0.3051092828125 0.7744272296875 0.30606124375 0.7666310859375 0.29367725 0.75057129375 0.3062776328125 0.7403841234375 0.3056026203125 0.736122253125 0.2860357078125 0.7299376875 0.2651793265625 0.7294183296875001 0.25482037343749997 0.7261441468750001 0.24928825 0.7188288828125 0.2298900921875 0.713709784375
4 0.366196384375 0.7942412578125 0.36004980625 0.7968530734375 0.3450933359375 0.8128743875 0.3476484546875 0.8152001859375 0.35298154375 0.8143555062500001 0.359158403125 0.818838165625 0.3691798484375 0.8199814140624999 0.40075650781250005 0.8122496734375 0.4103257921875 0.8036347765625 0.40479366875 0.7963195140625 0.38663088125 0.792096946875 0.366196384375 0.7942412578125
4 0.637400784375 0.7600242640625 0.620334896875 0.762727234375 0.6049565421875001 0.77608488125 0.6145322875 0.788220675 0.6251984687500001 0.7865313171875 0.6291577125 0.7908191140625 0.642547765625 0.7925210218750001 0.6642176359375 0.7912732421875 0.6735640671875001 0.7881546203124999 0.686387303125 0.7724711765625 0.670803453125 0.7569181921875 0.6594622578125 0.7543456796875 0.6476450828125 0.7556712390625 0.637400784375 0.7600242640625
4 0.6715454875 0.7961197 0.661945925 0.797640121875 0.6312433125 0.8177936718750001 0.6149368140625 0.8252912468750001 0.60160731875 0.8377782874999999 0.61356943125 0.8511744109375 0.6224398812499999 0.8519538609374999 0.6335820437499999 0.8463664312500001 0.6710456890625001 0.8136739859375 0.6715454875 0.7961197
4 0.7138403953125 0.6834778906250001 0.6978411234374999 0.6860119265625 0.678503525 0.6950817765624999 0.6774671859375 0.7023451859375001 0.6810348281249999 0.7110637890625 0.6940332765624999 0.7171965015625 0.708290915625 0.7105695328125 0.7293095890625 0.6914036671875 0.7138403953125 0.6834778906250001
4 0.796463325 0.632164865625 0.7901479921875 0.6337112140625 0.769912528125 0.644015465625 0.7479354328125 0.650226784375 0.7351662953125 0.6593484890625 0.7343830875 0.6682101 0.7430306890625 0.6744858218750001 0.7548478625 0.6731602624999999 0.7689367484375 0.6654678265625 0.779403896875 0.6556185265625001 0.8005675046875 0.6511743453125 0.8073588171875 0.645729925 0.8046046640625001 0.6352441859375 0.796463325 0.632164865625
4 0.7208957328125 0.6244740796875 0.703998596875 0.62824251875 0.6895722046875 0.633804021875 0.677785309375 0.642224053125 0.6892411593750001 0.652423775 0.704005059375 0.6489932078125 0.7304714765625 0.6366098734375 0.732574434375 0.6291775281249999 0.7254153343749999 0.6253965390625 0.7208957328125 0.6244740796875
4 0.6171309843749999 0.5699161015625 0.5861146828125 0.574282503125 0.5751715546875 0.5880298734375 0.583343175 0.5982036671875 0.5944312390625 0.5991779796875 0.618625946875 0.5931615234375001 0.6342574328125 0.581402078125 0.6343115296875 0.5748403375 0.6171309843749999 0.5699161015625
4 0.5703858984375 0.5440078359375 0.5516930328125 0.55024508125 0.5161333124999999 0.5673452390625 0.5312649984375 0.57314008125 0.5684581578125 0.5732563390625 0.5863072546875 0.5616917546875 0.5886330609375 0.5487631359375 0.5703858984375 0.5440078359375
4 0.6335436484375 0.452636075 0.6240284625 0.4546892296875 0.6105843125 0.4595490625 0.605926234375 0.4646556109375 0.605703384375 0.4701518828125 0.619461225 0.4810792015625 0.6436862125 0.48215721875 0.6584501125 0.47872665156250005 0.6695922750000001 0.473139221875 0.6652349640625 0.45253154218749997 0.6335436484375 0.452636075
4 0.392600215625 0.6710100046874999 0.3755343265625 0.673712975 0.371858490625 0.6781178546875 0.3725096859375 0.6960359390625 0.39157033750000003 0.699024103125 0.40018765937499995 0.6982053515625 0.421996003125 0.6909285656249999 0.42819667812500006 0.681755009375 0.416264846875 0.6754533609375 0.392600215625 0.6710100046874999
4 0.45739786406249994 0.617605346875 0.42744818125000006 0.6218028140625 0.4152394015625 0.6275591781250001 0.407496128125 0.640799740625 0.4132813796875 0.6497132062500001 0.4172406265625 0.654001003125 0.42858182031250003 0.6565735140625 0.4508964234375 0.65249313125 0.4672872984375 0.645528290625 0.4659610890625 0.6233483359374999 0.45739786406249994 0.617605346875
4 0.3473133515625 0.6405019984375 0.32926522187499996 0.6439066390625 0.31935843125 0.6503905999999999 0.32612592500000004 0.6586023937500001 0.34330647187499996 0.66352663125 0.36399409843749997 0.662980521875 0.367386525 0.6498829671874999 0.357250421875 0.6411125109375 0.3473133515625 0.6405019984375
4 0.187325071875 0.5899340734375 0.1650104703125 0.5940144562499999 0.16052114687500002 0.6001864718750001 0.1632752984375 0.6106722125 0.15600800625 0.6200147031250001 0.1574424109375 0.6290711765625 0.1729959796875 0.6375296859375 0.1905681296875 0.63802311875 0.19663033125 0.6348785671875 0.20224037031250003 0.6219758765625001 0.20335462343750002 0.5944945109375 0.1950445296875 0.590349725 0.187325071875 0.5899340734375
4 0.29115481249999997 0.58277271875 0.27147970625 0.5897116328124999 0.25969281093749996 0.5981316671875 0.2711486625 0.6083313875 0.288973940625 0.6104230187499999 0.3110354140625 0.6047444343749999 0.31715171249999996 0.5950381453125 0.3093176 0.5869952859375 0.29115481249999997 0.58277271875
4 0.4594987921875 0.51351403125 0.44613901718750004 0.5189065984375001 0.44058307656249995 0.5252475484375 0.442186234375 0.5353694890625 0.45689603749999996 0.5385006640625 0.4797169 0.5376166828125 0.485694725 0.5339394000000001 0.49066002812500004 0.5238693109375 0.48347065 0.5129938484375 0.472298209375 0.5114868015625 0.4594987921875 0.51351403125
4 0.5428572953125 0.480651825 0.5226759265625 0.48439433593750003 0.5160533671875001 0.49090422343749995 0.5225980125 0.5046122921875 0.539187921875 0.50580739375 0.562231634375 0.4994271390625 0.5694145515625 0.4895519140625 0.565286553125 0.4841986484375 0.5428572953125 0.480651825
4 0.3836045890625 0.44853471718750004 0.36235660468750003 0.45244616562499995 0.356155928125 0.4616197203125 0.35545709531249997 0.47101406562500003 0.35924758749999997 0.47423639531250006 0.3795436109375 0.478121090625 0.3858589421875 0.47657474375 0.3884140625 0.47890054062500004 0.397031384375 0.4780817875 0.40567252343750004 0.463606821875 0.40249648593750004 0.45045741250000004 0.3836045890625 0.44853471718750004
4 0.3980439046875 0.4844745921875 0.3896797140625 0.4868915453125 0.39218073593749997 0.49577908437499996 0.40032207656249996 0.498858403125 0.4304405125 0.4957264046875 0.43552047343750006 0.493283525 0.4234198875 0.48591640937499997 0.3980439046875 0.4844745921875
4 0.6732184453125 0.399387803125 0.6460467328124999 0.4004147921875 0.6168023421875 0.41596860312499995 0.6111620249999999 0.42177682031249997 0.6129036578125 0.4258697546875 0.636399534375 0.42924764375 0.6610161265625 0.4258948546875 0.6843670687500001 0.4145510625 0.6849815234375 0.40462398281249995 0.6732184453125 0.399387803125
4 0.5929366500000001 0.306706334375 0.5779196203125 0.30853870156249996 0.5566175390625 0.3190118890625 0.5547677125 0.3280424359375 0.5569312281250001 0.3347990375 0.571809784375 0.3389956796875 0.5847779546874999 0.33803391718750003 0.5993731 0.3335378828125 0.60936426875 0.3275866578125 0.6095568390625 0.31499590781250003 0.5929366500000001 0.306706334375
4 0.581327 0.43360149375 0.5690338421875001 0.43882512656249995 0.5429893078125 0.453872128125 0.5448996921875 0.45903053125 0.5710891625000001 0.458705209375 0.582231325 0.45311778125 0.586805025 0.4474784984375 0.58691321875 0.4343550171875 0.581327 0.43360149375
4 0.469799590625 0.33003201249999997 0.4588802796875 0.3301231671875 0.440862428125 0.3406222828125 0.43555961875 0.3485614359375 0.44215835937500003 0.35570776406250004 0.458663890625 0.35637013125 0.46916131875 0.35361530625 0.47429537499999996 0.3446106859375 0.469799590625 0.33003201249999997
4 0.4339782484375 0.228124309375 0.4211788328125 0.2301515375 0.4083253171875 0.2387405078125 0.409759721875 0.24779698125 0.4302244984375 0.25274714375 0.44745914062500003 0.251109640625 0.45949916718750006 0.2442878078125 0.4522254109375 0.23287961093749998 0.4339782484375 0.228124309375
4 0.166161840625 0.32515203125 0.15518843124999998 0.331804928125 0.1448056609375 0.3421869609375 0.141889215625 0.35138644218750004 0.16577669687500002 0.3503335265625 0.182420703125 0.3449668859375 0.1842705296875 0.3359363390625 0.17382720000000002 0.332129421875 0.1737969203125 0.3250349484375 0.166161840625 0.32515203125
4 0.608564078125 0.1016289484375 0.5818986265625 0.105852340625 0.5585779640624999 0.124290609375 0.5641944640625 0.13213860625 0.5774157640625 0.1327750453125 0.58482799375 0.1381542359375 0.6037739890625 0.13351519375 0.634314309375 0.1330468625 0.6370922796875 0.1298763859375 0.6340547171875001 0.11069797343750001 0.6264737359375 0.1042533140625 0.608564078125 0.1016289484375
4 0.6945641046875 0.16828424375 0.67758259375 0.1715199484375 0.6693027781249999 0.1744696359375 0.66091476875 0.190542803125 0.6763839625 0.1984685796875 0.7006933281250001 0.20007933125 0.7197237000000001 0.19597302187500001 0.7553201625 0.2067180265625 0.781816859375 0.2014291671875 0.782292840625 0.1975310953125 0.771987984375 0.187695171875 0.755843778125 0.175507525 0.7405433390625 0.168647215625 0.6945641046875 0.16828424375
4 0.47801035625 0.1954837171875 0.46383709375000004 0.2026434203125 0.46735063749999994 0.21792376406249997 0.486833171875 0.223575596875 0.4998013421875 0.2226138359375 0.5162463140625 0.2090872546875 0.5175357843749999 0.20342204531250002 0.5135765390625 0.1991342484375 0.491876390625 0.19328755312499998 0.47801035625 0.1954837171875
4 0.551263034375 0.1609455296875 0.5417478499999999 0.162998684375 0.5282193203125 0.167325784375 0.51480545 0.17928009218750002 0.5161554765624999 0.18780383125 0.530166446875 0.2003293484375 0.5237970171875 0.2084374375 0.5277324453125 0.22638144843750002 0.516704940625 0.2395960859375 0.516681121875 0.2532523 0.540683259375 0.2598265921875 0.5470829671875 0.25881297812500004 0.5595751578125 0.2617492890625 0.580738765625 0.25730510624999997 0.59286316875 0.2510160078125 0.599347253125 0.250535128125 0.6144789390625001 0.25632996874999997 0.62424725625 0.2558750140625 0.6405234765625 0.2412829671875 0.6403244421875 0.2331230234375 0.619383684375 0.2320709328125 0.6089403546875001 0.22826401718749997 0.59835855 0.230486109375 0.5938930453125 0.22300190937500003 0.6017509765625 0.21738855468749999 0.6057340375 0.20802013437500003 0.604775615625 0.195065590625 0.6228475640625 0.178004734375 0.6143925343750001 0.159138265625 0.551263034375 0.1609455296875
4 0.346503921875 0.8355870765625 0.33724186562499997 0.8392384328125001 0.3412854875 0.8440589624999999 0.36843338124999997 0.8566881875 0.3915376546875 0.8644968828125 0.397431103125 0.8602868640624999 0.4251631734375 0.8558945359375001 0.4368656921875 0.8469417703125 0.42698272031249995 0.839769515625 0.372494359375 0.8271018124999999 0.35107762187499997 0.82994779375 0.346503921875 0.8355870765625
4 0.14552590625 0.491703653125 0.1405303234375 0.49467926562500003 0.130231928125 0.5055940328124999 0.1330163609375 0.523174246875 0.14082019375 0.52412263125 0.161899425 0.519145715625 0.1758195578125 0.5103878109375 0.17357166562499998 0.5030984734375 0.1590847140625 0.494471028125 0.14552590625 0.491703653125
4 0.1503721203125 0.5499146390625 0.1379945875 0.5546055359375 0.13474063593750002 0.561674084375 0.1375488859375 0.5655980828125 0.1445392328125 0.5683136046875 0.1529878 0.566429384375 0.163708078125 0.5581782875 0.1617976921875 0.553019884375 0.1503721203125 0.5499146390625
4 0.5127307437499999 0.097147940625 0.49894908437499996 0.09987683750000001 0.490277665625 0.10725733125 0.48957883437499994 0.116651675 0.5050177484375 0.117482978125 0.518630653125 0.1136886125 0.525644815625 0.10274792031249999 0.523903184375 0.0986549859375 0.5127307437499999 0.097147940625
4 0.3857878640625 0.2483171640625 0.3709395875 0.2512149984375 0.3640941765625 0.2632211578125 0.3669868046875 0.2676778890625 0.3751281453125 0.2707572109375 0.389162934375 0.2696265140625 0.3972437140625 0.2585168859375 0.39482706875 0.25016208125 0.3857878640625 0.2483171640625
4 0.353427621875 0.5341367375 0.3310286421875 0.5376843874999999 0.3228332046875 0.5411668093750001 0.3151743078125 0.55494010625 0.32020016875 0.5590589671874999 0.34669686718750004 0.55377010625 0.3566036578125 0.547286146875 0.3612314546875 0.5350851234375 0.353427621875 0.5341367375