3 0.44150818125 0.22815743593749999 0.432304265625 0.226760646875 0.418917234375 0.230347690625 0.40073120468749995 0.240739153125 0.394912340625 0.2560946375 0.3985634140625 0.26560154062499997 0.40598371406249995 0.2685799546875 0.4210903328125 0.2672914125 0.44051803125 0.2615339234375 0.45615669375 0.2457546453125 0.45497905312500003 0.2372405453125 0.44150818125 0.22815743593749999
3 0.766548490625 0.46500084218750004 0.7579604578125 0.4617834703125 0.735847428125 0.4616382546875 0.72630355625 0.4630918234375 0.7050282125 0.4743110625 0.689187559375 0.49345558437500003 0.6920108515625001 0.49987317343750004 0.699569115625 0.5033664734375 0.7269049359374999 0.50652706875 0.7351431109375001 0.5043196562500001 0.7480423171874999 0.49479294218750003 0.767514234375 0.46860504374999995 0.766548490625 0.46500084218750004
4 0.63666531875 0.6763958859375 0.58127945 0.7044809562500001 0.5919864593749999 0.7567973203125 0.61113823125 0.750010059375 0.6360448390625 0.7317474421875 0.6984912390625 0.6929408593749999 0.7064435796875 0.6814285359375 0.7021026906250001 0.6693472015624999 0.67037185625 0.666260540625 0.63666531875 0.6763958859375
4 0.6397143 0.5271304640625 0.6254453640625 0.5397834609375 0.62676096875 0.548812446875 0.641271515625 0.565894771875 0.6563042015625 0.560211215625 0.7017963375 0.528154928125 0.6774019609375 0.5153765265625 0.6535792500000001 0.5212079515625 0.6397143 0.5271304640625
4 0.6553193609375 0.655393815625 0.6509883750000001 0.651587621875 0.6255101046875 0.651240415625 0.6147885921875 0.64417988125 0.6180799 0.6399868609375 0.6158084609375 0.635628815625 0.606190653125 0.63268736875 0.5950011296875 0.6362374453124999 0.5866989265625 0.6423249859375 0.583821509375 0.6480626625 0.58815249375 0.6518688578125 0.582323725 0.6589492015625 0.59183328125 0.68620118125 0.6004213171874999 0.6894185546875 0.6198490140625 0.6836610671875001 0.6331621125 0.675679009375 0.6553193609375 0.655393815625
4 0.58577209375 0.556484265625 0.575474378125 0.5592435296875 0.5699215343749999 0.5673536453125 0.57831748125 0.5822114 0.5812246156249999 0.60129914375 0.595237434375 0.60416665625 0.620134134375 0.5776288984375 0.6155912546875 0.5689128046875 0.6011645453125001 0.5645006359375 0.593808275 0.5576420953125 0.58577209375 0.556484265625
4 0.5424827750000001 0.6503096968750001 0.5369200265625 0.6501446718749999 0.5144030125 0.6567299390625 0.5043270984375 0.6726742453125001 0.50900794375 0.6819052218749999 0.527829665625 0.6862434562499999 0.5448578656249999 0.6838881765625 0.5515144125 0.6798971484375 0.55267224375 0.6718609671875 0.5492871906250001 0.6551086953125 0.5424827750000001 0.6503096968750001
4 0.4321288140625 0.5391564421874999 0.41497255624999996 0.549271978125 0.4141645875 0.56273294375 0.42660568750000005 0.5720919796875 0.4493345984375 0.5704166109375 0.4660769671875 0.5587564171875 0.46785067812500003 0.5488996515625 0.4600805171875 0.5404964546875 0.43844540781249997 0.53801576875 0.4321288140625 0.5391564421874999
4 0.28386610156250003 0.5419091671875 0.2610731625 0.5474646640625 0.2490756671875 0.5644757078125 0.251623034375 0.5698635249999999 0.270380728125 0.5780818875 0.290020325 0.5772342984375001 0.2961989546875 0.5755787390625 0.3014118421875 0.5703189796875 0.3019339796875 0.5475531 0.292656128125 0.5417612984375 0.28386610156250003 0.5419091671875
4 0.40980777343749997 0.365233278125 0.4030772921875 0.3648292921875 0.391749803125 0.36786448437499997 0.385029225 0.375735640625 0.385103159375 0.38013065468749996 0.3946569375 0.3869522265625 0.4015253828125 0.387871096875 0.4159421859375 0.3840081265625 0.4199873390625 0.37850940781250003 0.4199774328125 0.37023426718749997 0.40980777343749997 0.365233278125
4 0.3091409578125 0.314947453125 0.307431275 0.320924090625 0.3178768609375 0.326954853125 0.3259770703125 0.3242325546875 0.335649 0.3150187328125 0.3376986390625 0.3061917390625 0.3341214984375 0.3010798484375 0.31675334374999997 0.306285484375 0.3091409578125 0.314947453125
4 0.7966488859374999 0.540265265625 0.7859471859375 0.5497550125 0.7705844500000001 0.5665640640625 0.768736803125 0.5720258171875 0.7729298250000001 0.5753171234375001 0.810829384375 0.568473084375 0.8218070125000001 0.560013109375 0.8224129890625 0.549917384375 0.8074984562499999 0.53956554375 0.7966488859374999 0.540265265625
4 0.6399513156250001 0.6103967546875 0.63103323125 0.618304878125 0.6321369375 0.6224239640625 0.639005384375 0.623342834375 0.6553437671875 0.6184131265625 0.6589110015624999 0.6152498750000001 0.6525845015625 0.6081154093750001 0.6479135625 0.607159571875 0.6399513156250001 0.6103967546875
4 0.6022537484375 0.613875553125 0.595533171875 0.6217467078125 0.5980805390625 0.627134525 0.60158374375 0.627851403125 0.6157246203125 0.6229586625 0.6207995453125 0.617184015625 0.6192819484375 0.6115202703125 0.6134432750000001 0.6103254734375 0.6022537484375 0.613875553125