3 0.302734375 0.5595703125 0.30712890625 0.5537109375 0.3095703125 0.5400390625 0.30908203125 0.521484375 0.298828125 0.50390625 0.291015625 0.5029296875 0.27978515625 0.5126953125 0.2763671875 0.5205078125 0.2763671875 0.533203125 0.28125 0.5517578125 0.29345703125 0.560546875 0.302734375 0.5595703125
3 0.57958984375 0.35546875 0.58447265625 0.349609375 0.59375 0.326171875 0.59375 0.318359375 0.58837890625 0.3046875 0.56982421875 0.28125 0.56640625 0.28125 0.5615234375 0.2880859375 0.55615234375 0.3076171875 0.55517578125 0.31640625 0.56005859375 0.337890625 0.5732421875 0.3564453125 0.57958984375 0.35546875
4 0.78173828125 0.486328125 0.771484375 0.4599609375 0.751953125 0.3955078125 0.74365234375 0.3857421875 0.73193359375 0.38671875 0.7216796875 0.4140625 0.72265625 0.4462890625 0.734375 0.501953125 0.783203125 0.5048828125 0.78173828125 0.486328125
4 0.607421875 0.4248046875 0.6259765625 0.416015625 0.62451171875 0.4013671875 0.60693359375 0.353515625 0.58984375 0.3720703125 0.58935546875 0.39453125 0.59130859375 0.408203125 0.59912109375 0.423828125 0.607421875 0.4248046875
4 0.689453125 0.4833984375 0.6943359375 0.490234375 0.720703125 0.48828125 0.7255859375 0.4814453125 0.72509765625 0.462890625 0.72119140625 0.44921875 0.70849609375 0.4248046875 0.7041015625 0.427734375 0.69775390625 0.4501953125 0.68896484375 0.4580078125 0.68603515625 0.4541015625 0.681640625 0.455078125 0.6767578125 0.462890625 0.67724609375 0.4736328125 0.6806640625 0.482421875 0.68505859375 0.486328125 0.689453125 0.4833984375
4 0.64306640625 0.4775390625 0.64892578125 0.4658203125 0.63134765625 0.4375 0.62255859375 0.439453125 0.615234375 0.451171875 0.607421875 0.4560546875 0.6044921875 0.462890625 0.6044921875 0.47265625 0.6103515625 0.4794921875 0.62548828125 0.4755859375 0.64306640625 0.4775390625
4 0.697265625 0.560546875 0.70556640625 0.544921875 0.70751953125 0.529296875 0.70556640625 0.5224609375 0.69873046875 0.51953125 0.68310546875 0.5185546875 0.67724609375 0.5234375 0.67578125 0.5283203125 0.67626953125 0.5498046875 0.68798828125 0.5625 0.697265625 0.560546875
4 0.58056640625 0.607421875 0.58447265625 0.5869140625 0.578125 0.5693359375 0.56982421875 0.5654296875 0.560546875 0.5703125 0.55322265625 0.5888671875 0.552734375 0.5947265625 0.5576171875 0.6123046875 0.5693359375 0.6162109375 0.58056640625 0.607421875
4 0.548828125 0.7470703125 0.552734375 0.7294921875 0.552734375 0.7236328125 0.54931640625 0.7177734375 0.529296875 0.7119140625 0.52197265625 0.71875 0.52001953125 0.7265625 0.51953125 0.748046875 0.53173828125 0.7626953125 0.537109375 0.76171875 0.548828125 0.7470703125
4 0.40087890625 0.5986328125 0.4091796875 0.591796875 0.41162109375 0.5859375 0.41162109375 0.572265625 0.40771484375 0.5673828125 0.400390625 0.5654296875 0.3935546875 0.5732421875 0.3916015625 0.5791015625 0.3916015625 0.58984375 0.39697265625 0.59765625 0.40087890625 0.5986328125
4 0.337890625 0.6455078125 0.33740234375 0.6376953125 0.33154296875 0.626953125 0.32421875 0.623046875 0.31884765625 0.625 0.3193359375 0.6416015625 0.3251953125 0.650390625 0.330078125 0.6533203125 0.337890625 0.6455078125
4 0.66162109375 0.3046875 0.66552734375 0.3017578125 0.66845703125 0.2666015625 0.66357421875 0.2548828125 0.65478515625 0.251953125 0.64208984375 0.2626953125 0.64013671875 0.2724609375 0.64599609375 0.2841796875 0.6572265625 0.3017578125 0.66162109375 0.3046875
4 0.673828125 0.4375 0.67626953125 0.431640625 0.67578125 0.416015625 0.673828125 0.412109375 0.666015625 0.416015625 0.6640625 0.419921875 0.6650390625 0.427734375 0.669921875 0.4375 0.673828125 0.4375
4 0.669921875 0.46875 0.67138671875 0.4658203125 0.67041015625 0.4521484375 0.66650390625 0.4462890625 0.6611328125 0.4462890625 0.65869140625 0.451171875 0.6591796875 0.4619140625 0.66455078125 0.4697265625 0.669921875 0.46875