3 0.5280257984375 0.71879283125 0.5360576921875 0.7216575015625 0.5487220796875001 0.720771921875 0.5668909609375 0.71460669375 0.5748070953125 0.7018163046875 0.57318575625 0.69262968125 0.5670341078125001 0.6886545843749999 0.5532252328125 0.6871728265625 0.5347498046875 0.688954228125 0.517929775 0.70040934375 0.5175005640625 0.708270934375 0.5280257984375 0.71879283125
3 0.2771505984375 0.449014740625 0.28431049218750004 0.45340880781250004 0.30416883281249996 0.4574043875 0.3130046078125 0.4577654765625 0.33409603906249996 0.451395884375 0.3516858875 0.43695009531249995 0.3502689140625 0.43068602343749995 0.34408320468750003 0.426223834375 0.3200556421875 0.4186040078125 0.3122621734375 0.4191489796875 0.2989982703125 0.42546069218750004 0.2769121734375 0.44560509843749996 0.2771505984375 0.449014740625
4 0.430888184375 0.281632815625 0.48559919375 0.26605968281250003 0.4851156671875 0.21714613593749998 0.466708359375 0.2199017203125 0.441120678125 0.23196993125 0.3781869890625 0.2559496265625 0.36902418593749997 0.264911403125 0.37081582812499997 0.2765334859375 0.398808246875 0.284855009375 0.430888184375 0.281632815625
4 0.40205737187499996 0.41531725625 0.4170993375 0.4064338421875 0.41749448906250003 0.398085159375 0.4074325265625 0.3801887640625 0.392921953125 0.38267186249999996 0.34641314375 0.40354512500000006 0.366114759375 0.41929902812500003 0.38855504375 0.41821932500000003 0.40205737187499996 0.41531725625
4 0.4104439078125 0.2972571515625 0.4136730046875 0.3014366140625 0.43652201875 0.3062020109375 0.44492858281250003 0.3144246921875 0.44123621249999995 0.31761972968749996 0.44251694218750004 0.321935434375 0.4506510203125 0.3262613796875 0.4613329796875 0.3250249515625 0.46986220625 0.3210022140625 0.47345239375 0.3163459015625 0.470223296875 0.31216643906249997 0.47670197343750004 0.3068186703125 0.47291432499999997 0.28065195468750004 0.46575443125 0.2762578875 0.44727900312499996 0.2780392890625 0.43391291875000004 0.2828897265625 0.4104439078125 0.2972571515625
4 0.45569201562500006 0.39835096875 0.46543385156249995 0.397669753125 0.4718444078125 0.3913478015625 0.4668917890625 0.376520440625 0.46761396875 0.3588488921875 0.455515034375 0.35382124843749996 0.42848989687500005 0.37333207968750004 0.43105135937499994 0.3819634890625 0.44325247343749996 0.3884524078125 0.448668365625 0.39590526875 0.45569201562500006 0.39835096875
4 0.5110163453125 0.3215507515625 0.5159894453125 0.32267141875 0.537387425 0.320685653125 0.549234353125 0.30810986875 0.54663883125 0.2989913671875 0.530472859375 0.29180075156249996 0.514749678125 0.2909423296875 0.5080666359375 0.293367546875 0.5056209359375 0.30039119687500004 0.505736696875 0.3160462578125 0.5110163453125 0.3215507515625
4 0.59081725 0.4407862921875 0.608011946875 0.4346891859375 0.6110912234375 0.422726496875 0.601540171875 0.412136478125 0.5808098296875001 0.409670296875 0.5637173140625 0.41722867812500003 0.5603996125 0.42578172500000006 0.5659176859375 0.43469586250000003 0.5849380859375 0.44070792968749994 0.59081725 0.4407862921875
4 0.7246141125000001 0.46422503437499996 0.7460802140625 0.46321345156250004 0.7598414499999999 0.4500143328125 0.758492596875 0.44472444375000003 0.743062384375 0.4340560640625 0.7252545921875 0.43138551718749996 0.719409490625 0.431794246875 0.7138028140625 0.43561261875 0.709354203125 0.4559921125 0.7166844015625 0.4628216390625 0.7246141125000001 0.46422503437499996
4 0.5804890234375 0.6010769 0.5864703671875 0.6026165390625 0.5971863875000001 0.6018672015625001 0.6046051890624999 0.59596421875 0.6053068859375 0.5919993625 0.5979085671875 0.584195653125 0.5918931609375 0.5821689234375 0.5782545906250001 0.583122625 0.5736561578125 0.5873599671874999 0.572218703125 0.5948025875 0.5804890234375 0.6010769
4 0.6622180390625 0.663888153125 0.6647999828125 0.65881286875 0.656461540625 0.6515643734375 0.6487021328125 0.6525964375 0.6383948421875 0.6591908765625 0.63500901875 0.6667697390625 0.6373320546875 0.67199150625 0.653859115625 0.6703463484375 0.6622180390625 0.663888153125
4 0.26323976718750003 0.3760769703125 0.27452124218749996 0.369414409375 0.29127315 0.356985109375 0.29388915312499997 0.35239691875 0.2906941171875 0.3487045484375 0.25541914062500004 0.3482343734375 0.2440695453125 0.35392275 0.24176008750000003 0.36289476718749997 0.2533616890625 0.37480981875 0.26323976718750003 0.3760769703125
4 0.41639786718750005 0.340403959375 0.4257990953125 0.334851825 0.42552660937500003 0.330955090625 0.4195112046875 0.3289283609375 0.40395832656249997 0.33050539843750004 0.400197834375 0.3327262515625 0.40463954218750003 0.340247234375 0.4086725203125 0.341923115625 0.41639786718750005 0.340403959375
4 0.450903025 0.34386480625 0.45832182499999996 0.337961825 0.45697297187499997 0.3326719359375 0.45394823906250004 0.331415025 0.44037779062500004 0.3333429109375 0.434805175 0.337648375 0.43517984218750005 0.34300638437500003 0.440221065625 0.3451012359375 0.450903025 0.34386480625