4 0.448603996875 0.365482040625 0.456859 0.3802655953125 0.4653492734375 0.377984875 0.4725689453125 0.36399746875 0.47460118281249997 0.327709140625 0.468478053125 0.3128883734375 0.4551910671875 0.3152528203125 0.448355515625 0.3207034375 0.4458581296875 0.3303433734375 0.448603996875 0.365482040625
4 0.5706158718750001 0.7887902453125 0.5757967015625 0.7801697296875 0.5782754812500001 0.7694638578124999 0.5693758765625 0.7482939921875 0.5612883281250001 0.7431038578125 0.5523953296874999 0.7528554296875 0.5503937 0.7603541921875 0.5535236890624999 0.78695606875 0.5706158718750001 0.7887902453125
4 0.68752068125 0.7057138671875001 0.6970024671874999 0.6991508 0.7021088734375 0.6862665406249999 0.7018856015625 0.6734753125 0.695836896875 0.6629182874999999 0.68527056875 0.6684340265625 0.6821843984375 0.674885459375 0.6809948265625 0.6983639546875 0.68752068125 0.7057138671875001
4 0.765747503125 0.5753308953125 0.7695899140625 0.581661390625 0.780267878125 0.5825412640625001 0.78384980625 0.5739486578124999 0.78239314375 0.5515826140625 0.7791209125 0.547374690625 0.7748199578125 0.5453172421875 0.7695833109375 0.55073995 0.76607580625 0.5635963 0.765747503125 0.5753308953125
4 0.7461183015625 0.397608025 0.7501095609374999 0.41246600468750005 0.761909278125 0.41652508125 0.7692777984375 0.4110651609375 0.7705976109375 0.39504821562500003 0.764269815625 0.36850215625 0.7594172859375 0.3653880765625 0.754124821875 0.36761297656249997 0.7468493296875 0.3784025765625 0.7461183015625 0.397608025
4 0.6531238328125 0.5677004046875 0.6593333875 0.5569294124999999 0.6610931390625 0.5355734859375 0.654988615625 0.5218186546875 0.646994096875 0.5219582 0.6412430875 0.5284561453125 0.6393716984375 0.5434164578125 0.641324115625 0.563641328125 0.6531238328125 0.5677004046875
4 0.45049343906250006 0.7791581234375 0.45643050937499996 0.7833195359375 0.4642761796875 0.774652503125 0.46513744843750005 0.76290860625 0.46063182812500003 0.749125865625 0.454199003125 0.7471056296875 0.4495139265625 0.7535849703124999 0.44876429218749997 0.771724484375 0.45049343906250006 0.7791581234375
4 0.49829969687500003 0.7996488734375 0.4933913515625 0.7933369859375 0.48058151562500007 0.7924943203125 0.4821126015625 0.8191241093749999 0.48953693906250006 0.8168619953125 0.49738260937499995 0.8081949640625 0.49829969687500003 0.7996488734375
4 0.2438123359375 0.6974649187499999 0.2534057578125 0.697297465625 0.2585307703125 0.6854791421875001 0.2593548296875 0.6716033718750001 0.2565039296875 0.6609905296874999 0.24481584843749998 0.6633270671875 0.2396164109375 0.6708816468750001 0.2399141078125 0.68793661875 0.2438123359375 0.6974649187499999
4 0.1935926953125 0.47762558750000006 0.2068982859375 0.4763270765625 0.2095073078125 0.4730827546875 0.21240741875000002 0.45597196406249996 0.1999258859375 0.4433947046875 0.1929973046875 0.44351564374999997 0.1851330296875 0.45111673906250005 0.18647805312500002 0.46708716875 0.1935926953125 0.47762558750000006
4 0.13363683906249998 0.7079181234374999 0.14080069374999998 0.6907329109375 0.141420084375 0.665131846875 0.139176578125 0.65877344375 0.1327437515625 0.6567532093749999 0.128021465625 0.6611006781250001 0.1192773125 0.6793797359375 0.12020100781250001 0.7017550828125 0.13363683906249998 0.7079181234374999
4 0.10869656406249999 0.53135421875 0.1066763296875 0.5377870437500001 0.108517109375 0.5516162984374999 0.1133510328125 0.55366444375 0.12161803593750001 0.5385924953125001 0.12708995625 0.5161055140624999 0.118488046875 0.51199061875 0.10895044375 0.5153558796875 0.10795893125 0.519638228125 0.10869656406249999 0.53135421875
4 0.035903239062499995 0.5454199562500001 0.0443935140625 0.5431392359375 0.0478638046875 0.528151015625 0.0474730796875 0.505766365625 0.0304181078125 0.5060640609375 0.024376006250000002 0.526428475 0.027759875 0.537032015625 0.035903239062499995 0.5454199562500001
4 0.4158978734375 0.14107196718749998 0.418234409375 0.1527600484375 0.42317996874999997 0.16120380625 0.4274809234375 0.163261253125 0.43477501875 0.153537590625 0.43719798125000003 0.1396339109375 0.4326737546875 0.12478523593749999 0.4256893546875 0.1217083671875 0.417843684375 0.130375396875 0.4158978734375 0.14107196718749998
4 0.39277019375 0.19052364375 0.40179343593750005 0.18823362187499998 0.40695566093749996 0.1785471703125 0.40726535625000004 0.1657466390625 0.40395591406250003 0.1594068421875 0.39754169375 0.1584525421875 0.3880785140625 0.166081546875 0.38718003125 0.1756935734375 0.39277019375 0.19052364375
4 0.716405975 0.6806856828125001 0.7156191296875 0.6966933234375 0.7205832937500001 0.7062030187499999 0.7312984703125001 0.709214765625 0.73598354375 0.702735425 0.735816090625 0.693142003125 0.732543859375 0.688934078125 0.7340125203125 0.68144461875 0.7322275578124999 0.670813171875 0.7210538390625 0.67207446875 0.716405975 0.6806856828125001
4 0.6132160875 0.785914134375 0.61518050625 0.7762835 0.6156510515625 0.742154953125 0.6081895 0.7422851953125 0.5837912203125 0.7800301859375 0.5833512828125 0.7853691671874999 0.588811203125 0.7927376859375 0.6132160875 0.785914134375