4 0.5048828125 0.375 0.50732421875 0.341796875 0.501953125 0.328125 0.48974609375 0.330078125 0.4833984375 0.3349609375 0.48095703125 0.34375 0.48291015625 0.3759765625 0.490234375 0.3896484375 0.498046875 0.3876953125 0.5048828125 0.375
4 0.59521484375 0.748046875 0.58740234375 0.728515625 0.580078125 0.7236328125 0.57177734375 0.732421875 0.56982421875 0.7392578125 0.572265625 0.763671875 0.587890625 0.765625 0.5927734375 0.7578125 0.59521484375 0.748046875
4 0.7099609375 0.673828125 0.7099609375 0.662109375 0.70458984375 0.65234375 0.69482421875 0.6572265625 0.69189453125 0.6630859375 0.6904296875 0.6845703125 0.6962890625 0.69140625 0.705078125 0.685546875 0.7099609375 0.673828125
4 0.78662109375 0.572265625 0.78564453125 0.5517578125 0.78271484375 0.5478515625 0.77880859375 0.5458984375 0.77392578125 0.55078125 0.7705078125 0.5625 0.77001953125 0.5732421875 0.7734375 0.5791015625 0.783203125 0.580078125 0.78662109375 0.572265625
4 0.77587890625 0.4228515625 0.77734375 0.408203125 0.77197265625 0.3837890625 0.767578125 0.380859375 0.7626953125 0.3828125 0.755859375 0.392578125 0.7548828125 0.41015625 0.75830078125 0.423828125 0.76904296875 0.427734375 0.77587890625 0.4228515625
4 0.6748046875 0.53515625 0.66943359375 0.5224609375 0.662109375 0.5224609375 0.65673828125 0.5283203125 0.65478515625 0.5419921875 0.65625 0.560546875 0.6669921875 0.564453125 0.6728515625 0.5546875 0.6748046875 0.53515625
4 0.49072265625 0.7509765625 0.49169921875 0.740234375 0.48779296875 0.7275390625 0.48193359375 0.7255859375 0.4775390625 0.7314453125 0.4765625 0.748046875 0.47802734375 0.7548828125 0.4833984375 0.7587890625 0.49072265625 0.7509765625
4 0.521484375 0.7744140625 0.51708984375 0.7685546875 0.50537109375 0.767578125 0.50634765625 0.7919921875 0.51318359375 0.7900390625 0.5205078125 0.7822265625 0.521484375 0.7744140625
4 0.3037109375 0.666015625 0.3046875 0.6533203125 0.30224609375 0.6435546875 0.29150390625 0.6455078125 0.28662109375 0.65234375 0.28662109375 0.66796875 0.2900390625 0.6767578125 0.298828125 0.6767578125 0.3037109375 0.666015625
4 0.26220703125 0.470703125 0.26513671875 0.455078125 0.25390625 0.443359375 0.24755859375 0.443359375 0.240234375 0.4501953125 0.2412109375 0.46484375 0.24755859375 0.474609375 0.259765625 0.4736328125 0.26220703125 0.470703125
4 0.19677734375 0.6455078125 0.19482421875 0.6396484375 0.18896484375 0.6376953125 0.1845703125 0.6416015625 0.17626953125 0.658203125 0.1767578125 0.6787109375 0.18896484375 0.6845703125 0.19580078125 0.6689453125 0.19677734375 0.6455078125
4 0.1728515625 0.54296875 0.1806640625 0.529296875 0.18603515625 0.5087890625 0.17822265625 0.5048828125 0.16943359375 0.5078125 0.16845703125 0.51171875 0.1689453125 0.5224609375 0.1669921875 0.5283203125 0.16845703125 0.541015625 0.1728515625 0.54296875
4 0.10986328125 0.5322265625 0.11328125 0.5185546875 0.11328125 0.498046875 0.09765625 0.498046875 0.091796875 0.5166015625 0.0947265625 0.5263671875 0.10205078125 0.5341796875 0.10986328125 0.5322265625
4 0.466796875 0.1904296875 0.4736328125 0.181640625 0.47607421875 0.1689453125 0.47216796875 0.1552734375 0.4658203125 0.15234375 0.45849609375 0.16015625 0.45654296875 0.169921875 0.45849609375 0.1806640625 0.462890625 0.1884765625 0.466796875 0.1904296875
4 0.44775390625 0.2041015625 0.4482421875 0.1923828125 0.4453125 0.1865234375 0.439453125 0.185546875 0.4306640625 0.1923828125 0.4296875 0.201171875 0.4345703125 0.21484375 0.44287109375 0.212890625 0.44775390625 0.2041015625
4 0.74072265625 0.689453125 0.74072265625 0.6806640625 0.73779296875 0.6767578125 0.7392578125 0.669921875 0.73779296875 0.66015625 0.7275390625 0.6611328125 0.72314453125 0.6689453125 0.72216796875 0.68359375 0.7265625 0.6923828125 0.736328125 0.6953125 0.74072265625 0.689453125
4 0.62890625 0.7548828125 0.6298828125 0.7236328125 0.623046875 0.7236328125 0.60009765625 0.7578125 0.599609375 0.7626953125 0.6044921875 0.76953125 0.626953125 0.763671875 0.62890625 0.7548828125