4 0.38271097187500003 0.5435094328125001 0.3946311359375 0.533443746875 0.39107554843750003 0.5261653984375 0.377154821875 0.5220944937499999 0.3439752546875 0.52663636875 0.33164661875 0.5347803515625 0.3361212671875 0.5463825328125 0.3422530578125 0.551606896875 0.3514113171875 0.552170909375 0.38271097187500003 0.5435094328125001
4 0.7441357109375 0.3587278703125 0.7354277171875 0.3555574921875 0.72530860625 0.3551977171875 0.70772544375 0.36696924375 0.7044529484375001 0.3751968125 0.7148366203125 0.3815259375 0.7219710578125 0.38201799531249997 0.745481775 0.3745099765625 0.7441357109375 0.3587278703125
4 0.6484408046875 0.26759516250000004 0.640837571875 0.26017290625 0.6282861671875 0.25781947031249997 0.6167559406249999 0.26027029687500003 0.6082707125 0.2675973375 0.615117328125 0.27618468281249997 0.62149515 0.2778418265625 0.6429402515625 0.274789925 0.6484408046875 0.26759516250000004
4 0.5167579046874999 0.2197633078125 0.52180819375 0.21517491249999998 0.5207266921875 0.20536215468750002 0.5123250500000001 0.20363305625 0.4923513875 0.2088828515625 0.4891206859375 0.21258235 0.48801592187500004 0.21683422968750002 0.4938413609375 0.2206173140625 0.5060864125 0.221529471875 0.5167579046874999 0.2197633078125
4 0.3594612265625 0.2687638390625 0.372198334375 0.262541559375 0.373795153125 0.25115524218749996 0.36756124375 0.245450453125 0.3528421078125 0.2470727078125 0.3299440953125 0.25746328125 0.3279805984375 0.2623998234375 0.3309234796875 0.2667956125 0.34196165 0.271479225 0.3594612265625 0.2687638390625
4 0.5296570734375 0.322971340625 0.518823140625 0.31924858125 0.49919762343749996 0.3214115859375 0.4878298390625 0.32935133437499997 0.48936160468749995 0.3365577265625 0.4962500140625 0.34061700156249997 0.510110415625 0.3396794078125 0.5280602562500001 0.3343576578125 0.5296570734375 0.322971340625
4 0.7565428265625 0.4690703390625 0.7592629390625001 0.462968709375 0.75004435625 0.4573962015625 0.7392707453125 0.4586819390625 0.7275966078125 0.465180409375 0.726900315625 0.47135399375000003 0.7335844890625001 0.4744524171875 0.7501232124999999 0.47194126562500005 0.7565428265625 0.4690703390625
4 0.76667139375 0.4222277046875 0.7618253375 0.42777695312499997 0.7633153125 0.4395114140625 0.7871323828125 0.43344467656249996 0.78378103125 0.42712718125000004 0.774562446875 0.42155467343749997 0.76667139375 0.4222277046875
4 0.71898996875 0.6703732359375 0.71715185 0.6617255656250001 0.7055612984375 0.6591678937500001 0.692865984375 0.6608621015625 0.6837680500000001 0.6653065890625001 0.68793634375 0.6754674921875 0.6956834875 0.6788421046875001 0.7110571234374999 0.6755743375 0.71898996875 0.6703732359375
4 0.52897779375 0.754447046875 0.5254639984375 0.7426406296875 0.522070853125 0.74085120625 0.5060845109375001 0.741236415625 0.4969029890625 0.7547370421874999 0.4982305203125 0.76098258125 0.5064882515625 0.7667593265625 0.5206968015625 0.7627349406249999 0.52897779375 0.754447046875
4 0.74781515625 0.7681875609375 0.731011871875 0.7647293625 0.7077471828124999 0.7686701625000001 0.702390540625 0.771817278125 0.701694246875 0.7779908625 0.706456715625 0.7814977562500001 0.72452720625 0.786192996875 0.7446029859375 0.7814236265625001 0.74781515625 0.7681875609375
4 0.592500509375 0.8217881171875 0.5986740921875 0.8224844093750001 0.6108588187499999 0.8183880703125 0.6118614640625 0.8136557640625 0.5967756468750001 0.8088282421875 0.57547445625 0.8078324984374999 0.57326493125 0.816336259375 0.5779856062500001 0.8243712234375 0.5820332515625 0.8245151343750001 0.592500509375 0.8217881171875
4 0.6180208640625 0.885155671875 0.6144652765624999 0.877877325 0.6002985203125 0.8773736375000001 0.580120621875 0.8816625828125 0.5833883890625 0.89703621875 0.6028699953125 0.898920859375 0.6118658109374999 0.8939959484375001 0.6180208640625 0.885155671875
4 0.18548550156250002 0.6125461249999999 0.19564640625000002 0.60837783125 0.2024141625 0.6024201125 0.2035189265625 0.5981682312500001 0.193441609375 0.5932803843750001 0.180439940625 0.593533315625 0.16780495 0.6002360203125 0.166249925 0.6070942671874999 0.1754685078125 0.6126667765625 0.18548550156250002 0.6125461249999999
4 0.234280003125 0.6247704703125 0.23062229687500002 0.617011696875 0.22095345000000002 0.6140455546875 0.2093211046875 0.616015953125 0.204168696875 0.620123925 0.20443325781250002 0.6260932734375 0.2129973421875 0.6333112953125 0.2218492484375 0.6324340281249999 0.234280003125 0.6247704703125
4 0.620724728125 0.24586914218749997 0.635341746875 0.2437664625 0.6430703578125 0.23760450937500002 0.643910559375 0.2273832796875 0.6372263859375 0.22428485625 0.6285787171874999 0.226122975 0.6253480140625001 0.2298224734375 0.6183156953125 0.22981084531249998 0.6090135250000001 0.23329447656250002 0.61211885 0.24317919062499999 0.620724728125 0.24586914218749997
4 0.7340445890625 0.3207022515625 0.7249884484375 0.32061866562499997 0.694036940625 0.326193346875 0.6954665890625 0.3329193125 0.73389595 0.3483511 0.7388023296874999 0.34781035 0.7445071171875 0.3415764390625 0.7340445890625 0.3207022515625