3 0.5612707421875001 0.6743743140625 0.5415351171875 0.6778542375 0.5210439 0.6885896234375 0.5187199359375 0.7042613234374999 0.5277451625 0.7092834328125 0.5313442953124999 0.7066138859375 0.536452196875 0.706730684375 0.5591755609375 0.7144247515625 0.5697691609375 0.711030621875 0.5812053484375 0.700874421875 0.5794081921875 0.684911921875 0.574417090625 0.6796872203125 0.5612707421875001 0.6743743140625
0 0.463574575 0.7261944765624999 0.4525459828125 0.7271216546875 0.46072862187499997 0.738905834375 0.47343997812499994 0.7417517859375 0.4851943546875 0.7391704406249999 0.48470217031249996 0.7306088046875 0.463574575 0.7261944765624999
0 0.259273540625 0.19650964843750002 0.2485929421875 0.1994103859375 0.2335874234375 0.2066348421875 0.2335576203125 0.21223613437500002 0.2512600796875 0.22030679062499997 0.2691961390625 0.21816164218749998 0.2736080578125 0.21433131562500002 0.2667029984375 0.19825201875 0.259273540625 0.19650964843750002
4 0.3987305765625 0.785448915625 0.362045671875 0.7908999921875 0.358503734375 0.799664225 0.36500360625 0.807675275 0.361491471875 0.8108382125 0.364074021875 0.8139439546875 0.3800937140625 0.81824148125 0.384679628125 0.8153979390625 0.4000903359375 0.8162417296875001 0.41355727968749995 0.811832221875 0.41318189531250005 0.79816268125 0.407030015625 0.7921251921875 0.3984397796875 0.7895700375 0.3987305765625 0.785448915625
4 0.4451059953125 0.592602409375 0.4285917078125 0.597040515625 0.4097260625 0.605454346875 0.3901620234375 0.627218321875 0.379568421875 0.6306124515625 0.39576211250000004 0.635896759375 0.448088915625 0.638370940625 0.4539524078125 0.6312322781249999 0.4526772375 0.618230125 0.46016630000000003 0.6087699109375 0.45842633906249997 0.5989020968750001 0.45128767812500004 0.5930386046875 0.4451059953125 0.592602409375
4 0.38213892656250004 0.7202045484374999 0.32803995 0.73076111875 0.3243538203125 0.732937275 0.323946221875 0.7421663 0.339093525 0.758827190625 0.3543004328125 0.7642854953125 0.375892821875 0.76556548125 0.38210430624999997 0.7604003828125 0.3835856828125 0.751490753125 0.3931925015625 0.74827061875 0.39925979218749996 0.736517446875 0.3907291609375 0.7227597046875001 0.38213892656250004 0.7202045484374999
4 0.264442834375 0.5893557765625 0.239686303125 0.5932122890625 0.22941089374999998 0.604181275 0.23118065781250002 0.6084477953125 0.2509436765625 0.6166638484375 0.2619722671875 0.6157366734374999 0.27477303124999997 0.60177874375 0.2727422734375 0.596032053125 0.264442834375 0.5893557765625
4 0.373024915625 0.3107571328125 0.35114173125 0.31359826874999996 0.33262407656250004 0.3239856609375 0.3385149625 0.328542978125 0.33952913749999997 0.3400649578125 0.34504222812499996 0.34825000625 0.35174589843750004 0.3516465453125 0.36706960781250003 0.351996946875 0.3877050171875 0.347849634375 0.40050578124999997 0.3338917078125 0.393280121875 0.327534825 0.3918011546875 0.319147184375 0.373024915625 0.3107571328125
4 0.730802071875 0.3779064453125 0.7180609140625 0.3806617859375 0.6991082703125 0.388582225 0.6883978703125 0.39708425625 0.6858427125000001 0.40567449375000003 0.70049783125 0.413773746875 0.7244415765625 0.41107801093749996 0.7414206578125 0.4035055625 0.75689096875 0.39314676875 0.746560771875 0.3807238 0.730802071875 0.3779064453125
4 0.5381783265625 0.3991529390625 0.5244503859375 0.40208227656249995 0.514204778125 0.40744996875000006 0.5135361875 0.4151988203125 0.5232549890625 0.4414653265625 0.538461896875 0.4469236296875 0.5587195109375 0.44640405000000005 0.5901523203125 0.4342480984375 0.5974375828125 0.42940239375000006 0.5959586156250001 0.42101475468749994 0.6129973015625 0.4022397203125 0.608818984375 0.3958542390625 0.5983421843750001 0.394140465625 0.576893990625 0.3994485546875 0.5381783265625 0.3991529390625
4 0.5968228843750001 0.25857724375 0.5722403500000001 0.263420540625 0.5559000578125 0.268845428125 0.5511675406250001 0.2823981671875 0.568579203125 0.2945899453125 0.5798687874999999 0.295142940625 0.5911285703125 0.3012972296875 0.5991098203125 0.30039865 0.628424871875 0.2820026140625 0.622128796875 0.26937705312500004 0.610985815625 0.2581148609375 0.5968228843750001 0.25857724375
4 0.4057136203125 0.4499815015625 0.366068371875 0.4559545671875 0.3604956765625 0.4589721078125 0.3611916609375 0.46291923281249997 0.37184245625 0.46561978593750003 0.40292486250000004 0.46878754218749996 0.4149402359375 0.4676863703125 0.41169150312499997 0.455032209375 0.4057136203125 0.4499815015625
4 0.7513908171875 0.5004413234375 0.7345285359375 0.50290586875 0.7185362359374999 0.51030431875 0.70602626875 0.520141125 0.70901400625 0.5313151140625 0.741721984375 0.532161315625 0.7452341171875 0.5289983765625 0.759948840625 0.5258950437500001 0.7727496031250001 0.511937115625 0.7513908171875 0.5004413234375
4 0.48481415156249996 0.76009544375 0.46902565156250003 0.76287938125 0.459476028125 0.7721941984375 0.45674687656249996 0.7797976531249999 0.485912915625 0.7894080859375 0.49496794375000003 0.7888289015625001 0.5008612375 0.7760889468750001 0.4985992875 0.763260790625 0.48481415156249996 0.76009544375
4 0.39903645 0.256314984375 0.376079484375 0.2588367234375 0.3568360453125 0.270878284375 0.35523786875 0.284895815625 0.36040296562499996 0.2911073 0.370153978125 0.2944752421875 0.381821359375 0.29140050781250004 0.386029478125 0.29218469375 0.40057020468750004 0.28809457968749996 0.40506911875 0.2847576453125 0.41354496406249996 0.27512343437500003 0.4129657796875 0.26606840625 0.39903645 0.256314984375
4 0.1955638203125 0.44684685156250004 0.15806613125 0.45345870625 0.154959184375 0.464689890625 0.1611110640625 0.47072737968749995 0.17132686875 0.4709609796875 0.19509661875 0.46727846250000005 0.20069911718750003 0.4586596296875 0.1955638203125 0.44684685156250004