3 0.329375671875 0.5355122015625 0.3286393953125 0.51442800625 0.3204577984375 0.49149281718750004 0.304477246875 0.48677339531249997 0.2979266140625 0.4954461109375 0.3001800671875 0.49958939999999996 0.2993110375 0.5048972218750001 0.287973490625 0.5274585390625 0.289958090625 0.538999684375 0.2988614625 0.5524102109375 0.31574785781250003 0.5528760187499999 0.3219191953125 0.5484385296875 0.329375671875 0.5355122015625
0 0.2897048578125 0.42607053125 0.29035300625 0.41443744687499995 0.27688360312500004 0.42124078125000003 0.272059875 0.4340751734375 0.273028190625 0.446707303125 0.2820163453125 0.44744892500000005 0.2897048578125 0.42607053125
0 0.871215125 0.29071475625 0.8697570734375001 0.2791552234375 0.8644291078125 0.26245335625 0.85860025 0.261601409375 0.8476051828125 0.278873290625 0.8472147328125 0.297885840625 0.8505581 0.3030465640625 0.8683135234374999 0.29820455 0.871215125 0.29071475625
4 0.237484990625 0.3497874359375 0.23717597812500002 0.3107449015625 0.22856711718749997 0.3057680515625 0.21927329687500002 0.3113700765625 0.21649329375 0.307245175 0.2128810765625 0.3094823078125 0.20606159062499999 0.325552878125 0.2083518578125 0.3307503765625 0.20521821875000001 0.3466922359375 0.2078398109375 0.361377621875 0.222130271875 0.362989578125 0.2293178953125 0.3574611046875 0.23323577968749998 0.3488803265625 0.237484990625 0.3497874359375
4 0.4315307265625 0.42639533749999997 0.42932524375 0.40852893593750006 0.423323471875 0.387628615625 0.4035209734375 0.3640437421875 0.4015363734375 0.3525025984375 0.393663790625 0.36860994375 0.3834306578125 0.422797553125 0.3900069484375 0.4299563703125 0.40373404687500003 0.43053250624999995 0.4124901625 0.43972619375 0.42302115156250003 0.43935844218750003 0.4301719609375 0.432775759375 0.4315307265625 0.42639533749999997
4 0.30785854375 0.3420524609375 0.3047806859375 0.2841077015625 0.3030537828125 0.279946025 0.2935022640625 0.27816857968750003 0.27393515156250003 0.2915178234375 0.26602575625 0.3065709578125 0.26153335 0.3288932390625 0.26600344374999996 0.33612560625 0.2750652234375 0.338975646875 0.2770130125 0.34946258124999996 0.28836506093750003 0.357510121875 0.303940659375 0.3506332390625 0.30785854375 0.3420524609375
4 0.461346590625 0.2385314765625 0.4609527953125 0.212157846875 0.4510331390625 0.1998383046875 0.446331009375 0.201058003125 0.4348830203125 0.22045668906250002 0.434234875 0.232089771875 0.44689771875 0.2474800046875 0.453179496875 0.24620514531249998 0.461346590625 0.2385314765625
4 0.7355929437500001 0.3925563546875 0.735836140625 0.369326965625 0.727728171875 0.348500196875 0.7221201953125 0.35397350625 0.7099727453125 0.3533422109375 0.7006421109375001 0.357890025 0.69612405 0.3643807703125 0.6935169609375 0.3803042421875 0.6948166 0.4024242578125 0.7074794437499999 0.4178144921875 0.715156803125 0.411213421875 0.7241081421875 0.410900834375 0.7355929437500001 0.3925563546875
4 0.6133129875 0.7556948671875 0.6123078578125 0.7420085281250001 0.6068326359375 0.7210898203125 0.5995457281250001 0.7086783421875 0.59097368125 0.704755703125 0.5803947234375 0.7188465671875 0.57969860625 0.7442027640625 0.5851002000000001 0.76301305 0.5936242765624999 0.7806588046875 0.60807315 0.7717102765625 0.6133129875 0.7556948671875
4 0.61937165625 0.5517727015625 0.6183297140625 0.5370321515625001 0.614238915625 0.5255645578125 0.606267046875 0.5237319515625 0.5774908953125 0.5300143125 0.5695814984375 0.54506745 0.567158478125 0.56626196875 0.575218478125 0.600811853125 0.5791988328125 0.6091168171875 0.5881501734375 0.6088042296875 0.60520948125 0.6293184109375 0.6124707328125 0.6258983578125 0.615788440625 0.6152275484375 0.6133988890625 0.5920900953125 0.61937165625 0.5517727015625
4 0.7571870453125 0.633510696875 0.75574015 0.6071738390625 0.7524815671875 0.5893442125 0.7390601343750001 0.5824244328125 0.7238158593749999 0.5987892031250001 0.7215880625 0.6104774468749999 0.7135314109374999 0.6213137453125 0.7132993734374999 0.6297658109375 0.7281677 0.663022446875 0.742237278125 0.6583091453125001 0.755596240625 0.64834318125 0.7571870453125 0.633510696875
4 0.585820865625 0.4062304734375 0.5854014125 0.364025309375 0.58307433125 0.35777360156250004 0.5788619374999999 0.3579207015625 0.5744911296875 0.36862828593749997 0.5666442046875 0.40056716562499994 0.5660328703124999 0.4132544578125 0.5796863421875 0.41172217343749995 0.585820865625 0.4062304734375
4 0.4826919140625 0.7592007609375 0.48259262812500003 0.7412608078125 0.477227846875 0.723504728125 0.4688142125 0.70902160625 0.45674038906250003 0.7104987281249999 0.45107328906250005 0.744472478125 0.45385329218750003 0.7485973796875001 0.4549320484375 0.7643921375 0.46759489218750006 0.7797823703125 0.4826919140625 0.7592007609375
4 0.2512924078125 0.44324435156249997 0.2507033875 0.4263769953125 0.24240019375 0.4150565015625 0.2348812453125 0.41109708749999996 0.2206052859375 0.44009398906249997 0.2198835109375 0.44961865 0.2322886578125 0.45762941562500004 0.24597894375 0.457151340625 0.2512924078125 0.44324435156249997
4 0.788483271875 0.42765171874999997 0.789216203125 0.4033497328125 0.7794917734375 0.381523915625 0.7651276828125 0.377803540625 0.757903246875 0.3822778046875 0.7529690765625 0.3919495671875 0.754463940625 0.40456330781250005 0.753031546875 0.408835309375 0.755163403125 0.42459329375 0.75798021875 0.42977240468750005 0.7667731484375 0.440020303125 0.7762878515625 0.44074353593750004 0.788483271875 0.42765171874999997
4 0.619834625 0.1876106546875 0.6184357 0.1475506859375 0.60719409375 0.1426657734375 0.600006471875 0.1481942484375 0.5982684109374999 0.1588098953125 0.5986253921875 0.18412931562499998 0.60678133125 0.191232971875 0.619834625 0.1876106546875