3 0.697265625 0.5498046875 0.705078125 0.537109375 0.70654296875 0.5263671875 0.6953125 0.505859375 0.6943359375 0.5009765625 0.6962890625 0.4970703125 0.68994140625 0.4892578125 0.67529296875 0.494140625 0.66845703125 0.515625 0.66845703125 0.53515625 0.67578125 0.546875 0.681640625 0.55078125 0.697265625 0.5498046875
0 0.71826171875 0.439453125 0.71337890625 0.427734375 0.70068359375 0.421875 0.70166015625 0.4326171875 0.70947265625 0.4521484375 0.7177734375 0.451171875 0.71826171875 0.439453125
0 0.18115234375 0.33203125 0.18017578125 0.314453125 0.16943359375 0.298828125 0.1640625 0.2998046875 0.15966796875 0.3154296875 0.15869140625 0.326171875 0.16162109375 0.3330078125 0.17822265625 0.3369140625 0.18115234375 0.33203125
4 0.76220703125 0.3720703125 0.775390625 0.3701171875 0.77734375 0.3564453125 0.77392578125 0.341796875 0.77587890625 0.3369140625 0.76904296875 0.322265625 0.765625 0.3203125 0.76318359375 0.32421875 0.75439453125 0.3193359375 0.74658203125 0.32421875 0.74755859375 0.3603515625 0.75146484375 0.359375 0.75537109375 0.3671875 0.76220703125 0.3720703125
4 0.58837890625 0.44921875 0.59619140625 0.4404296875 0.60888671875 0.439453125 0.61474609375 0.4326171875 0.603515625 0.3828125 0.595703125 0.3681640625 0.59423828125 0.37890625 0.57666015625 0.4013671875 0.57177734375 0.4208984375 0.5703125 0.4375 0.57177734375 0.443359375 0.57861328125 0.44921875 0.58837890625 0.44921875
4 0.7109375 0.361328125 0.71240234375 0.3515625 0.720703125 0.3486328125 0.724609375 0.341796875 0.7197265625 0.3212890625 0.7119140625 0.3076171875 0.693359375 0.2958984375 0.6845703125 0.2978515625 0.68310546875 0.3017578125 0.68212890625 0.35546875 0.68603515625 0.36328125 0.70068359375 0.369140625 0.7109375 0.361328125
4 0.5615234375 0.2578125 0.560546875 0.2470703125 0.54931640625 0.2294921875 0.544921875 0.228515625 0.5361328125 0.240234375 0.53662109375 0.2646484375 0.54443359375 0.271484375 0.55029296875 0.2724609375 0.5615234375 0.2578125
4 0.314453125 0.4384765625 0.32568359375 0.423828125 0.326171875 0.4033203125 0.3232421875 0.388671875 0.31884765625 0.3828125 0.31005859375 0.37890625 0.298828125 0.3798828125 0.29345703125 0.375 0.28662109375 0.39453125 0.28759765625 0.416015625 0.298828125 0.4326171875 0.30712890625 0.4326171875 0.314453125 0.4384765625
4 0.43896484375 0.75390625 0.443359375 0.736328125 0.44189453125 0.712890625 0.431640625 0.7001953125 0.423828125 0.7041015625 0.41748046875 0.7158203125 0.4130859375 0.7353515625 0.41259765625 0.748046875 0.41796875 0.7626953125 0.431640625 0.7705078125 0.43896484375 0.75390625
4 0.4091796875 0.6279296875 0.416015625 0.630859375 0.43115234375 0.611328125 0.439453125 0.611328125 0.44287109375 0.603515625 0.44921875 0.5712890625 0.4462890625 0.5517578125 0.4384765625 0.5380859375 0.41162109375 0.533203125 0.404296875 0.53515625 0.40087890625 0.5458984375 0.400390625 0.5595703125 0.4072265625 0.5966796875 0.40576171875 0.6181640625 0.4091796875 0.6279296875
4 0.30322265625 0.666015625 0.31591796875 0.634765625 0.3154296875 0.626953125 0.3076171875 0.6171875 0.30517578125 0.6064453125 0.29052734375 0.591796875 0.2783203125 0.5986328125 0.27587890625 0.615234375 0.275390625 0.6396484375 0.27734375 0.6533203125 0.2900390625 0.662109375 0.30322265625 0.666015625
4 0.4443359375 0.41796875 0.43603515625 0.388671875 0.431640625 0.37890625 0.427734375 0.37890625 0.42578125 0.384765625 0.4267578125 0.423828125 0.4326171875 0.4287109375 0.4453125 0.4296875 0.4443359375 0.41796875
4 0.56005859375 0.736328125 0.5625 0.732421875 0.55615234375 0.701171875 0.544921875 0.7001953125 0.53759765625 0.7138671875 0.533203125 0.73046875 0.53369140625 0.7470703125 0.54833984375 0.765625 0.5595703125 0.7509765625 0.56005859375 0.736328125
4 0.76708984375 0.4521484375 0.76611328125 0.443359375 0.751953125 0.4169921875 0.7451171875 0.4208984375 0.73779296875 0.431640625 0.73779296875 0.447265625 0.7431640625 0.4599609375 0.755859375 0.4599609375 0.76708984375 0.4521484375
4 0.26806640625 0.451171875 0.2705078125 0.4462890625 0.27197265625 0.431640625 0.2705078125 0.427734375 0.271484375 0.416015625 0.2666015625 0.4072265625 0.259765625 0.4033203125 0.24658203125 0.4072265625 0.23828125 0.427734375 0.23974609375 0.4501953125 0.25146484375 0.4619140625 0.26025390625 0.4609375 0.26806640625 0.451171875
4 0.4072265625 0.1953125 0.4052734375 0.185546875 0.3984375 0.1806640625 0.38818359375 0.185546875 0.38818359375 0.22265625 0.400390625 0.2255859375 0.40771484375 0.21875 0.4072265625 0.1953125