4 0.187389246875 0.677213525 0.1961043328125 0.65385715625 0.1971360375 0.62170091875 0.1919117078125 0.6217291796875 0.1918551875 0.611280521875 0.1514844234375 0.5961268703125 0.14017014218749999 0.6033215000000001 0.12829761875 0.61875775625 0.1252249609375 0.6265106296875 0.115028325 0.6360100421875 0.109553134375 0.64538344375 0.10879939218750001 0.6546308359374999 0.11544990937499999 0.6767989078125 0.1420767578125 0.7143314234375 0.1604325609375 0.7272933328125 0.1726972484375 0.7286335796875 0.17395387499999998 0.7194839390625 0.1773621734375 0.7180589109375 0.1847641125 0.693403525 0.187389246875 0.677213525
4 0.20246992343749998 0.5862058718750001 0.1990345265625 0.60119460625 0.200264053125 0.6056086703125 0.207640053125 0.613305021875 0.22322942031249998 0.6163352875 0.23853734375000002 0.5859102984375 0.24669302656249997 0.5520075203125 0.24496061562500002 0.5474957078125 0.2331705515625 0.54102888125 0.21051488749999997 0.5689818484375 0.20246992343749998 0.5862058718750001
4 0.3031289390625 0.5838528921874999 0.2925695625 0.600588165625 0.287959996875 0.6028234593749999 0.273545959375 0.6313346671875 0.2712835671875 0.6402888078125 0.27737468125000003 0.6519104703124999 0.2896676296875 0.658475046875 0.3057316171875 0.6563787328124999 0.3084968921875 0.6475223453125001 0.308230740625 0.6354672875 0.3134115171875 0.6088145015624999 0.3139132390625 0.5901242171875001 0.30944265312499997 0.5809050874999999 0.3031289390625 0.5838528921874999
4 0.317971528125 0.7088587515625 0.3155972546875 0.715703609375 0.3163804203125 0.73046858125 0.332221809375 0.7429417390624999 0.3396531703125 0.7422987156249999 0.34314508906249996 0.7377586390624999 0.3465804859375 0.7227699078125001 0.348562596875 0.6991485468749999 0.3465228046875 0.693533215625 0.329536671875 0.6923189796875 0.317971528125 0.7088587515625
4 0.4117585859375 0.7176952062499999 0.4076507421875 0.701240215625 0.40312479687499997 0.7003604609375 0.401755128125 0.688612784375 0.40440852187500004 0.677647115625 0.41407401562499996 0.6628256218749999 0.4119788640625 0.6655496671875001 0.40935257031249994 0.6629516343749999 0.406866415625 0.667687209375 0.4033462359375 0.66700295625 0.4011945640625 0.6592783453125 0.3899356421875 0.6581335984375001 0.3770290921875 0.668150025 0.3756040640625 0.6647417265625 0.37021249375 0.67100008125 0.3635642984375 0.6864080765625 0.376446071875 0.727531421875 0.3722015703125 0.7601069203125 0.37284459375 0.76753828125 0.3746052640625 0.7772744265625 0.38416003593750003 0.7791316859374999 0.3910037328125 0.762717925 0.4063964390625 0.7479659234375 0.4106703609375 0.739402784375 0.4117585859375 0.7176952062499999
4 0.4666610734375 0.8003870984375 0.4791201 0.7819335453125 0.491356528125 0.7780494640625 0.4989268703125 0.7659520171875001 0.5043737984375001 0.7513542859375 0.50680343125 0.7361700531250001 0.504650596875 0.7096574062500001 0.5064383671875 0.70582984375 0.500878396875 0.6995302609375 0.5007382546875 0.69219665 0.5204319828124999 0.6553178046875 0.522191490625 0.646265915625 0.49118115937500006 0.652763321875 0.4848120859375 0.66405050625 0.48285707499999997 0.6741081609374999 0.48813792500000003 0.6845285578125 0.487970684375 0.6907586515624999 0.49101624218750006 0.696569484375 0.49003873750000004 0.7015983109375 0.44883525312500006 0.773959234375 0.4463773609375 0.7839191390625 0.44693676406250005 0.7944655468749999 0.4521057328125 0.8027766625 0.4666610734375 0.8003870984375
4 0.6885314874999999 0.638935984375 0.69205050625 0.6208322046875 0.6896468125 0.6036647 0.6853999875000001 0.5986641328125 0.673833684375 0.596415871875 0.6607598921875 0.6126623921875 0.6572962343750001 0.6224267953125 0.6526878296875 0.6434501218750001 0.6535557765625 0.6738880796875 0.6678048953125 0.689183034375 0.6730009640625 0.6839304453125 0.678532675 0.6850056999999999 0.6829184781250001 0.67855184375 0.6832812203125 0.671315984375 0.6849853687499999 0.6706034703125 0.67992828125 0.6644016359375 0.6885314874999999 0.638935984375
4 0.6040247265625001 0.7112297390625 0.5988286578124999 0.716482328125 0.5912877375 0.7525921375 0.5909532578125 0.7650523265625 0.595340221875 0.7773865046874999 0.60383386875 0.7873876375 0.6076331703125 0.7839510796875 0.622550090625 0.7555376203125 0.6203136359375 0.7321400234375 0.6227432687500001 0.7169557890625 0.6218211250000001 0.713645240625 0.6040247265625001 0.7112297390625
4 0.5562311234374999 0.38254686875 0.5420385249999999 0.37770057343749996 0.5331267765625001 0.383274675 0.530110640625 0.40147620625 0.5303084640625 0.43804650624999997 0.534108925 0.45339798125 0.5408701640625 0.4588873015625 0.545284228125 0.4576577734375 0.5515131609374999 0.43903698125 0.5597818859375 0.42603151875 0.563300903125 0.4079277390625 0.5635235046875 0.39335826875 0.5562311234374999 0.38254686875
4 0.42243372187499995 0.3137448375 0.418829921875 0.31617563125000003 0.40977919375000005 0.33320415468750003 0.4054781703125 0.3553309984375 0.410704821875 0.392878803125 0.414588903125 0.40511523125000004 0.42093087812499996 0.4073917546875 0.42551218437499994 0.3999321328125 0.43470189374999996 0.3714491859375 0.43791352968749997 0.3522418890625 0.44808190468750003 0.33751814687500004 0.44065054375 0.3381611703125 0.42243372187499995 0.3137448375
4 0.470897840625 0.1906068859375 0.45329578281250005 0.16839758437500002 0.4453332796875 0.1637185296875 0.43237020781249996 0.16328629687500001 0.4304705578125 0.1650045765625 0.43496940312500004 0.1794480359375 0.4353333046875 0.1910002109375 0.431535165625 0.2132248015625 0.432792953125 0.22286319687499997 0.4543050328125 0.2249571859375 0.45866257499999996 0.2132790015625 0.46883094999999997 0.1985552609375 0.4722392484375 0.19713023125 0.470897840625 0.1906068859375
4 0.536299703125 0.1897507484375 0.5321659203125 0.20564749531249998 0.5319150609375 0.2149926359375 0.5421976374999999 0.23995424375000002 0.549657259375 0.24453554843749997 0.5557189515625 0.23214484999999999 0.561443840625 0.1946382734375 0.555324465625 0.1777922796875 0.5474738421875001 0.17522250625 0.54197039375 0.1793715796875 0.536299703125 0.1897507484375
4 0.7813952390625001 0.6256738562499999 0.77390735625 0.615868221875 0.7571167234375 0.613648221875 0.74602504375 0.6062733812500001 0.7392084453125001 0.6091234375 0.7273359203124999 0.62455969375 0.7242632640625 0.6323125671875001 0.71694610625 0.6726409390625 0.7185948953125 0.6802678015625 0.716611625 0.685101128125 0.71711566875 0.7039869109375 0.7230949015625 0.71349929375 0.743711934375 0.69871903125 0.7747482046874999 0.6598698859375001 0.7857822046875 0.6380080343750001 0.7802222328124999 0.63170845 0.7813952390625001 0.6256738562499999