4 0.2896178078125 0.813703671875 0.2996665140625 0.8107704765625 0.31093449687499997 0.8034528328125001 0.3189062984375 0.8023878359375001 0.3361208421875 0.794887578125 0.345492746875 0.7859877843749999 0.3407292984375 0.744714496875 0.33096474531250003 0.742225715625 0.3322098546875 0.7373483609375 0.301877746875 0.7308161140625 0.27798817656249997 0.7335182015624999 0.2622254 0.7321978484375 0.2374265359375 0.7333695 0.2352979671875 0.736223509375 0.22644270625 0.735265165625 0.224835946875 0.7470432171875 0.23268375312499998 0.7672249359375 0.26159509375 0.8008670656250001 0.280788378125 0.81225241875 0.2896178078125 0.813703671875
4 0.35184228906250004 0.740354296875 0.36666994218750004 0.7406371187499999 0.3846646171875 0.737131834375 0.416107509375 0.7224690796875 0.4128061609375 0.7099395453125 0.4089881703125 0.7072681484375 0.375359878125 0.706988546875 0.34331767968750004 0.7142059796875 0.3425168828125 0.729486096875 0.34799846562500003 0.73817580625 0.35184228906250004 0.740354296875
4 0.3321116953125 0.6636983609375 0.34101862031249996 0.663670890625 0.371061409375 0.656842934375 0.37422843125 0.653054825 0.392352265625 0.6470850031250001 0.39658357187500004 0.6418698875 0.38899925468749996 0.63554128125 0.3713920625 0.6316529625 0.3452421765625 0.6302825046875 0.334023275 0.6272232437499999 0.32509051875 0.6277436187500001 0.3193816125 0.6422722515625 0.3226571296875 0.6552946953125 0.3321116953125 0.6636983609375
4 0.2718762921875 0.6046900875000001 0.2788354734375 0.60406628125 0.297010975 0.597110646875 0.29983701093750004 0.580948146875 0.2950580625 0.577732128125 0.2724910984375 0.5740781390625 0.2576634453125 0.5737953171875 0.25260034375 0.5760012734375 0.2502651171875 0.5827985421874999 0.258242084375 0.6005157234375 0.2718762921875 0.6046900875000001
4 0.31047985625 0.5666780921875 0.326449290625 0.5640551890625 0.333563465625 0.560473940625 0.3307064296875 0.5583471656250001 0.3430903625 0.548616703125 0.3446454578125 0.537824465625 0.337918765625 0.534012109375 0.338099590625 0.530561759375 0.34311102656250003 0.529341615625 0.34129244375 0.52628074375 0.34433030625 0.5249571703125 0.3282058765625 0.5305375140625 0.31732537656250004 0.5304615515625 0.3066515328125 0.526442334375 0.306884021875 0.522006171875 0.29244385156249997 0.5143297437500001 0.2718762953125 0.5102862781249999 0.2628660421875 0.512285375 0.245470671875 0.52323598125 0.22851444999999998 0.52580716875 0.22802363906249998 0.5351724015625 0.23672390625 0.5390881875 0.2435280953125 0.5414218234375 0.275001984375 0.54504834375 0.31047985625 0.5666780921875
4 0.34981705625 0.4580252515625 0.3596849359375 0.45854240468749996 0.37173305 0.45521973281249994 0.385046940625 0.4277446203125 0.376165846875 0.42727918125000003 0.33706114062500003 0.43709205156250003 0.3302311203125 0.43525132031249997 0.32563299843750004 0.428584953125 0.3216341828125 0.42936390625 0.2973261296875 0.421170325 0.282550140625 0.4199016859375 0.267619159375 0.421590490625 0.2545325921875 0.42584726093749997 0.24804355625 0.4363809234375 0.22786864687500002 0.4437260328125 0.22223723906249998 0.45677594531250004 0.22880893750000003 0.46354574375 0.2385476578125 0.46652743281250003 0.2484413703125 0.466551678125 0.325767325 0.4449026 0.330701265625 0.4451611765625 0.33542854843750003 0.449363009375 0.3412976125 0.450659115625 0.34981705625 0.4580252515625
4 0.4181224265625 0.30640709843749997 0.4388708078125 0.3070002140625 0.44881618593750006 0.306038646875 0.46706918125 0.297604290625 0.46766332187500004 0.28626742968749996 0.46397449062499996 0.2811315 0.4484700359375 0.2748820765625 0.43070784843750004 0.2739512 0.404870534375 0.2760569484375 0.4002465796875 0.2698834875 0.3991822953125 0.2713104953125 0.39232644375 0.26996267343749997 0.3852639328125 0.27255810625 0.38497977968749997 0.2779800828125 0.37885239375 0.281613046875 0.389841390625 0.29849956093749996 0.4181224265625 0.30640709843749997
4 0.3016659328125 0.338361953125 0.33721613437500003 0.3397308 0.343343521875 0.33609783437499996 0.34523443593750003 0.31889780624999997 0.34235156718750004 0.3172639390625 0.3275755796875 0.3159953015625 0.3062020578125 0.308449771875 0.2761334375 0.3157706375 0.2720312921875 0.31852121875 0.279408953125 0.3287930796875 0.2899278046875 0.33576973906249996 0.3016659328125 0.338361953125
4 0.6159656828125 0.4774103796875 0.6337020359375 0.4788341625 0.640997034375 0.4718025640625 0.639772590625 0.45740483125000003 0.6313564781250001 0.44806706875 0.6176706046875 0.44487851718750004 0.5999084203125 0.443947640625 0.5858092328125 0.44864560156250005 0.5669310984375 0.45012754531250004 0.5647508640625001 0.45396737031249995 0.5683105359375 0.4615678359375 0.5817897484375 0.46869964218750004 0.6159656828125 0.4774103796875
4 0.6300751984375 0.6046805859375 0.6517845375 0.605818325 0.6698308765625 0.601327225 0.6729462328125 0.5985249296874999 0.6543470874999999 0.575802715625 0.6566823125 0.569005446875 0.6405320531250001 0.5750786999999999 0.6218089124999999 0.5736032 0.5930112328125 0.575553803125 0.584961934375 0.5780975234375 0.5856129046875 0.5845570296875 0.5961575890625 0.59104078125 0.6300751984375 0.6046805859375
4 0.8140104296875 0.6256882218750001 0.816061503125 0.62431293125 0.8186808828125001 0.6120936875 0.816159665625 0.6035591234375 0.79948243125 0.5819261546875001 0.7936908625 0.5791513265625 0.79156229375 0.5820053374999999 0.7754120343750001 0.588078590625 0.7634672484375 0.5894296328124999 0.760408721875 0.6100282953125 0.769134821875 0.6134511765624999 0.7908183265625001 0.6150818203124999 0.8015438359375 0.618115225 0.8140104296875 0.6256882218750001
4 0.799699421875 0.5211434500000001 0.815539696875 0.52098508125 0.8265751890624999 0.5181036031249999 0.8317416203124999 0.513926015625 0.8311681468750001 0.5059877890625 0.8168313046875 0.4963397328125 0.780397640625 0.49294754375 0.7673885703125001 0.4957255921875 0.7699356203125001 0.50376725 0.7908958265625 0.519199290625 0.799699421875 0.5211434500000001
4 0.40579532656249995 0.2395301171875 0.4452410171875 0.2420916390625 0.45321281874999997 0.24102664218749997 0.4704273625 0.233526384375 0.47468450000000006 0.22781836093750002 0.4703705328125 0.21573001718749998 0.47220978125 0.19951580156249998 0.46478045625000003 0.1902297546875 0.4588597265625 0.1899194625 0.4542616046875 0.1832530953125 0.43122966093750004 0.1884714328125 0.3876353265625 0.208428484375 0.368994846875 0.2242564453125 0.37650167031250004 0.2320637734375 0.3940571984375 0.23693790468749998 0.399042803125 0.2362106671875 0.40579532656249995 0.2395301171875