4 0.22509765625 0.7509765625 0.24462890625 0.759765625 0.25634765625 0.7587890625 0.255859375 0.75 0.2587890625 0.748046875 0.26123046875 0.7236328125 0.2607421875 0.7080078125 0.2646484375 0.6845703125 0.259765625 0.654296875 0.2548828125 0.6552734375 0.2529296875 0.6455078125 0.21240234375 0.638671875 0.203125 0.6474609375 0.19482421875 0.6640625 0.193359375 0.671875 0.185546875 0.6826171875 0.18212890625 0.6923828125 0.18310546875 0.701171875 0.193359375 0.720703125 0.22509765625 0.7509765625
4 0.283203125 0.64453125 0.2919921875 0.61328125 0.29345703125 0.580078125 0.291015625 0.576171875 0.27880859375 0.572265625 0.2626953125 0.6025390625 0.25830078125 0.6201171875 0.2578125 0.634765625 0.259765625 0.638671875 0.26806640625 0.64453125 0.283203125 0.64453125
4 0.36767578125 0.6669921875 0.36865234375 0.658203125 0.3662109375 0.64697265625 0.3662109375 0.62109375 0.36328125 0.603515625 0.357421875 0.595703125 0.35205078125 0.599609375 0.34521484375 0.6171875 0.34130859375 0.6201171875 0.3330078125 0.6494140625 0.33251953125 0.658203125 0.34033203125 0.66796875 0.35302734375 0.671875 0.36767578125 0.6669921875
4 0.4150390625 0.7412109375 0.41748046875 0.736328125 0.41796875 0.7216796875 0.41552734375 0.69921875 0.41259765625 0.6943359375 0.396484375 0.6962890625 0.388671875 0.7138671875 0.3876953125 0.720703125 0.39111328125 0.734375 0.408203125 0.7431640625 0.4150390625 0.7412109375
4 0.45068359375 0.7587890625 0.4541015625 0.767578125 0.46337890625 0.767578125 0.466796875 0.7509765625 0.478515625 0.734375 0.48095703125 0.7255859375 0.47802734375 0.705078125 0.47119140625 0.6904296875 0.466796875 0.6904296875 0.46337890625 0.6796875 0.4638671875 0.6689453125 0.47021484375 0.6533203125 0.46875 0.65625 0.4658203125 0.654296875 0.46435546875 0.6591796875 0.4609375 0.6591796875 0.45751953125 0.65234375 0.44677734375 0.6533203125 0.4365234375 0.6650390625 0.4345703125 0.662109375 0.4306640625 0.6689453125 0.42724609375 0.6845703125 0.44677734375 0.720703125 0.44873046875 0.751953125 0.45068359375 0.7587890625
4 0.54833984375 0.6708984375 0.54833984375 0.67578125 0.52294921875 0.7509765625 0.5224609375 0.7607421875 0.52490234375 0.7705078125 0.53125 0.77734375 0.54443359375 0.7724609375 0.552734375 0.7529296875 0.5634765625 0.7470703125 0.568359375 0.734375 0.57080078125 0.7197265625 0.5703125 0.705078125 0.5634765625 0.6806640625 0.564453125 0.6767578125 0.55810546875 0.671875 0.556640625 0.6650390625 0.568359375 0.626953125 0.568359375 0.6181640625 0.54052734375 0.6298828125 0.53662109375 0.6416015625 0.53662109375 0.6513671875 0.54345703125 0.66015625 0.54443359375 0.666015625 0.54833984375 0.6708984375
4 0.71630859375 0.6259765625 0.7216796875 0.6259765625 0.724609375 0.619140625 0.7236328125 0.6123046875 0.72509765625 0.611328125 0.71923828125 0.6064453125 0.72265625 0.5810546875 0.72265625 0.5634765625 0.71728515625 0.5478515625 0.71240234375 0.5439453125 0.701171875 0.5439453125 0.69189453125 0.5615234375 0.6904296875 0.5712890625 0.68994140625 0.591796875 0.6962890625 0.6201171875 0.71240234375 0.6318359375 0.71630859375 0.6259765625
4 0.67041015625 0.7353515625 0.67333984375 0.7314453125 0.68212890625 0.7021484375 0.67578125 0.6806640625 0.67529296875 0.666015625 0.673828125 0.6630859375 0.65673828125 0.6640625 0.65283203125 0.669921875 0.65234375 0.705078125 0.654296875 0.716796875 0.66064453125 0.7275390625 0.67041015625 0.7353515625
4 0.5517578125 0.439453125 0.5556640625 0.4375 0.55810546875 0.4189453125 0.5634765625 0.4052734375 0.5634765625 0.3876953125 0.56103515625 0.3740234375 0.55224609375 0.365234375 0.5380859375 0.36328125 0.53076171875 0.3701171875 0.53125 0.3876953125 0.5380859375 0.421875 0.54443359375 0.435546875 0.5517578125 0.439453125
4 0.43017578125 0.4130859375 0.43310546875 0.4052734375 0.4365234375 0.376953125 0.43603515625 0.3583984375 0.44287109375 0.3427734375 0.43603515625 0.3447265625 0.41455078125 0.3251953125 0.41162109375 0.328125 0.40625 0.345703125 0.40625 0.3671875 0.41796875 0.4013671875 0.423828125 0.412109375 0.43017578125 0.4130859375
4 0.40478515625 0.2294921875 0.40771484375 0.23828125 0.42822265625 0.236328125 0.43017578125 0.224609375 0.43701171875 0.208984375 0.43994140625 0.20703125 0.4375 0.201171875 0.4169921875 0.18359375 0.40869140625 0.1806640625 0.396484375 0.1826171875 0.39501953125 0.1845703125 0.40185546875 0.197265625 0.404296875 0.2080078125 0.40478515625 0.2294921875
4 0.52099609375 0.2373046875 0.5244140625 0.224609375 0.52294921875 0.1884765625 0.51416015625 0.173828125 0.50634765625 0.1728515625 0.501953125 0.177734375 0.49853515625 0.1884765625 0.49755859375 0.2041015625 0.4990234375 0.212890625 0.51318359375 0.234375 0.52099609375 0.2373046875
4 0.76123046875 0.63671875 0.7685546875 0.64453125 0.78515625 0.626953125 0.80712890625 0.5849609375 0.8134765625 0.5625 0.80712890625 0.5576171875 0.80712890625 0.5517578125 0.79833984375 0.5439453125 0.7822265625 0.544921875 0.7705078125 0.5400390625 0.7646484375 0.5439453125 0.75634765625 0.560546875 0.7548828125 0.568359375 0.75537109375 0.607421875 0.75830078125 0.6142578125 0.75732421875 0.619140625 0.76123046875 0.63671875