0 0.34814453125 0.6259765625 0.34130859375 0.615234375 0.33349609375 0.63671875 0.33349609375 0.6669921875 0.34765625 0.6689453125 0.35009765625 0.662109375 0.34814453125 0.6259765625
3 0.1171875 0.48828125 0.130859375 0.482421875 0.142578125 0.466796875 0.1533203125 0.4345703125 0.16455078125 0.41796875 0.17041015625 0.4208984375 0.1748046875 0.431640625 0.1806640625 0.4365234375 0.20458984375 0.4443359375 0.21875 0.443359375 0.2177734375 0.4267578125 0.205078125 0.40234375 0.2021484375 0.3896484375 0.20166015625 0.375 0.20654296875 0.3359375 0.2099609375 0.3271484375 0.20556640625 0.302734375 0.19677734375 0.294921875 0.189453125 0.2939453125 0.17578125 0.3232421875 0.13818359375 0.3857421875 0.1142578125 0.4326171875 0.099609375 0.4677734375 0.09619140625 0.482421875 0.10498046875 0.4853515625 0.10693359375 0.4990234375 0.1171875 0.48828125
3 0.07666015625 0.533203125 0.08154296875 0.5224609375 0.09375 0.5146484375 0.09521484375 0.5048828125 0.10009765625 0.501953125 0.095703125 0.5009765625 0.091796875 0.4951171875 0.04833984375 0.529296875 0.04736328125 0.5322265625 0.05078125 0.5283203125 0.06494140625 0.5263671875 0.07666015625 0.533203125
3 0.29931640625 0.251953125 0.30126953125 0.2431640625 0.29541015625 0.2041015625 0.2724609375 0.2275390625 0.26611328125 0.228515625 0.248046875 0.220703125 0.23828125 0.22265625 0.24072265625 0.2314453125 0.25927734375 0.24609375 0.2958984375 0.255859375 0.29931640625 0.251953125
3 0.4326171875 0.19921875 0.439453125 0.19921875 0.45751953125 0.1796875 0.45751953125 0.173828125 0.4541015625 0.1650390625 0.455078125 0.15234375 0.44970703125 0.142578125 0.4296875 0.1328125 0.40771484375 0.1337890625 0.40673828125 0.138671875 0.41552734375 0.17578125 0.42333984375 0.1923828125 0.4326171875 0.19921875
3 0.45166015625 0.693359375 0.46240234375 0.6904296875 0.4697265625 0.6826171875 0.47607421875 0.666015625 0.47412109375 0.6494140625 0.46923828125 0.640625 0.44970703125 0.6376953125 0.443359375 0.640625 0.4404296875 0.6484375 0.43994140625 0.67578125 0.44384765625 0.685546875 0.44873046875 0.6875 0.45166015625 0.693359375
4 0.57275390625 0.5361328125 0.5712890625 0.498046875 0.564453125 0.4765625 0.54443359375 0.4775390625 0.5390625 0.486328125 0.53271484375 0.490234375 0.52783203125 0.5078125 0.52783203125 0.515625 0.537109375 0.529296875 0.5595703125 0.5390625 0.57275390625 0.5361328125
4 0.49658203125 0.345703125 0.50244140625 0.35546875 0.5087890625 0.3564453125 0.51220703125 0.34765625 0.517578125 0.349609375 0.5205078125 0.3447265625 0.52587890625 0.3173828125 0.51708984375 0.2958984375 0.51220703125 0.2939453125 0.509765625 0.2861328125 0.498046875 0.28515625 0.49072265625 0.2978515625 0.48974609375 0.314453125 0.4912109375 0.3232421875 0.49462890625 0.330078125 0.49658203125 0.345703125
4 0.68896484375 0.41015625 0.689453125 0.37109375 0.685546875 0.361328125 0.6826171875 0.357421875 0.6748046875 0.3564453125 0.66162109375 0.361328125 0.6591796875 0.3681640625 0.65869140625 0.3779296875 0.6640625 0.4111328125 0.68212890625 0.4150390625 0.68896484375 0.41015625
4 0.6962890625 0.646484375 0.70654296875 0.619140625 0.70751953125 0.611328125 0.7021484375 0.603515625 0.6943359375 0.6005859375 0.68505859375 0.6025390625 0.677734375 0.609375 0.6728515625 0.6318359375 0.6728515625 0.6455078125 0.67529296875 0.6572265625 0.68505859375 0.666015625 0.6962890625 0.646484375
4 0.63330078125 0.7060546875 0.64306640625 0.69921875 0.64794921875 0.677734375 0.64697265625 0.66015625 0.63818359375 0.65234375 0.61669921875 0.658203125 0.619140625 0.67578125 0.615234375 0.681640625 0.62109375 0.6962890625 0.63330078125 0.7060546875
4 0.51123046875 0.658203125 0.5166015625 0.6474609375 0.51953125 0.634765625 0.513671875 0.6240234375 0.50341796875 0.625 0.49755859375 0.6328125 0.4951171875 0.6533203125 0.4970703125 0.6650390625 0.5009765625 0.66796875 0.51123046875 0.658203125
4 0.7119140625 0.7998046875 0.70947265625 0.806640625 0.7177734375 0.8212890625 0.73681640625 0.8203125 0.740234375 0.81640625 0.7431640625 0.8017578125 0.7431640625 0.783203125 0.7412109375 0.7783203125 0.74267578125 0.7626953125 0.7548828125 0.7392578125 0.75830078125 0.7275390625 0.751953125 0.7119140625 0.74462890625 0.7099609375 0.734375 0.7119140625 0.72412109375 0.7275390625 0.72265625 0.7490234375 0.72705078125 0.76953125 0.72607421875 0.78125 0.7119140625 0.7998046875
4 0.330078125 0.3310546875 0.33935546875 0.31640625 0.3369140625 0.30078125 0.32275390625 0.28515625 0.3134765625 0.2822265625 0.31005859375 0.2900390625 0.3095703125 0.314453125 0.310546875 0.322265625 0.314453125 0.326171875 0.330078125 0.3310546875
4 0.330078125 0.201171875 0.3330078125 0.2041015625 0.337890625 0.2021484375 0.3408203125 0.1904296875 0.34619140625 0.185546875 0.34716796875 0.166015625 0.345703125 0.1611328125 0.34912109375 0.150390625 0.3369140625 0.1484375 0.326171875 0.154296875 0.322265625 0.162109375 0.32421875 0.1767578125 0.3232421875 0.1865234375 0.330078125 0.201171875
4 0.82666015625 0.5869140625 0.831298828125 0.58203125 0.85791015625 0.576171875 0.861328125 0.5615234375 0.859375 0.53515625 0.86279296875 0.51171875 0.837890625 0.4365234375 0.830078125 0.427734375 0.82373046875 0.4296875 0.8203125 0.4443359375 0.81005859375 0.4560546875 0.8056640625 0.466796875 0.80712890625 0.4892578125 0.8154296875 0.5283203125 0.822265625 0.58203125 0.82666015625 0.5869140625
4 0.8623046875 0.7666015625 0.8720703125 0.7509765625 0.8662109375 0.734375 0.84912109375 0.7275390625 0.8447265625 0.7314453125 0.84765625 0.7451171875 0.8388671875 0.7568359375 0.83837890625 0.763671875 0.8466796875 0.7744140625 0.8525390625 0.775390625 0.8623046875 0.7666015625
0 0.294921875 0.7587890625 0.302734375 0.7333984375 0.30615234375 0.728515625 0.30615234375 0.703125 0.29345703125 0.6875 0.283203125 0.7041015625 0.28271484375 0.7119140625 0.28955078125 0.7265625 0.29150390625 0.7470703125 0.294921875 0.7587890625