0 0.7472233859374999 0.3249921421875 0.7142640640625 0.31798642187500004 0.6890676140625 0.3215110171875 0.6991826390625 0.3314312640625 0.7380696921875 0.3419170296875 0.7460764828124999 0.34084384375 0.7472233859374999 0.3249921421875
3 0.601134025 0.02420181875 0.58439585625 0.024529128125 0.5427343328124999 0.03232419375 0.486169778125 0.047496840624999995 0.40943352187500004 0.0739223265625 0.374376965625 0.082011290625 0.37374707812499997 0.0902026515625 0.3802209984375 0.10156902500000001 0.40578524062500004 0.11199802343750001 0.4161441859375 0.11031476874999999 0.45980107031250006 0.11404415937500001 0.47563625624999994 0.1179650484375 0.488780671875 0.12408908125 0.5124260765625 0.1435454984375 0.530274796875 0.1484493921875 0.5346113124999999 0.13327566562499998 0.5316364484375 0.10544752500000001 0.5276749015625 0.09794527343750001 0.5169955140625 0.09068015 0.5151603765625 0.08362987968749999 0.535830915625 0.07525815625 0.573399846875 0.07103331406249999 0.59312005625 0.0619045765625 0.60265971875 0.0483918296875 0.616725290625 0.039726209375 0.602291928125 0.0344382375 0.601134025 0.02420181875
3 0.621447771875 0.027964621875 0.6214951203125 0.032969835937500004 0.6258134609375 0.0283375609375 0.63678411875 0.029004396874999998 0.6458460796875001 0.01983024375 0.6244673187500001 0.0152860484375 0.61597153125 0.022360478125 0.621447771875 0.027964621875
3 0.29448027187500003 0.12330546718749999 0.28547580156249996 0.118616425 0.28109193593750004 0.1287849375 0.285421275 0.1502407828125 0.282890725 0.1569181125 0.2520688078125 0.1764524921875 0.2932424921875 0.19186442812499999 0.30326281875 0.1917742484375 0.30830574374999997 0.1889610390625 0.3061391640625 0.14687427343749998 0.29448027187500003 0.12330546718749999
3 0.15509915000000002 0.2823847421875 0.149557384375 0.2823168375 0.1434149046875 0.305986959375 0.14941915781249998 0.330018884375 0.15880959687500001 0.33812006562499997 0.1728569921875 0.3399959 0.18163571875 0.3457469921875 0.18801494218749998 0.3471029390625 0.213455315625 0.3319748421875 0.21503553437499998 0.3245404953125 0.2097376890625 0.31286908750000003 0.1934691875 0.3005308453125 0.15509915000000002 0.2823847421875
3 0.7321859515625 0.44278945781249995 0.7023033703125 0.43699273749999995 0.6931205015625 0.43837095625 0.68846354375 0.44459630624999996 0.6871382421875001 0.46651526875 0.6955783515625 0.4738594359375 0.7132013265625 0.47982538124999996 0.7327431390625 0.47676390468749996 0.7429418625 0.4706064625 0.7486146765624999 0.45960188906250005 0.7429126890625 0.4550597953125 0.7419150078125 0.44929756718749997 0.7321859515625 0.44278945781249995
4 0.53750340625 0.5013113953125 0.5289977765625 0.49950346874999996 0.5087313765625 0.500745878125 0.5030112156250001 0.5067452375 0.49220077812499996 0.5105525890625 0.486509790625 0.5320986140625 0.5083200578125 0.5445047625 0.5494463921875 0.554911484375 0.5556835687499999 0.5412517890624999 0.550243678125 0.5145647390625 0.53750340625 0.5013113953125
4 0.32728747812500003 0.4133373265625 0.308987265625 0.41055752968750003 0.2934725234375 0.41558501718749996 0.2918267796875 0.42855560156249994 0.299768046875 0.433018653125 0.300765728125 0.438780884375 0.3221245046875 0.4533111296875 0.35313581250000003 0.45379760625000004 0.35912906875 0.45174141093750003 0.3582442625 0.44544815625 0.3686032078125 0.44376490156250004 0.36900735 0.436635590625 0.359729784375 0.428003384375 0.3431700140625 0.42226342812500006 0.33651769531250003 0.41696431875 0.32728747812500003 0.4133373265625
4 0.35734174531249996 0.611761303125 0.346596834375 0.61003241875 0.33859004062500003 0.61110560625 0.3302264578125 0.6243133203125 0.329483696875 0.6330357078125 0.333059275 0.63712581875 0.34278833125 0.6436339265625 0.3854293609375 0.652142540625 0.3923256 0.6458381484375 0.3922490765625 0.6252862703125001 0.35734174531249996 0.611761303125
4 0.64538630625 0.689082546875 0.630501453125 0.6859186734375 0.604919034375 0.6860311296875 0.5957835140625 0.6924145640625 0.5915125234375 0.7020520515625 0.592896171875 0.711226421875 0.6001602015625 0.718875621875 0.6088915781249999 0.7196214999999999 0.641031615625 0.7147977265625001 0.66489176875 0.7071039765625 0.6575803890625 0.6944495625 0.64538630625 0.689082546875
4 0.690761634375 0.63767554375 0.6721883281250001 0.6309525828125 0.6608427015625 0.6529617265625001 0.6673166234375 0.6643281 0.6862285484374999 0.6694579875 0.7107477624999999 0.669119540625 0.7204476453125 0.6600809828124999 0.7126374265625001 0.644545453125 0.698043840625 0.6347832921875 0.690761634375 0.63767554375
4 0.6949776359375 0.49759746250000003 0.6720859890625 0.49550677812500005 0.662225884375 0.500071146875 0.6587923515624999 0.5109966765625 0.6691331218750001 0.5198548734374999 0.683632009375 0.51960660625 0.6965688531249999 0.516251234375 0.7095712203125 0.507359625 0.7072845921875001 0.5024334546875 0.6949776359375 0.49759746250000003
4 0.7465728953124999 0.767202115625 0.7228437921875 0.7638233875 0.7034621999999999 0.7713590531250001 0.6989654640625 0.7820585906249999 0.6993987796875001 0.79047594375 0.714942696875 0.800995121875 0.728491253125 0.7999898390625 0.7568299671875 0.792138003125 0.7741798484375 0.794160784375 0.7790443765624999 0.7974148390625 0.79924525 0.8017086671874999 0.8158705453125 0.8019123828125 0.8209134703125001 0.7990991734375 0.8263787140625001 0.7786151984374999 0.81234949375 0.7661979140625 0.8043427015625 0.7672711 0.780868515625 0.778376990625 0.7678843234375 0.7767271484375 0.7465728953124999 0.767202115625
4 0.368937540625 0.217389190625 0.3422445703125 0.212270440625 0.33294882812500004 0.21417968593749998 0.3339938578125 0.2249471296875 0.34773180937500003 0.243962703125 0.36417870625000004 0.25023368281249997 0.3822713484375 0.243534078125 0.380567259375 0.2254113296875 0.377217425 0.2202591671875 0.368937540625 0.217389190625
4 0.2001430375 0.19594124375 0.1907344234375 0.1983815140625 0.18187199999999998 0.20870811093750002 0.1811765859375 0.2224357125 0.1936619390625 0.221204440625 0.198639340625 0.22392746875 0.2201291640625 0.227385240625 0.226686784375 0.222673921875 0.24012246875 0.2221996640625 0.24337760312499998 0.21734139843750003 0.24086522812500002 0.213477278125 0.2264973890625 0.20265306718749998 0.21563960468749999 0.20145520625 0.2001430375 0.19594124375
4 0.44423366093750005 0.7989558 0.4201185890625 0.7921649328125 0.407407490625 0.79445825625 0.392278715625 0.802897884375 0.3755405484375 0.80322519375 0.37194679375 0.8096765328125001 0.3797096640625 0.8202068468749999 0.45581985156249993 0.8646904140625 0.48212685625 0.866397025 0.5103818703125 0.8746228796875 0.5271200390625 0.8742955718750001 0.5396508296875 0.8467106671875 0.5460391421875 0.8427958875 0.5417389765625 0.8368867109375 0.4848429796875 0.8170228609375 0.44423366093750005 0.7989558
4 0.7357701015625 0.8964448468749999 0.7282148015625001 0.8953939343749999 0.7134246453124999 0.9022404890625 0.6992170265625 0.8958904656250001 0.6939483562500001 0.899765725 0.6974402359375 0.9199335296875001 0.714160228125 0.9301476718749999 0.7334289484375 0.9231430328125001 0.7452552375 0.91455645625 0.7455465078125 0.9079581687499999 0.7357701015625 0.8964448468749999
0 0.8078695375 0.280161153125 0.7992510328125 0.27888425 0.7788062390625 0.2861939234375 0.7928828078125 0.3036164234375 0.820526109375 0.30949218749999996 0.8266322390624999 0.3069049703125 0.8560815046875 0.30428433906249996 0.8441131671875001 0.2978552734375 0.8222373765625001 0.29098536406250003 0.8078695375 0.280161153125