0 0.339799334375 0.6507711281249999 0.329704065625 0.640830778125 0.326619746875 0.666084903125 0.33419961875 0.6989169375000001 0.35002888906249996 0.6974935578125 0.350962175 0.68946925625 0.339799334375 0.6507711281249999
3 0.10335568125000001 0.48336440625000004 0.11092592812499999 0.487194415625 0.13880175 0.489683159375 0.15389748281249999 0.4850824859375 0.1486828296875 0.46732206875 0.12881670625 0.4440198265625 0.1224642078125 0.43098429375 0.11826755156249999 0.4152199484375 0.1137768125 0.3716348 0.11527902187500001 0.36124805625 0.10440545625 0.33586971718749997 0.092927828125 0.329595153125 0.08474870625 0.3303679046875 0.0772727953125 0.36556029375 0.05219056875 0.44274604999999995 0.0380074203125 0.49956678906249996 0.0309406328125 0.5413580125 0.030905495312499996 0.5580993421875 0.0411605625 0.5590784171875 0.046699628124999996 0.5734172937500001 0.0551184484375 0.559202628125 0.0684626484375 0.549428590625 0.07724583125 0.529552065625 0.0808143625 0.4919151234375 0.088824059375 0.471101625 0.0959052828125 0.4728134375 0.10335568125000001 0.48336440625000004
3 0.025061268749999997 0.605186053125 0.036329521875 0.5936601890625 0.035471325 0.582702840625 0.040027528125 0.5783043140624999 0.03502225 0.578344325 0.0293233859375 0.5729667234375 0.009413778125 0.59774335625 0.013456810937499999 0.615255659375 0.0224611609375 0.6180573625 0.025061268749999997 0.605186053125
3 0.1197967265625 0.24084143125000002 0.124642203125 0.2497626953125 0.148410896875 0.26100847968749996 0.1905290640625 0.262440215625 0.1932538328125 0.25734896093750004 0.193169121875 0.24732858750000003 0.17704095312499998 0.20643015 0.158047465625 0.23758829218750002 0.151415315625 0.2402349921875 0.1298871828125 0.23628077187500002 0.1197967265625 0.24084143125000002
3 0.3287924734375 0.10111603124999999 0.30465942031250004 0.0955321046875 0.281100103125 0.10208675 0.281264715625 0.10762648593749999 0.30007770312500004 0.1456739875 0.3126979921875 0.16172467968749998 0.32446008125 0.16681802343750002 0.3318657171875 0.165108296875 0.34654751250000004 0.139407778125 0.345080440625 0.133053190625 0.33917701562499997 0.1243761734375 0.33705630625 0.110363653125 0.3287924734375 0.10111603124999999
3 0.452760065625 0.6380786640625 0.4466169390625 0.6428435593749999 0.445399190625 0.6520490828125001 0.4517165546875 0.6818259484375 0.45839346562500005 0.6914399390625 0.46417223124999996 0.692336903125 0.4688131453125 0.6979587515625 0.47971703750000005 0.6920947453124999 0.4856955515625 0.6817901140625 0.48841550937499995 0.662197846875 0.4821429078125 0.644681675 0.4746525609375 0.6363710265625 0.452760065625 0.6380786640625
4 0.504875803125 0.47767892187500005 0.5068319 0.4861517046875 0.5203055734375 0.4986587328125 0.5470834953125 0.503632040625 0.5606322578125 0.4971574203125 0.5495093671875 0.456218971875 0.5367244671875 0.43462854375 0.5152810453125001 0.4406946953125 0.5116629390625 0.45156993281249996 0.5057643265625 0.45739392656250005 0.504875803125 0.47767892187500005
4 0.4550800640625 0.271643325 0.44017926875 0.2505413890625 0.4344005046875 0.24964442656250002 0.4297995390625 0.241782259375 0.41685965156250004 0.2436541203125 0.41210369687500004 0.259254240625 0.41520245312500004 0.2775031515625 0.418989984375 0.28666866406249997 0.4244043859375 0.29322748593750003 0.4304324734375 0.309684559375 0.43922528281249995 0.318810059375 0.44634645624999997 0.3182815546875 0.44784866562500003 0.30789481093750004 0.454156403125 0.3086696515625 0.4561076875 0.302641421875 0.4550800640625 0.271643325
4 0.6122045843749999 0.2933767640625 0.61412073125 0.3040898671875 0.628252853125 0.3387558375 0.6488029375 0.33847366874999996 0.6549860140625 0.331468453125 0.6457345078125 0.2889824140625 0.6390575953125001 0.2793684234375 0.6349057046875 0.2758647703125 0.6261976078125 0.27675964531249997 0.6131378703125 0.2853524625 0.6122045843749999 0.2933767640625
4 0.6927000624999999 0.5503332609375 0.6930341 0.5759137453125 0.6964572687499999 0.5907411140625001 0.7020362828125 0.6028396734375 0.7148163703125 0.6099290890625 0.7220925312500001 0.5859382953125001 0.7263546484375001 0.5537189671875 0.7254565000000001 0.5450019359375 0.717681690625 0.537872509375 0.7084845703125 0.5366491875 0.6989230890625 0.5410877265625 0.6927000624999999 0.5503332609375
4 0.645850003125 0.637006709375 0.643085284375 0.6443382828125 0.6531006515625 0.6587592718749999 0.668770121875 0.66629716875 0.6776380171875 0.65644101875 0.6775484921875 0.6319196328125 0.672089328125 0.6131001171875 0.6606117 0.6068255515625001 0.6388039171875 0.6185535625 0.645850003125 0.637006709375
4 0.5058668374999999 0.6436667671875 0.510916878125 0.6558874484375 0.5158822046875 0.65808775625 0.5245455375 0.6449321875 0.5276746203125 0.6319387562500001 0.52766980625 0.6174377421874999 0.5186324875 0.6072531453125001 0.5077685453125 0.6108768328124999 0.5033769546875 0.6208150953125 0.5058668374999999 0.6436667671875
4 0.8071057156249999 0.72248816875 0.803767259375 0.717681171875 0.8014419890625 0.7003692359375 0.80879805 0.6718978046874999 0.809566725 0.6583337671875 0.7987778703124999 0.6429758031249999 0.7903542375 0.6426894562500001 0.7797348078125 0.647372240625 0.7725385453125 0.6668823953125 0.7763308875 0.6905489203124999 0.7862264046874999 0.711690865625 0.7881026015625 0.7246442859375 0.777408084375 0.748308721875 0.7764748 0.7563330234375 0.7891350375 0.770143396875 0.8095205109375 0.764321490625 0.8122452796875 0.7592302359375 0.8117514437500001 0.742611028125 0.8071057156249999 0.72248816875
4 0.22001105625 0.3225666375 0.2230251 0.330795175 0.228234940625 0.334054578125 0.2463846671875 0.3354421234375 0.2527674921875 0.3172353140625 0.24621043125000003 0.3009003640625 0.22695799375 0.287496371875 0.21617395312499998 0.286639421875 0.21442723125000002 0.2959670671875 0.22001105625 0.3225666375
4 0.2207667453125 0.1472511453125 0.2217799296875 0.13474620625 0.20806655625 0.1356810921875 0.1978962015625 0.1447223921875 0.1956205046875 0.1541721609375 0.20140408125000003 0.1695701359375 0.20279125312500001 0.18040536093749998 0.21386456874999998 0.19458210468749998 0.21777195 0.197026659375 0.222572665625 0.19368722968750002 0.222812365625 0.18024531562499999 0.22740851874999998 0.1736064703125 0.2235762265625 0.152180265625 0.2207667453125 0.1472511453125
4 0.8229249015625 0.3228165015625 0.8122607093750001 0.3152385921875 0.805873071875 0.318944390625 0.805837934375 0.335685721875 0.797663625 0.350959484375 0.795592490625 0.3637086703125 0.8028031890625 0.387701553125 0.8215762265625 0.42798937343750004 0.8424300234375 0.4845300328125 0.8484133500000001 0.4887264125 0.8522160421875 0.4822707515625 0.8795780515624999 0.469260446875 0.8796131890625001 0.452519115625 0.8708954703125 0.42441196562499994 0.86873 0.3981387515625 0.8229249015625 0.3228165015625
4 0.9041827906250001 0.6699563640624999 0.9053654 0.6774921734375 0.917047590625 0.6870661546875 0.923639790625 0.6866597734375001 0.9320186609375 0.674685428125 0.9386859484375 0.6552973953125 0.9281815578125 0.6387582109375 0.907955884375 0.6356188390625 0.904173165625 0.640954340625 0.9107701765625 0.655048971875 0.9041827906250001 0.6699563640624999
0 0.290433878125 0.7603362609375 0.30150719375 0.774513003125 0.3087578421875 0.796265565625 0.31539480468750003 0.8081198765625001 0.317501075 0.7786293609375 0.31998133281249996 0.7724790078125 0.3136240203125 0.7449424625 0.2959585046875 0.7311721015625 0.28900675625 0.7517413546875 0.290433878125 0.7603362609375