4 0.7794532125 0.521881246875 0.7914998125 0.5064779859375 0.7896768984375 0.4997397484375 0.7817888640625 0.4922543453125 0.7721798875 0.4869694078125 0.7601699562500001 0.48645488124999997 0.7512828109374999 0.4870487953125 0.7388334765625 0.4910638328125 0.7158780265625 0.5068119515625 0.714337540625 0.5104821296875001 0.7169424390625 0.523589121875 0.726551415625 0.528874059375 0.739722584375 0.530737875 0.7512931140625 0.5357819640625 0.7646630734375 0.5311565984375 0.7794532125 0.521881246875
4 0.325542640625 0.3359314484375 0.3190799359375 0.34816264218750004 0.32066224062500004 0.3529412609375 0.333754921875 0.3622740640625 0.352750596875 0.3629254296875 0.3691831921875 0.35891860000000003 0.37360585625 0.35439724375 0.370640040625 0.338350825 0.353925015625 0.33194924062500003 0.325542640625 0.3359314484375
4 0.461682128125 0.37441482656249997 0.45407652499999995 0.37733783593750003 0.445050740625 0.38491083593750003 0.4474150296875 0.39605821093750004 0.47301719999999997 0.4018658828125 0.4857672984375 0.40030036718749995 0.49823496718750004 0.3883264375 0.496791303125 0.3765687328125 0.48608124375 0.3704244109375 0.461682128125 0.37441482656249997
4 0.3875744609375 0.4357295671875 0.369920478125 0.4378972046875 0.357832059375 0.44485166875 0.3567544625 0.46039997499999996 0.3650034109375 0.470824803125 0.3702080578125 0.47267220312499997 0.406256190625 0.46625688906249996 0.4116596296875 0.461615109375 0.4082125921875 0.44164945624999996 0.40160609999999997 0.43649315 0.3875744609375 0.4357295671875
4 0.30674287499999997 0.40984955 0.301417921875 0.40702234062500003 0.2812008578125 0.40453178125000006 0.271272784375 0.40475621562499997 0.25686189531250003 0.4090121015625 0.24955705625000002 0.414384634375 0.2492981109375 0.42038390937500003 0.25920785 0.42811836875 0.270658075 0.4321826515625 0.29756011875 0.432360525 0.3077471375 0.42613681562499994 0.3102082453125 0.42185630781250005 0.30674287499999997 0.40984955
4 0.1682912171875 0.41740076249999997 0.1808608578125 0.414365534375 0.1703261078125 0.385324340625 0.1505667796875 0.370345325 0.147564296875 0.3702166953125 0.136576959375 0.3780305421875 0.1263716078125 0.3922131453125 0.1156483671875 0.4183943 0.11499183906249999 0.43737193750000003 0.1298839484375 0.4370352859375 0.1521410515625 0.43181600624999994 0.1603063640625 0.42534324218749997 0.1599454484375 0.4224038140625 0.1682912171875 0.41740076249999997
4 0.151633465625 0.49254772812500003 0.14176554375 0.4932620671875 0.1353813265625 0.49802427031249996 0.12643403125 0.4981282796875 0.12145165937499999 0.506199390625 0.1247967265625 0.5172263421875 0.14795611875 0.5193556265625 0.16739119687499998 0.515477428125 0.1697921546875 0.5107070171875 0.164485534375 0.4999209140625 0.151633465625 0.49254772812500003
4 0.216984596875 0.481539878125 0.205576190625 0.48592439374999996 0.198451809375 0.49276664062500003 0.2035178171875 0.5015931250000001 0.2197516203125 0.5040754749999999 0.2343429671875 0.501289303125 0.24723170468750003 0.49274470312499996 0.23898275624999998 0.48231987343749994 0.2288742234375 0.48107459375 0.216984596875 0.481539878125
4 0.2029918953125 0.5702837390625 0.20557331093750003 0.566983040625 0.2019876328125 0.5539964734375 0.1750855921875 0.553818596875 0.155849303125 0.5512076140625 0.13767228125 0.54100721875 0.11615534375 0.5441464578125 0.11265330468750001 0.5480574828125 0.1118764703125 0.5660553125 0.1165815640625 0.5719423703125 0.1278513296875 0.5745369390625 0.1364978640625 0.5719834078125 0.148507796875 0.5724979343750001 0.1616004765625 0.5818307375 0.178273684375 0.5797835250000001 0.2029918953125 0.5702837390625
4 0.26291959375 0.279967453125 0.2555729328125 0.2768911890625 0.234055996875 0.2800304265625 0.22392912968749998 0.28674404062500003 0.220667703125 0.292614684375 0.22023345156250002 0.3215108328125 0.241713721875 0.33428938124999996 0.2473159515625 0.323158421875 0.2595246765625 0.3171837671875 0.2540559328125 0.2969690578125 0.2635812734375 0.2853564015625 0.26291959375 0.279967453125
4 0.383662265625 0.29846055625 0.377879575 0.30812180312500004 0.3810441828125 0.3176790421875 0.3916339359375 0.32284355468750003 0.41547334375 0.3224028953125 0.42756176406249996 0.3154484328125 0.4314430515625 0.3065179375 0.4167497328125 0.3003654078125 0.400636234375 0.298862865625 0.383662265625 0.29846055625
4 0.6733208296875001 0.3061591984375 0.6821294875 0.3130342734375 0.7266671796875 0.31900340625 0.7359335734375 0.313390025 0.7071667984375 0.298025115625 0.68811096875 0.2968838453125 0.6757217875 0.3013887875 0.6733208296875001 0.3061591984375
4 0.60664285 0.5739316796875 0.6039829484375 0.5847013671875 0.6130322171875 0.593536059375 0.6329485171875 0.5935770953125 0.6535631640624999 0.5830892921874999 0.6515597921875 0.5748813453125 0.6396283453125 0.566897828125 0.626757940625 0.567483534375 0.60664285 0.5739316796875