4 0.7419795546875 0.43571279531249996 0.7517067109375 0.43534312656249996 0.7647013546875 0.4334121234375 0.7745414703125 0.4265709484375 0.782259740625 0.41753491093750006 0.7834712781250001 0.41000366718750003 0.768618365625 0.39463962812500003 0.7514835796875 0.386248690625 0.736423571875 0.3827490796875 0.7244239578125 0.389552559375 0.710321325 0.39308259218749997 0.7004812078125 0.3999237671875 0.6991472984375 0.41446580781250003 0.701240903125 0.41827854843749995 0.727989884375 0.43277132187499995 0.7419795546875 0.43571279531249996
4 0.2965120875 0.648574834375 0.3278154 0.6496606921875 0.3452514140625 0.640794278125 0.3466418046875 0.623016484375 0.341318365625 0.6186079109375 0.3230002828125 0.6161303421875 0.3024285703125 0.619008 0.2892644859375 0.6306462640625 0.288090603125 0.6360203375 0.2965120875 0.648574834375
4 0.44008385937499994 0.59120121875 0.46705875937499997 0.5927509796875 0.47799745312499997 0.58485006875 0.47822337499999995 0.5719070562499999 0.4633045671875 0.5603180609375 0.449267828125 0.56007305 0.42210465937499997 0.56930913125 0.42080840156250005 0.5816940046875 0.43148351875 0.5888932734375001 0.44008385937499994 0.59120121875
4 0.33309735156250003 0.5326908328125 0.3525328359375 0.5330300796875 0.36769639062500004 0.530597478125 0.3742878453125 0.5242390546875 0.37575354375000003 0.502146921875 0.3693503546875 0.4977195015625 0.329437290625 0.494864990625 0.3239914796875 0.49746721718750003 0.3162167265625 0.5097390078124999 0.319164159375 0.5265136046875 0.33309735156250003 0.5326908328125
4 0.22966456562499998 0.5799759453125 0.240480884375 0.5790858328125 0.26217 0.5740698515625 0.2676346390625 0.5703890421875 0.270029471875 0.5569444328125 0.2668655328125 0.5525735546874999 0.255082425 0.5469733140625 0.22586330625 0.5502394875000001 0.2138825171875 0.5559643828125 0.203995334375 0.56550201875 0.20496212187500001 0.571992371875 0.21351539531250002 0.576996778125 0.22966456562499998 0.5799759453125
4 0.0991533328125 0.6316435125 0.10240199375 0.6311607625 0.12216694531250001 0.612624784375 0.1302994046875 0.579859890625 0.11629090625 0.5779970015625 0.106648471875 0.573513040625 0.10670495312499999 0.5702772859375 0.09709075625 0.56417545 0.07230359374999999 0.5610455046875 0.056079117187500006 0.562380675 0.05896065625 0.5829303203125 0.073606475 0.6101587875 0.086318715625 0.62440655 0.0991533328125 0.6316435125
4 0.0787942921875 0.4985818484375 0.089601196875 0.49823102812500003 0.10272762656250001 0.4887499328125 0.10726313125 0.4764216 0.10410860468750001 0.4715114296875 0.0825418625 0.4695166125 0.0576134984375 0.47447605 0.0552374921875 0.4868420765625 0.0615747859375 0.4950445421875 0.0713113546875 0.49413558125 0.0787942921875 0.4985818484375
4 0.1618879078125 0.502729534375 0.174863725 0.5018771156249999 0.18570828281250001 0.49936912656250004 0.193483034375 0.48709733593750004 0.178498334375 0.47928338593750003 0.1623209234375 0.47792209531249996 0.14496021718750002 0.482474171875 0.140462365625 0.492645334375 0.1489873984375 0.4992676171875 0.1618879078125 0.502729534375
4 0.045146004687500005 0.44620669375000005 0.068891071875 0.4471606203125 0.0874821421875 0.43399871718750005 0.10809150781250002 0.42896388906249994 0.137310628125 0.425697715625 0.1397242890625 0.41117452187500003 0.136541521875 0.40788222812499997 0.1085904171875 0.4003814046875 0.0902346828125 0.400061003125 0.0770705984375 0.4116992671875 0.0640759546875 0.4136302703125 0.054386453125 0.41184276875 0.04243390625 0.4159497890625 0.0379925359375 0.4228851984375 0.0408929015625 0.442356259375 0.045146004687500005 0.44620669375000005
4 0.20346260625 0.719777275 0.2272076734375 0.7207312046875 0.234841225 0.716548796875 0.234944771875 0.7106165828125001 0.2232652125 0.699084128125 0.22689982187500002 0.6764903984374999 0.212947803125 0.67139175625 0.20558724062499997 0.6599346921875 0.18370044375 0.6762758078125 0.18747346250000002 0.7076301421875 0.1916889125 0.71363774375 0.20346260625 0.719777275
4 0.3639620671875 0.682659025 0.3823648703125 0.6802829640625 0.3997067484375 0.676809471875 0.4149738515625 0.6684446562499999 0.409735134375 0.659182453125 0.395801940625 0.653005228125 0.3698408953125 0.6552493593750001 0.3589210296875 0.6620716859375 0.3565732640625 0.6728198359374999 0.3639620671875 0.682659025
4 0.695043065625 0.6495971968750001 0.7156241921875 0.646180246875 0.7451351265625 0.6261960156249999 0.73442235625 0.6211539140625 0.6866968875 0.6327283625 0.6779082796875 0.6412062625 0.68106280625 0.6461164328125 0.695043065625 0.6495971968750001
4 0.597446575 0.3625211625 0.6115021421875 0.361687590625 0.623558234375 0.35164835625 0.6247980125 0.3424992375 0.6011941453125 0.3334559265625 0.5795520953125 0.33577544531250003 0.5707258359375 0.3464105125 0.57484715 0.3578110359375 0.597446575 0.3625211625