4 0.5361328125 0.2939453125 0.54931640625 0.29296875 0.5556640625 0.2841796875 0.55908203125 0.271484375 0.5654296875 0.2607421875 0.5625 0.2470703125 0.55517578125 0.2314453125 0.54150390625 0.2177734375 0.53466796875 0.21875 0.5263671875 0.2255859375 0.52001953125 0.234375 0.51806640625 0.24609375 0.517578125 0.2548828125 0.52001953125 0.267578125 0.53271484375 0.2919921875 0.5361328125 0.2939453125
4 0.3447265625 0.6494140625 0.34765625 0.630859375 0.345703125 0.6142578125 0.341796875 0.609375 0.32568359375 0.6103515625 0.3173828125 0.6259765625 0.31787109375 0.654296875 0.3291015625 0.662109375 0.333984375 0.6611328125 0.3447265625 0.6494140625
4 0.3916015625 0.5419921875 0.400390625 0.517578125 0.400390625 0.5048828125 0.39013671875 0.4912109375 0.37841796875 0.4912109375 0.37109375 0.5009765625 0.3720703125 0.525390625 0.3740234375 0.533203125 0.38037109375 0.54296875 0.3916015625 0.5419921875
4 0.455078125 0.6318359375 0.45751953125 0.626953125 0.45556640625 0.5908203125 0.45166015625 0.5849609375 0.431640625 0.5859375 0.42578125 0.591796875 0.42333984375 0.60546875 0.42333984375 0.623046875 0.4287109375 0.6357421875 0.44384765625 0.638671875 0.455078125 0.6318359375
4 0.3916015625 0.7392578125 0.400390625 0.73046875 0.40576171875 0.7197265625 0.4091796875 0.693359375 0.404296875 0.6826171875 0.400390625 0.6796875 0.38818359375 0.681640625 0.384765625 0.6865234375 0.3798828125 0.7060546875 0.37890625 0.7158203125 0.38134765625 0.73046875 0.3857421875 0.73828125 0.3916015625 0.7392578125
4 0.37353515625 0.8701171875 0.39208984375 0.873046875 0.3935546875 0.8583984375 0.39111328125 0.8359375 0.3857421875 0.8271484375 0.3828125 0.8271484375 0.37890625 0.818359375 0.37744140625 0.8056640625 0.34765625 0.8125 0.33056640625 0.830078125 0.330078125 0.8330078125 0.33642578125 0.8447265625 0.34912109375 0.8564453125 0.37353515625 0.8701171875
4 0.46044921875 0.875 0.4716796875 0.873046875 0.4765625 0.8505859375 0.47509765625 0.8310546875 0.470703125 0.828125 0.45947265625 0.83203125 0.45068359375 0.84375 0.4501953125 0.853515625 0.4541015625 0.8603515625 0.453125 0.869140625 0.46044921875 0.875
4 0.4658203125 0.7939453125 0.47021484375 0.7783203125 0.46923828125 0.763671875 0.46240234375 0.75 0.451171875 0.7568359375 0.44873046875 0.7666015625 0.44775390625 0.7783203125 0.45068359375 0.7900390625 0.45654296875 0.7978515625 0.4658203125 0.7939453125
4 0.5244140625 0.8876953125 0.5283203125 0.876953125 0.52685546875 0.8681640625 0.52880859375 0.8564453125 0.53955078125 0.8447265625 0.53955078125 0.828125 0.533203125 0.802734375 0.5302734375 0.7998046875 0.51708984375 0.8017578125 0.513671875 0.828125 0.5087890625 0.8466796875 0.49658203125 0.86328125 0.4970703125 0.884765625 0.50048828125 0.888671875 0.51806640625 0.8916015625 0.5244140625 0.8876953125
4 0.291015625 0.755859375 0.30615234375 0.736328125 0.2958984375 0.7294921875 0.29150390625 0.716796875 0.27099609375 0.7197265625 0.2607421875 0.708984375 0.25537109375 0.708984375 0.25146484375 0.7158203125 0.251953125 0.7373046875 0.25732421875 0.748046875 0.2626953125 0.751953125 0.291015625 0.755859375
4 0.31298828125 0.587890625 0.3154296875 0.564453125 0.31005859375 0.5517578125 0.3017578125 0.546875 0.2939453125 0.560546875 0.29052734375 0.576171875 0.2880859375 0.5927734375 0.296875 0.599609375 0.306640625 0.59765625 0.31298828125 0.587890625
4 0.33837890625 0.3017578125 0.349609375 0.2587890625 0.34521484375 0.2490234375 0.32666015625 0.275390625 0.3232421875 0.2939453125 0.326171875 0.306640625 0.33056640625 0.3095703125 0.33837890625 0.3017578125
4 0.60546875 0.4033203125 0.60791015625 0.3837890625 0.60009765625 0.3623046875 0.591796875 0.36328125 0.58251953125 0.3740234375 0.58154296875 0.38671875 0.58544921875 0.4072265625 0.595703125 0.4111328125 0.60546875 0.4033203125