3 0.3259505265625 0.298305371875 0.30556839375 0.2949772796875 0.2935693703125 0.2994566546875 0.290830725 0.30289159374999997 0.2882174546875 0.3199107421875 0.291898421875 0.32621660937499997 0.29543547812500004 0.328474828125 0.30418526562500003 0.3298325203125 0.3124847890625 0.32858384687500003 0.3398992421875 0.3319003109375 0.3443553578125 0.3298346953125 0.352018915625 0.317403940625 0.3490527734375 0.30773509374999997 0.3259505265625 0.298305371875
4 0.505606259375 0.21849137343749997 0.49802155781249996 0.2163770640625 0.4889654171875 0.21646065 0.4823833609375 0.21907864687499998 0.48534950312499997 0.22874749374999997 0.4772356828125 0.23857188125 0.478136209375 0.24378461406250002 0.489401875 0.2522047890625 0.50395856875 0.25931596562500003 0.5135253 0.2568302484375 0.5193925312500001 0.2575752359375 0.5228274703125 0.2603138828125 0.535522784375 0.262008090625 0.5434323703125 0.2531445546875 0.54136675625 0.24868843906250002 0.546885840625 0.2463466328125 0.5446345234375001 0.233314803125 0.5392778796875 0.2301676859375 0.5184454828125 0.2242332265625 0.50975601875 0.21786703749999997 0.505606259375 0.21849137343749997
4 0.332105959375 0.4110870359375 0.3271995796875 0.41054628437499996 0.3217826125 0.41240766406249996 0.32728316562500004 0.419602425 0.3235233421875 0.4278416265625 0.3112597578125 0.4382903515625 0.319949221875 0.44465654062500004 0.32399686562499996 0.44451262968750005 0.3393101765625 0.45278889375000003 0.353314490625 0.4577741296875 0.36652039375 0.4570662078125 0.36253307343749996 0.452201621875 0.36880877500000003 0.451024903125 0.37494056875 0.44580054062499996 0.388452825 0.44365134062499995 0.3962602921875 0.43526823124999997 0.39546188125000004 0.4295750734375 0.388694125 0.42361735312500004 0.3741792234375 0.42103424843750004 0.3650209625 0.42159825937499995 0.3559230296875 0.41715377499999995 0.343677978125 0.41806593281250004 0.332105959375 0.4110870359375
4 0.47387998124999997 0.3252295609375 0.46042805 0.322370265625 0.44767240937499997 0.325684553125 0.44614064375 0.3328909453125 0.4631110984375 0.347545028125 0.4742328546875 0.351917559375 0.4773196484375 0.3515694125 0.48011861875 0.343125978125 0.48224455937500005 0.342573596875 0.48471864531250003 0.34510800625 0.4861065 0.33385397031249997 0.47387998124999997 0.3252295609375
4 0.3662183875 0.378167303125 0.34978178125000003 0.37517572499999996 0.3404192875 0.37670058906250004 0.32803032656250003 0.373565103125 0.318259359375 0.377011671875 0.31335298125 0.37647092031249996 0.3078153640625 0.38834929375 0.31893711874999997 0.3927218234375 0.3273387625 0.3909927234375 0.34772089375 0.394320815625 0.3590468875 0.39773249375 0.371681875 0.4044352 0.37936869375 0.4060690828125 0.391205275 0.4070786296875 0.3992587703125 0.40226273749999997 0.406495325 0.40129025625 0.40124079999999995 0.39766271249999996 0.3988270390625 0.39011980468749996 0.3926116625 0.3862880265625 0.3696533265625 0.38090595 0.3662183875 0.378167303125
4 0.42710930156250004 0.33738195000000004 0.4221008046875 0.3373216265625 0.4140473078125 0.34213751718749996 0.40900174843750003 0.3611503265625 0.3955312828125 0.3678275984375 0.3938556078125 0.3709863453125 0.3961672515625 0.37900967812499997 0.4061657125 0.388666896875 0.41718535 0.39351985156249997 0.4306372828125 0.3963791484375 0.43858866093750004 0.3920436828125 0.437586015625 0.3873113765625 0.44392204218750003 0.38112616250000003 0.44933900937500004 0.379264784375 0.4445950734375 0.37323510937500004 0.4455141328125 0.3689112734375 0.453159159375 0.3660170875 0.4547930421875 0.35833026874999996 0.45207292812500005 0.3522286390625 0.44115540781249996 0.3468952578125 0.4372702046875 0.34155024375 0.42710930156250004 0.33738195000000004
4 0.2925769421875 0.5498095375000001 0.2779599234375 0.5477068578125001 0.267984721875 0.552114278125 0.2661048109375 0.5562338796875 0.26968365781250003 0.5630201687499999 0.2813577953125 0.5695186390625 0.295974815625 0.57162131875 0.3005330484375 0.5690752781249999 0.3021669328125 0.561388459375 0.29944681875 0.5552868296875 0.2925769421875 0.5498095375000001
4 0.46376201093749997 0.637413503125 0.443932259375 0.6362113515625001 0.4411936140625 0.639646290625 0.443361346875 0.643621978125 0.4531137796875 0.6497119765625 0.46924403124999997 0.6541448328125 0.47819805625 0.6545416734375 0.48079279062499997 0.647059090625 0.4753943546875 0.6393839031249999 0.468116009375 0.6358283140625 0.46376201093749997 0.637413503125
4 0.604926534375 0.162274234375 0.5741792625000001 0.1557387 0.56461253125 0.158224415625 0.573691934375 0.17220546875 0.592500509375 0.1782118828125 0.6084868515624999 0.1785970921875 0.61563981875 0.1685684703125 0.613063615625 0.166514484375 0.604926534375 0.162274234375
4 0.242074046875 0.5039255812500001 0.23686131562499999 0.5048261078125 0.23142581562500003 0.51622405625 0.235269225 0.5170409984375001 0.23935866093749997 0.5214251578125 0.24780209531250003 0.524224128125 0.2567561203125 0.5246209703125 0.264053 0.518639990625 0.262047709375 0.509175378125 0.242074046875 0.5039255812500001
4 0.5166952984375001 0.1615968546875 0.50763915625 0.1616804421875 0.46440553281249997 0.1760910515625 0.46328223749999997 0.18137573906249999 0.468290734375 0.1814360625 0.47845163749999997 0.185604359375 0.48857074999999994 0.18524458125 0.49854595 0.1808371609375 0.5025518015625 0.1761651796875 0.5092777671875 0.177594828125 0.5058428296875 0.17485618281249998 0.5109534453125 0.17443608125 0.5118307109375 0.165584175 0.5166952984375001 0.1615968546875
4 0.580552734375 0.2344217390625 0.5623986578125 0.2300608390625 0.54898851875 0.23172961406249998 0.54776310625 0.23749472656249998 0.5692917953125 0.24960277031250003 0.586280784375 0.2547202859375 0.5901845171875 0.2505287328125 0.580552734375 0.2344217390625