3 0.27920020624999997 0.31432984375 0.25757199375 0.3157373875 0.24635932968750002 0.32314326875 0.24436968124999997 0.3272980890625 0.2457149921875 0.34530000781250003 0.2509677015625 0.3508734484375 0.25511774531250003 0.35234604531249997 0.2643856953125 0.35166925937500004 0.272577940625 0.34843619375 0.3013945890625 0.34535814062500003 0.305463753125 0.3421970453125 0.3103659765625 0.327691153125 0.30505035937499997 0.31851372968749997 0.27920020624999997 0.31432984375
4 0.4440731765625 0.19042427343749999 0.43581802343750004 0.19005335625 0.4265770328125 0.192274703125 0.420464303125 0.1965014953125 0.42577991875 0.20567891718750003 0.4198019921875 0.21762852656249998 0.42195340156250005 0.22274108906249998 0.43546126406249996 0.228685446875 0.4520254921875 0.2325164078125 0.46122154687499994 0.22772078593749998 0.4673971859375 0.227097978125 0.471556215625 0.2290854296875 0.48493826406249996 0.22782182187500002 0.490934165625 0.2169019203125 0.4877699578125 0.21283706093750002 0.49286090312499997 0.2091431171875 0.48748237968749997 0.1963617125 0.48126180625000003 0.194410246875 0.45855788906250006 0.1932615109375 0.4481692984375 0.18880774218750002 0.4440731765625 0.19042427343749999
4 0.31211840625 0.42808780625000004 0.3069735390625 0.42869262187499996 0.3018736046875 0.4318717109375 0.3091968421875 0.43792402187499996 0.3072970640625 0.4472273890625 0.2972230125 0.46079353125000005 0.307611603125 0.4652473 0.3117167125 0.4641456234375 0.3293296859375 0.468988303125 0.34482719375 0.4707778375 0.35816430625 0.4669399578125 0.3529385578125 0.46291108124999997 0.3590782484375 0.4602288546875 0.3641152734375 0.45344578437500005 0.3774254265625 0.4480633390625 0.38343031562499996 0.43765829375000004 0.38126991875 0.43203087812499996 0.37294287187499997 0.42754112343750006 0.3574902953125 0.428325859375 0.34825829218750004 0.4310620625 0.33790565 0.4286677109375 0.3255993078125 0.43248759999999997 0.31211840625 0.42808780625000004
4 0.4368272609375 0.30694335 0.42239646875 0.307195240625 0.41013506250000004 0.3135894015625 0.41026986406250004 0.321312221875 0.43108299062500005 0.3322791796875 0.4434881875 0.3341226921875 0.44656252656250006 0.33303900625 0.447431534375 0.32375363125 0.449475103125 0.3226879359375 0.4526033625 0.3246933796875 0.45136589374999997 0.31286971406249997 0.4368272609375 0.30694335
4 0.3392302734375 0.386413646875 0.32171615625 0.38723437031249996 0.312502125 0.39100028125 0.29909311875 0.39071932343750004 0.289915034375 0.3965446546875 0.2847701671875 0.3971494703125 0.28191151406250003 0.41058966718749995 0.2943167109375 0.41243317968750004 0.30249996874999996 0.40868526093749996 0.3241281828125 0.407277715625 0.33651540625 0.40809151874999994 0.35101809375 0.411958465625 0.359264259375 0.411814528125 0.3716065484375 0.4100540578125 0.378705115625 0.403235003125 0.3858755765625 0.400534784375 0.3796460171875 0.39806846406249996 0.37539711875 0.39093246875 0.36813678906249997 0.3884841390625 0.343389303125 0.388401096875 0.3392302734375 0.386413646875
4 0.391868765625 0.33038860937500003 0.38673288437500003 0.3315082796875 0.37963431718749996 0.338327334375 0.37896301875 0.3589395125 0.3667645203125 0.36893765625 0.36579665625 0.3725596296875 0.3700545421875 0.38021048281250003 0.38255859375 0.3877173953125 0.394972778125 0.3900757625 0.40940356875 0.389823871875 0.41651112343749996 0.3835196703125 0.4143687 0.3789219625 0.4193877515625 0.3711091828125 0.424487684375 0.36793009374999996 0.4182131921875 0.3628895015625 0.4181323109375 0.358255809375 0.425266825 0.3534961734375 0.42512303593749995 0.3452584984375 0.4209010984375 0.3396670671875 0.40847792656250004 0.3367938453125 0.40324319218750004 0.3322501140625 0.391868765625 0.33038860937500003
4 0.3044438359375 0.5791201359375 0.28900024687500003 0.5804197265625 0.2798401390625 0.5872747687500001 0.2788902484375 0.5919264515625 0.2841519453125 0.598014746875 0.29762386093750004 0.601899684375 0.31306745 0.60060009375 0.317127625 0.5969241421875 0.3169838359375 0.5886864671875001 0.312761896875 0.583095034375 0.3044438359375 0.5791201359375
4 0.5001761765625 0.6282347875000001 0.47961468125 0.631683759375 0.4776250328125 0.6358385796875 0.4807802546875 0.6393885874999999 0.49219062812500003 0.6433095093750001 0.50973170625 0.6440333515625001 0.5189816828125 0.642326859375 0.5198686640625 0.6340711921875 0.5125364390625 0.6275040265625 0.5042543265625 0.6255885453125 0.5001761765625 0.6282347875000001
4 0.5323662671875 0.1095713421875 0.4993816015625 0.11014709062500001 0.490185546875 0.1149427109375 0.502770478125 0.1270833171875 0.52342184375 0.1287828921875 0.5398602546875 0.12540589062500002 0.5448074125 0.113474271875 0.5416881390625 0.11198368593750001 0.5323662671875 0.1095713421875
4 0.241968509375 0.5441598421875 0.236850603125 0.546309221875 0.2339829609375 0.5592345640625 0.23810604375 0.5591625953125 0.2433228046875 0.5626766171875001 0.25261771718750003 0.5635443953125 0.26186769375 0.561837903125 0.2679175171875 0.5540071296875 0.2636326703125 0.5448117140625001 0.241968509375 0.5441598421875
4 0.4419819609375 0.12968941875 0.43274097031250003 0.1319107671875 0.39193251875 0.1568286203125 0.3920313734375 0.162492021875 0.397167253125 0.161372353125 0.4085416796875 0.16323385625 0.4188044546875 0.1604796625 0.42796456406249994 0.1536246234375 0.43095802031249997 0.1479072453125 0.4381734171875 0.1477813 0.43401438593749997 0.14579385 0.43914127968749994 0.144159325 0.4379487453125 0.134909934375 0.4419819609375 0.12968941875
4 0.5244733015625 0.189020884375 0.50487966875 0.18884788125000002 0.4915605296875 0.1937154703125 0.491668371875 0.19989372656249998 0.5165416734375 0.207184734375 0.5351225078125 0.2084054390625 0.5381249515625 0.20320291406250002 0.5244733015625 0.189020884375