3 0.3671875 0.310546875 0.3701171875 0.306640625 0.37255859375 0.279296875 0.37548828125 0.271484375 0.3759765625 0.2626953125 0.37451171875 0.2587890625 0.369140625 0.25390625 0.35205078125 0.2529296875 0.34814453125 0.2548828125 0.34130859375 0.265625 0.34033203125 0.2861328125 0.3447265625 0.310546875 0.353515625 0.3154296875 0.3671875 0.310546875
4 0.22998046875 0.4794921875 0.23193359375 0.4853515625 0.244140625 0.490234375 0.24755859375 0.4853515625 0.25146484375 0.48828125 0.26171875 0.482421875 0.2626953125 0.4697265625 0.2607421875 0.4658203125 0.26123046875 0.4599609375 0.265625 0.451171875 0.26171875 0.435546875 0.255859375 0.4228515625 0.2509765625 0.4208984375 0.23974609375 0.4267578125 0.23095703125 0.421875 0.22705078125 0.427734375 0.22509765625 0.4365234375 0.2255859375 0.4443359375 0.22412109375 0.4482421875 0.228515625 0.4580078125 0.22998046875 0.4794921875
4 0.4521484375 0.349609375 0.44970703125 0.3583984375 0.44921875 0.373046875 0.45361328125 0.380859375 0.458984375 0.3828125 0.46875 0.376953125 0.4736328125 0.3642578125 0.47998046875 0.359375 0.482421875 0.353515625 0.486328125 0.3583984375 0.48974609375 0.345703125 0.48779296875 0.3310546875 0.48291015625 0.314453125 0.48388671875 0.310546875 0.4794921875 0.30078125 0.466796875 0.310546875 0.4580078125 0.3125 0.4521484375 0.3056640625 0.44921875 0.310546875 0.44873046875 0.3154296875 0.453125 0.328125 0.44970703125 0.33984375 0.4521484375 0.349609375
4 0.35107421875 0.447265625 0.35205078125 0.4453125 0.36083984375 0.4443359375 0.36181640625 0.44140625 0.35986328125 0.4296875 0.34912109375 0.41015625 0.341796875 0.41015625 0.3359375 0.421875 0.3359375 0.435546875 0.341796875 0.44921875 0.35302734375 0.4501953125 0.35107421875 0.447265625
4 0.41455078125 0.3759765625 0.42138671875 0.3798828125 0.423828125 0.3857421875 0.42626953125 0.37890625 0.4326171875 0.3720703125 0.43408203125 0.3603515625 0.43408203125 0.3525390625 0.43017578125 0.3388671875 0.42919921875 0.3271484375 0.43017578125 0.306640625 0.43359375 0.298828125 0.431640625 0.287109375 0.4189453125 0.2900390625 0.41845703125 0.294921875 0.4130859375 0.3037109375 0.41357421875 0.31640625 0.41015625 0.3251953125 0.40966796875 0.341796875 0.41162109375 0.345703125 0.412109375 0.369140625 0.41455078125 0.3759765625
4 0.36669921875 0.419921875 0.3720703125 0.423828125 0.3798828125 0.423828125 0.38427734375 0.4169921875 0.388671875 0.4169921875 0.3935546875 0.4228515625 0.396484375 0.41796875 0.40380859375 0.4130859375 0.408203125 0.4150390625 0.4140625 0.408203125 0.4140625 0.39453125 0.41162109375 0.3828125 0.404296875 0.37109375 0.39697265625 0.3671875 0.3935546875 0.3681640625 0.38427734375 0.3798828125 0.36474609375 0.380859375 0.3583984375 0.3876953125 0.357421875 0.392578125 0.359375 0.4033203125 0.36376953125 0.408203125 0.36669921875 0.419921875
4 0.60888671875 0.3173828125 0.6123046875 0.3134765625 0.61328125 0.298828125 0.609375 0.2861328125 0.603515625 0.28125 0.59912109375 0.2822265625 0.5927734375 0.291015625 0.591796875 0.3056640625 0.595703125 0.3134765625 0.60107421875 0.3173828125 0.60888671875 0.3173828125
4 0.6474609375 0.5087890625 0.6552734375 0.5078125 0.65673828125 0.4990234375 0.65576171875 0.482421875 0.65185546875 0.4716796875 0.6484375 0.46875 0.64453125 0.470703125 0.6416015625 0.490234375 0.63916015625 0.494140625 0.64111328125 0.501953125 0.6474609375 0.5087890625
4 0.16552734375 0.5361328125 0.16845703125 0.5205078125 0.16650390625 0.5009765625 0.15478515625 0.4892578125 0.150390625 0.498046875 0.150390625 0.529296875 0.15283203125 0.5380859375 0.154296875 0.541015625 0.16552734375 0.5361328125
4 0.57470703125 0.265625 0.576171875 0.2568359375 0.5751953125 0.248046875 0.57177734375 0.2431640625 0.57177734375 0.2392578125 0.5595703125 0.2421875 0.5576171875 0.2470703125 0.55859375 0.267578125 0.5673828125 0.271484375 0.57470703125 0.265625
4 0.18310546875 0.435546875 0.18505859375 0.439453125 0.18505859375 0.4326171875 0.1904296875 0.4296875 0.19677734375 0.4208984375 0.19921875 0.4111328125 0.197265625 0.400390625 0.1982421875 0.3955078125 0.19287109375 0.3955078125 0.169921875 0.4345703125 0.16796875 0.443359375 0.1728515625 0.439453125 0.181640625 0.4404296875 0.18310546875 0.435546875
4 0.24267578125 0.5126953125 0.2353515625 0.4892578125 0.2294921875 0.4892578125 0.22509765625 0.501953125 0.2255859375 0.5205078125 0.2392578125 0.533203125 0.244140625 0.5302734375 0.24267578125 0.5126953125