4 0.5286014484375 0.24263873593750002 0.5309073140625 0.22792915625000001 0.530397528125 0.21987045312500003 0.52668320625 0.209419253125 0.5184256984375 0.20340779062499997 0.5128891171875 0.20372749687499997 0.50700728125 0.21499946250000002 0.5005471125 0.243192153125 0.50586806875 0.2568391609375 0.51903146875 0.2554568828125 0.5286014484375 0.24263873593750002
4 0.5532032375 0.3516079109375 0.5561048890625 0.3279758578125 0.5548609640625 0.3218260421875 0.5509135625 0.3173433078125 0.5409546984375 0.32111808124999996 0.530175696875 0.3437829140625 0.528370890625 0.3625520734375 0.5298653468750001 0.3707316796875 0.5402130953125 0.376000278125 0.5481938953125 0.3679845734375 0.5532032375 0.3516079109375
4 0.5029328703125 0.7162550734375001 0.5040122625000001 0.703393928125 0.5033815749999999 0.6963198921875 0.4985616828125 0.6867324625 0.48687528281250003 0.68829609375 0.4790415640625 0.7073245078125 0.47810925 0.7311983640624999 0.48514901093749996 0.7430573890625001 0.49081521875 0.7457521390624999 0.49915000000000004 0.7307833015625 0.5029328703125 0.7162550734375001
4 0.5245481734374999 0.5280019796875 0.5273463734375 0.5133528484375 0.5242452890625 0.5019774328125 0.521161653125 0.49860026875 0.51279196875 0.4975726 0.5025913 0.5033167125 0.501995515625 0.512239184375 0.504492090625 0.52853794375 0.5107802625 0.534307603125 0.5245481734374999 0.5280019796875
4 0.5941007328125 0.7104573453125 0.5935822203125001 0.6983995171874999 0.59158670625 0.6861603328125 0.585911771875 0.67946645625 0.578155321875 0.677514571875 0.5748386109375 0.680105871875 0.5678599296875 0.6962407296875 0.564958278125 0.71987278125 0.5658394984374999 0.7289766046875 0.573863928125 0.7409565312499999 0.5819830828125 0.7399544109375 0.587018603125 0.7355751265625 0.5919157687500001 0.7241822578125 0.5941007328125 0.7104573453125
4 0.7306954125 0.43237251875 0.734348653125 0.41482983281249997 0.7313859218750001 0.410468 0.7161235546875 0.40859401718750005 0.711347290625 0.4190022171875 0.705759615625 0.452299603125 0.71573593125 0.45652308281250004 0.718560309375 0.45387133124999995 0.7306954125 0.43237251875
4 0.771710028125 0.6193199765624999 0.77193438125 0.6093523859375 0.76255385 0.5962064375 0.7561535015625 0.5954205734375 0.7521026515625 0.599920759375 0.7540121671875 0.629141115625 0.7590825921875 0.6407583375 0.764740075 0.6394539609375001 0.767927159375 0.633848203125 0.771710028125 0.6193199765624999
4 0.740901121875 0.654518153125 0.74211886875 0.6486705921875 0.7358306984375 0.64290093125 0.7298017828125001 0.6431601890625 0.723289259375 0.6473581187499999 0.71912623125 0.6568421015625 0.718426996875 0.6747474921875 0.724378640625 0.6954685375 0.7306668109375 0.701238196875 0.7364451953125 0.6989491515624999 0.74243920625 0.6826933890625 0.740901121875 0.654518153125
4 0.87734125625 0.418393925 0.8752335640625001 0.41113853593750005 0.870552025 0.4085646890625 0.8545729718749999 0.41659784375 0.8480779015625 0.4287940296875 0.84626436875 0.44356406093749995 0.8518184015625 0.45124260625 0.8592034156249999 0.45214937187500004 0.86854031875 0.445299690625 0.86853159375 0.4413005640625 0.8714768734374999 0.4376641421875 0.87734125625 0.418393925
4 0.69279070625 0.6556075328125 0.6955714546875 0.6329601499999999 0.694327528125 0.6268103328125 0.680368909375 0.602107615625 0.653334146875 0.6187784359374999 0.652980165625 0.6257315703125 0.6578262375 0.6473163796875 0.6641405859375 0.66508341875 0.668951753125 0.6706717234374999 0.6704462078125 0.6788513296875001 0.6870472234375 0.6738930828125 0.69279070625 0.6556075328125
4 0.64350616875 0.6825401062500001 0.6483597062500001 0.6511516046875 0.6434101859375 0.6385497171875001 0.625936678125 0.6384032671875 0.6211691390625 0.6528105921875 0.6197183140625 0.6646266171875 0.617144465625 0.6693081578125 0.6181640374999999 0.685425565625 0.6207640640625 0.6927414046875 0.6324591859375001 0.6951768984375 0.640932321875 0.6872216453125 0.64350616875 0.6825401062500001
4 0.6203913703125 0.6347238468749999 0.62098715625 0.6258013765625 0.6180069718750001 0.6134412921875 0.6149233375 0.610064128125 0.610492328125 0.60952006875 0.5972342015625001 0.6238843953125001 0.5940209390625 0.6174927734375 0.5846753109375 0.6203433296875 0.576228353125 0.6402959609375001 0.5771095734375 0.6493997859375 0.574302646875 0.6600497890625 0.579243440625 0.6686525515625 0.6071856015625 0.6730829328125 0.6156325578125 0.6531302984375 0.6203913703125 0.6347238468749999
4 0.6861759921874999 0.725760821875 0.6903128421875 0.7042794609375 0.6873413828125 0.6959185031249999 0.6739187265625 0.691271865625 0.6712152515625001 0.6929389484375 0.6703776609375 0.70383075625 0.668658853125 0.7056187406250001 0.6611529359375 0.70569664375 0.6590539703125 0.70244038125 0.64774773125 0.709048259375 0.644560646875 0.7146540171875 0.64494953125 0.723697390625 0.6399227359374999 0.7320758015625 0.6365112984375 0.7476491484375 0.637280340625 0.7617367671874999 0.6425838421875001 0.7673855234375 0.6519381953125001 0.76853409375 0.6673127390625 0.7654242828125 0.6782300953125 0.7497730312499999 0.6791973125 0.74189568125 0.6861759921874999 0.725760821875