4 0.20464902031249999 0.49925443593749996 0.1888401140625 0.5009413656249999 0.18066915625 0.50369431875 0.170916175 0.5104136734375 0.166997971875 0.520591934375 0.1688578453125 0.5262140750000001 0.182109428125 0.529165484375 0.2129730875 0.5280370765625 0.22557825 0.5187774078125 0.2205146328125 0.5055825296875 0.20464902031249999 0.49925443593749996
4 0.31024206875 0.4437644609375 0.28506576093749997 0.44730276093750004 0.27906654375 0.45028536093750005 0.2755339234375 0.4555956359375 0.2821795640625 0.46482411093750003 0.308535303125 0.469677915625 0.3283928328125 0.46635225468749997 0.3364163625 0.46255028906250006 0.3389906921875 0.45042143125 0.3285175734375 0.4444052046875 0.31024206875 0.4437644609375
4 0.700236671875 0.39483782500000003 0.6866732203125 0.397278909375 0.6795512734375 0.3998844328125 0.670994734375 0.40750537031249995 0.6758372078125 0.41912673125 0.6976283234375 0.4219477171875 0.722509771875 0.41631139375000004 0.7327957640625 0.4057730640625 0.7340092171875 0.3991841296875 0.7162667218750001 0.3947244125 0.700236671875 0.39483782500000003
4 0.5000963734375 0.42457030781249994 0.484213753125 0.4257327328125 0.47333804218750003 0.432075009375 0.47070700781249997 0.43618884218750004 0.4719601546875 0.44510544999999996 0.480703821875 0.4540390671875 0.49007122187499996 0.4521876984375 0.5061919953125 0.4451082765625 0.5104050546875001 0.437028040625 0.5000963734375 0.42457030781249994
4 0.66906111875 0.3024084609375 0.656767821875 0.30627563750000003 0.644695671875 0.31171633125 0.639359884375 0.31941949062499997 0.63949030625 0.32795902187500003 0.64307963125 0.33066377187499996 0.66164999375 0.33340254062499997 0.6868263 0.32986424062499997 0.6959725578125 0.326439353125 0.7061111203125 0.31485201093750004 0.7028336625 0.3067547671875 0.6969251671875 0.30277135624999996 0.6838210124999999 0.30086896093750004 0.66906111875 0.3024084609375
4 0.34449086093750003 0.2383762453125 0.3253874875 0.2394564515625 0.3217074375 0.2437177125 0.3239925890625 0.25997741093750004 0.3360477328125 0.262027234375 0.3719353109375 0.2585881625 0.37353434218750003 0.247131240625 0.37001873125 0.24495099687500002 0.34449086093750003 0.2383762453125
4 0.5259757234375 0.1444073265625 0.5156330234375 0.14693062968749998 0.5046665921875 0.1602389203125 0.5056248812499999 0.16705750156250002 0.5113859453125 0.169991903125 0.54099645625 0.1599468859375 0.551577309375 0.151506584375 0.548668421875 0.146031871875 0.5420057734375 0.1442939140625 0.5259757234375 0.1444073265625
4 0.57079409375 0.166456428125 0.5644263031250001 0.1668164953125 0.5602132421875 0.17489673125 0.5621468296875001 0.1810433796875 0.5682764687499999 0.186600309375 0.5792088843750001 0.18827305625 0.597869971875 0.18404581250000002 0.6175970796875 0.172180621875 0.6218101390624999 0.1641003875 0.617852240625 0.1587731046875 0.59942930625 0.1570833484375 0.57079409375 0.166456428125
4 0.2895452265625 0.0909871234375 0.2826444265625 0.0951661671875 0.281283546875 0.1007060890625 0.2939851109375 0.1149669890625 0.308359421875 0.11829547343749999 0.3240946140625 0.1160840375 0.3304794140625 0.10823345 0.3293736953125 0.10036585468749999 0.3197284453125 0.0926286796875 0.315606109375 0.09374290156250001 0.311041484375 0.09171008750000001 0.2895452265625 0.0909871234375
4 0.58521378125 0.21577703750000002 0.5610864875 0.2191679078125 0.55508726875 0.22215050781249998 0.5334662703124999 0.2433745953125 0.5581322546874999 0.26665133281250003 0.5654016281249999 0.2650948234375 0.586325178125 0.254131215625 0.6029052484374999 0.24270831093749998 0.607339453125 0.23620159375 0.6153629828125 0.2323996296875 0.6056610265625 0.216647428125 0.58521378125 0.21577703750000002
4 0.62661294375 0.259166465625 0.5928971046875 0.262835184375 0.5812672421875 0.271422915625 0.5859452765625 0.28948578125 0.60212275625 0.2904213828125 0.6147109093750001 0.28865223281249996 0.62025083125 0.2900131140625 0.6365927484375 0.28450720937499996 0.6434198375 0.2798036609375 0.6426997 0.267068078125 0.632152865625 0.26052734375000003 0.62661294375 0.259166465625
4 0.5836828140625 0.29622214687500004 0.5743154125000001 0.298073515625 0.562390690625 0.30456322187499996 0.559759653125 0.3086770546875 0.560423084375 0.31339761093749996 0.5789027250000001 0.3231023921875 0.5731983640625 0.32818301875 0.578721278125 0.3370344171875 0.601635121875 0.34023248125 0.610781378125 0.33680759375 0.6225416625 0.3367593921875 0.6300491906250001 0.329285884375 0.6268964718750001 0.299241590625 0.6039826296874999 0.29604352500000003 0.5836828140625 0.29622214687500004
4 0.65939883125 0.20321154375 0.6360994062499999 0.20488146562499998 0.6282970203125 0.21025695 0.6272139906249999 0.2253854171875 0.6296805890625 0.227713090625 0.6411460140624999 0.2255668640625 0.6434651828125 0.22684552343750003 0.6456199140625001 0.234565690625 0.6428414499999999 0.23763050937500002 0.6527815578125 0.24746571093749997 0.6594442078125 0.24920366718750003 0.668664178125 0.24630328750000002 0.6786950093749999 0.2491724765625 0.6957003578125 0.24838712968749999 0.7100179640625 0.2437005890625 0.7143784531249999 0.23666936718749998 0.7129778765625 0.22670374531249998 0.705521375 0.2117056984375 0.686361296875 0.204770878125 0.67796919375 0.2059503125 0.65939883125 0.20321154375