4 0.5244140625 0.2548828125 0.521484375 0.2265625 0.51708984375 0.21484375 0.51171875 0.2138671875 0.5029296875 0.21875 0.498046875 0.228515625 0.49658203125 0.236328125 0.4970703125 0.2509765625 0.5048828125 0.2646484375 0.517578125 0.267578125 0.5244140625 0.2548828125
4 0.48046875 0.3759765625 0.48291015625 0.3681640625 0.4833984375 0.349609375 0.4755859375 0.326171875 0.46630859375 0.3212890625 0.4619140625 0.3251953125 0.4599609375 0.3310546875 0.4599609375 0.3544921875 0.462890625 0.37109375 0.4697265625 0.3798828125 0.48046875 0.3759765625
4 0.4794921875 0.7451171875 0.48779296875 0.734375 0.48974609375 0.7109375 0.484375 0.69140625 0.47314453125 0.6884765625 0.46728515625 0.697265625 0.4658203125 0.7041015625 0.46533203125 0.716796875 0.46728515625 0.7314453125 0.4736328125 0.7470703125 0.4794921875 0.7451171875
4 0.49072265625 0.517578125 0.4912109375 0.5087890625 0.48193359375 0.501953125 0.4736328125 0.501953125 0.47021484375 0.5048828125 0.4658203125 0.515625 0.466796875 0.5302734375 0.4794921875 0.5380859375 0.486328125 0.533203125 0.49072265625 0.517578125
4 0.38525390625 0.73046875 0.39306640625 0.732421875 0.40234375 0.7216796875 0.404296875 0.712890625 0.404296875 0.689453125 0.3994140625 0.6728515625 0.396484375 0.669921875 0.388671875 0.6708984375 0.38232421875 0.6767578125 0.37890625 0.6884765625 0.376953125 0.7001953125 0.37744140625 0.7138671875 0.380859375 0.7255859375 0.38525390625 0.73046875
4 0.298828125 0.4345703125 0.29736328125 0.4013671875 0.2939453125 0.390625 0.27880859375 0.390625 0.275390625 0.39453125 0.27685546875 0.412109375 0.2861328125 0.4345703125 0.28857421875 0.4375 0.298828125 0.4345703125
4 0.22412109375 0.6123046875 0.23046875 0.6015625 0.23583984375 0.5732421875 0.232421875 0.568359375 0.22607421875 0.568359375 0.21533203125 0.580078125 0.21435546875 0.58984375 0.21630859375 0.6044921875 0.21875 0.6103515625 0.22412109375 0.6123046875
4 0.24462890625 0.6748046875 0.25146484375 0.669921875 0.259765625 0.650390625 0.26123046875 0.6328125 0.25830078125 0.623046875 0.25244140625 0.6181640625 0.24658203125 0.6171875 0.23974609375 0.6220703125 0.240234375 0.6279296875 0.2353515625 0.6552734375 0.2392578125 0.671875 0.24462890625 0.6748046875
4 0.140625 0.408203125 0.14892578125 0.416015625 0.15625 0.416015625 0.16259765625 0.4091796875 0.16259765625 0.39453125 0.15771484375 0.3818359375 0.14306640625 0.3720703125 0.13818359375 0.3740234375 0.13525390625 0.380859375 0.138671875 0.400390625 0.14111328125 0.404296875 0.140625 0.408203125
4 0.30859375 0.65234375 0.31396484375 0.6474609375 0.322265625 0.630859375 0.32958984375 0.6103515625 0.330078125 0.603515625 0.3056640625 0.583984375 0.2890625 0.6064453125 0.287109375 0.6123046875 0.287109375 0.634765625 0.29052734375 0.6533203125 0.30615234375 0.66015625 0.30859375 0.65234375
4 0.35302734375 0.6796875 0.3564453125 0.6728515625 0.359375 0.6572265625 0.357421875 0.65234375 0.357421875 0.640625 0.3544921875 0.6259765625 0.33740234375 0.6240234375 0.3310546875 0.6357421875 0.33203125 0.6669921875 0.333984375 0.671875 0.34130859375 0.6806640625 0.35302734375 0.6796875
4 0.396484375 0.6611328125 0.40234375 0.6533203125 0.40087890625 0.642578125 0.40283203125 0.6337890625 0.39697265625 0.61328125 0.38818359375 0.609375 0.38427734375 0.615234375 0.373046875 0.599609375 0.36865234375 0.599609375 0.365234375 0.6025390625 0.36083984375 0.6142578125 0.3603515625 0.623046875 0.36279296875 0.6416015625 0.36865234375 0.662109375 0.396484375 0.6611328125
4 0.298828125 0.7451171875 0.3134765625 0.75 0.32275390625 0.75 0.32861328125 0.7451171875 0.3310546875 0.7314453125 0.32958984375 0.7158203125 0.32568359375 0.70703125 0.3271484375 0.6982421875 0.32470703125 0.6923828125 0.314453125 0.6845703125 0.31201171875 0.6875 0.3046875 0.6865234375 0.30322265625 0.6845703125 0.3037109375 0.673828125 0.30126953125 0.671875 0.28759765625 0.6748046875 0.28369140625 0.6826171875 0.28515625 0.7041015625 0.2900390625 0.720703125 0.2900390625 0.728515625 0.298828125 0.7451171875