3 0.2890625 0.716796875 0.29150390625 0.69921875 0.2900390625 0.6728515625 0.27099609375 0.6337890625 0.259765625 0.630859375 0.25146484375 0.6513671875 0.2529296875 0.6767578125 0.26513671875 0.7041015625 0.279296875 0.7197265625 0.2890625 0.716796875
4 0.44384765625 0.431640625 0.43994140625 0.400390625 0.4365234375 0.39453125 0.42724609375 0.390625 0.421875 0.40234375 0.4228515625 0.4423828125 0.43115234375 0.4521484375 0.44189453125 0.4462890625 0.44384765625 0.431640625
4 0.494140625 0.349609375 0.50390625 0.3291015625 0.50537109375 0.314453125 0.50390625 0.3056640625 0.49853515625 0.29296875 0.48974609375 0.28125 0.4814453125 0.28125 0.474609375 0.287109375 0.4736328125 0.2978515625 0.47705078125 0.328125 0.48388671875 0.3447265625 0.494140625 0.349609375
4 0.59765625 0.5908203125 0.59423828125 0.576171875 0.591796875 0.572265625 0.58642578125 0.5732421875 0.57958984375 0.5830078125 0.57861328125 0.591796875 0.58349609375 0.611328125 0.59619140625 0.6103515625 0.59765625 0.5908203125
4 0.6513671875 0.544921875 0.6533203125 0.5322265625 0.650390625 0.5224609375 0.64208984375 0.51953125 0.63623046875 0.529296875 0.63427734375 0.5380859375 0.63427734375 0.5458984375 0.64208984375 0.552734375 0.646484375 0.5517578125 0.6513671875 0.544921875
4 0.68505859375 0.625 0.68115234375 0.6181640625 0.6728515625 0.6171875 0.66845703125 0.62109375 0.66455078125 0.6337890625 0.66455078125 0.646484375 0.67333984375 0.65625 0.681640625 0.642578125 0.68505859375 0.625
4 0.5849609375 0.7841796875 0.60302734375 0.7890625 0.61083984375 0.7861328125 0.60986328125 0.7626953125 0.60302734375 0.7333984375 0.591796875 0.7265625 0.5859375 0.7294921875 0.58203125 0.736328125 0.580078125 0.7509765625 0.58349609375 0.7626953125 0.58251953125 0.7783203125 0.5849609375 0.7841796875
4 0.7509765625 0.6162109375 0.75341796875 0.6064453125 0.7529296875 0.564453125 0.7490234375 0.5576171875 0.7421875 0.5634765625 0.7333984375 0.5888671875 0.732421875 0.6103515625 0.734375 0.619140625 0.74365234375 0.62109375 0.7509765625 0.6162109375
4 0.8330078125 0.5556640625 0.8330078125 0.5390625 0.82958984375 0.5322265625 0.81787109375 0.53125 0.8134765625 0.5390625 0.8134765625 0.5576171875 0.818359375 0.5712890625 0.82421875 0.5703125 0.8330078125 0.5556640625
4 0.50830078125 0.25 0.50146484375 0.228515625 0.494140625 0.228515625 0.48876953125 0.2353515625 0.4892578125 0.251953125 0.49462890625 0.259765625 0.50244140625 0.2587890625 0.50830078125 0.25
4 0.48828125 0.4345703125 0.48828125 0.4189453125 0.48193359375 0.40234375 0.47412109375 0.4033203125 0.46728515625 0.4091796875 0.4658203125 0.421875 0.470703125 0.439453125 0.482421875 0.4423828125 0.48828125 0.4345703125
4 0.15234375 0.560546875 0.15380859375 0.5439453125 0.1494140625 0.5263671875 0.138671875 0.5205078125 0.13427734375 0.5283203125 0.13330078125 0.541015625 0.1376953125 0.5595703125 0.14501953125 0.5634765625 0.15234375 0.560546875