3 0.31679737812500003 0.2450190734375 0.28864001875 0.2569920953125 0.272422084375 0.2711678421875 0.2752416390625 0.281188665625 0.2931594734375 0.283994325 0.32012757812500003 0.2829693140625 0.3603809609375 0.264227303125 0.3635746203125 0.25281569843749996 0.3427676296875 0.24397664375 0.31679737812500003 0.2450190734375
4 0.543127796875 0.4309515390625 0.5489235078125 0.4420214734375 0.5638564875000001 0.4442764515625 0.5958573515625 0.4408463859375 0.6019053640625 0.437461890625 0.6060620734375 0.4280614171875 0.5941835515625 0.4223696921875 0.5532542203124999 0.42265242968749994 0.543127796875 0.4309515390625
4 0.7168557859375 0.48533775625000003 0.710990475 0.47825525156250004 0.7000315031250001 0.47706679999999996 0.6690371921875 0.48001585625 0.6519519046875 0.48669775625 0.64677994375 0.49707766875 0.6675608328125 0.5074120093750001 0.6825025140625 0.5091685578125 0.6915092828125 0.5078300312499999 0.704577059375 0.5025737453125 0.7167078828125 0.4938110421875 0.7168557859375 0.48533775625000003
4 0.3777634921875 0.5836221859374999 0.37853514062500004 0.596598746875 0.39846608125 0.5984423828125001 0.4134947609375 0.5952146468749999 0.41752966875 0.592792175 0.4166275171875 0.58729204375 0.4067708 0.5801398671875 0.39780753281250003 0.5789862515624999 0.3777634921875 0.5836221859374999
4 0.4437147640625 0.636625734375 0.4365905984375 0.6444786671875 0.43751015000000004 0.6489819421874999 0.4444081125 0.6540881515625 0.45734538750000003 0.65630829375 0.46737610781249994 0.6534918984375 0.47051756562499997 0.6450708656249999 0.460643446875 0.6389155468750001 0.4516975796875 0.636765075 0.4437147640625 0.636625734375
4 0.33026147968749997 0.6745318328125001 0.34408350625 0.683248965625 0.3619839421875 0.6870514812499999 0.36903850625 0.683185975 0.3701842609375 0.6747301078125 0.36627115312499997 0.6701745796874999 0.353368678125 0.6659607249999999 0.340396603125 0.6657342953125001 0.33026147968749997 0.6745318328125001
4 0.25697990000000004 0.5840068031250001 0.2500645375 0.5798974515624999 0.2351315578125 0.577642475 0.22309643281249997 0.5809224625 0.2071482015625 0.579646925 0.20111758906250002 0.5820345609375 0.195806425 0.6003893312499999 0.1986607796875 0.608416440625 0.222626628125 0.6078376046875 0.2526839875 0.6013821328125 0.2598690546875 0.5900401984375 0.25697990000000004 0.5840068031250001
4 0.3761078109375 0.735660315625 0.36709234375 0.7374972718749999 0.3649313375 0.7469325796875 0.3697900953125 0.7544960953125 0.379725115625 0.7571624140625001 0.42264145 0.757412940625 0.429696015625 0.7535474343749999 0.42383070468749995 0.7464649296875 0.39804315625000003 0.7370403578125 0.3761078109375 0.735660315625
4 0.41449067343749996 0.8240804453124999 0.41538412343750003 0.8300790046875001 0.4301953015625 0.8393119828125 0.4471587859375 0.83960808125 0.45420465156249995 0.8362410046875001 0.4554113046875 0.8242961375 0.447506790625 0.8196709390624999 0.4285476015625 0.8193400046875 0.41449067343749996 0.8240804453124999
4 0.7394322765625 0.5071707875 0.74830854375 0.513308690625 0.7703830890625001 0.506713875 0.770513590625 0.49923744687499993 0.7636243265625 0.4936328109375 0.74665214375 0.493835140625 0.7385736281249999 0.49917851406249997 0.7394322765625 0.5071707875
4 0.555395165625 0.47155068125 0.5521928078125 0.48346071406249996 0.560071221875 0.489581196875 0.576036853125 0.489859878125 0.5931134390625 0.48367640625 0.5922547890625001 0.47568413125 0.586389478125 0.46860162499999997 0.573443503125 0.46687991249999994 0.555395165625 0.47155068125
4 0.438592840625 0.12948004062500001 0.43447093125 0.1368867984375 0.4373339859375 0.1444154796875 0.45427136875 0.1462068640625 0.47231100625 0.1420345234375 0.4784895203125 0.1311736 0.4705850046875 0.126548403125 0.45763032968750006 0.1253251171875 0.438592840625 0.12948004062500001