3 0.23171971249999998 0.713079146875 0.24591423437499998 0.74213733125 0.2617731890625 0.7584714499999999 0.2721937375 0.7549410703125 0.274163834375 0.7358733578125001 0.2715902140625 0.7074648578125 0.2495822328125 0.6660135796875 0.2373611546875 0.6632738640625 0.22918290468750002 0.68572485625 0.23171971249999998 0.713079146875
4 0.41544307812500003 0.4638994671875 0.4268062828125 0.4571696828125 0.42836027187500003 0.4412829875 0.4229698359375 0.407695375 0.41906310781249995 0.4014988296875 0.4089114125 0.39763135312500003 0.403561134375 0.41048413281249996 0.4061235984375 0.45366995625 0.41544307812500003 0.4638994671875
4 0.46323525156249995 0.27751885 0.45608444375 0.2841015328125 0.45543629531249996 0.2957346140625 0.4602633703125 0.328286403125 0.4682608984375 0.34595054531249997 0.4795025046875 0.35083545625 0.48926040468750004 0.3283293015625 0.4902878453125 0.31246099374999997 0.488376871875 0.3030282671875 0.4821062484375 0.289525803125 0.4721865921875 0.27720626249999997 0.46323525156249995 0.27751885
4 0.5857271546875 0.62999875 0.599380625 0.6284664656250001 0.6002239968749999 0.6073271078125 0.5959859437499999 0.591642675 0.593205940625 0.5875177734375 0.5874507109375 0.5887742453125 0.5804471578125 0.5995737671875 0.5797253828125 0.6090984296874999 0.5857271546875 0.62999875
4 0.6380217703125 0.557454396875 0.6467042578125 0.5645396640625 0.6514063875 0.5633199671875 0.6564141859375 0.5557566234375 0.6580418046875 0.541978346875 0.65451436875 0.531546575 0.6454525875 0.5286965343750001 0.6395021328125 0.5394592796875 0.637727259375 0.54902071875 0.6380217703125 0.557454396875
4 0.6843056859375001 0.6751090937499999 0.6927416328125 0.660037571875 0.6957648296875 0.6409330843750001 0.6912947375 0.6337007156250001 0.6823065828125 0.63295909375 0.6777148937499999 0.6373414203125 0.673981078125 0.651193246875 0.6744596578125 0.6648979734375 0.6843056859375001 0.6751090937499999
4 0.5928143718750001 0.757466190625 0.5888596734375 0.7649927578125 0.5873056828125 0.7808794546875 0.5914332953125 0.7934012578125 0.5909692171875001 0.8103053890625 0.593822846875 0.8165387093750001 0.6134892453125 0.8211294203125 0.6218035937499999 0.8176725906250001 0.6198669640625 0.7924083328125 0.6113908578125 0.7610394656249999 0.5990225234375 0.754082909375 0.5928143718750001 0.757466190625
4 0.7462879171875 0.62333635 0.7487254390625 0.6327506859375001 0.75880350625 0.63450974375 0.7665176796875001 0.6289628828125 0.7687822875 0.618328846875 0.7666727453125 0.5730162156249999 0.7622026515625 0.5657838468749999 0.75505184375 0.5723665312499999 0.7465311125 0.6001069593749999 0.7462879171875 0.62333635
4 0.8374880640625 0.5779317578125001 0.8437698453125 0.5766568984375 0.852695528125 0.5605127750000001 0.8520696921875001 0.5425912109375 0.84812615 0.5353404562499999 0.8354521484375 0.5347275453125 0.831007715625 0.5433267109375 0.8317071781250001 0.5633566953125 0.8374880640625 0.5779317578125001
4 0.48503015937500005 0.25248136250000003 0.49101742968749995 0.242772825 0.4828358328125 0.2198376359375 0.4749375921875 0.22011344843749997 0.46940324375 0.22769517968750003 0.47055562812499996 0.2455983578125 0.476642184375 0.253829771875 0.48503015937500005 0.25248136250000003
4 0.45761500312500003 0.4487053515625 0.4703626296875 0.4514266796875 0.4763867140625 0.4427723515625 0.47579769218749995 0.42590499687500005 0.46832671406250004 0.40822246875 0.4599387390625 0.4095708796875 0.45278792812499996 0.4161535625 0.4516868609375 0.4299134515625 0.45761500312500003 0.4487053515625
4 0.10303638749999999 0.59091343125 0.111081884375 0.5948544578125 0.118869684375 0.591416015625 0.1198234984375 0.5734392890625 0.11442190468749999 0.554629 0.102616934375 0.5487082671875 0.0981725 0.5573074328125001 0.0975979796875 0.571048934375 0.10303638749999999 0.59091343125