3 0.46651571406250003 0.048776481249999996 0.4537116671875 0.048463846875 0.45087157187500004 0.050580023437499996 0.45907922343749996 0.057035543749999994 0.45763138281250004 0.06694808437500001 0.46658448750000003 0.0876276984375 0.4810635484375 0.1011320453125 0.5158644359375 0.0894715453125 0.500738571875 0.0823949265625 0.48799010625 0.064373384375 0.46651571406250003 0.048776481249999996
3 0.7344918921875 0.657393246875 0.708005646875 0.6587813312499999 0.694709028125 0.6678393421875 0.6934411265625 0.6811852843749999 0.6995326015625001 0.6848007093749999 0.7193319781249999 0.6872059015625 0.7353102890625001 0.691778678125 0.7320887859375 0.6678476843750001 0.7344918921875 0.657393246875
4 0.6556952890625001 0.3551107328125 0.647898925 0.3565029890625 0.641314878125 0.36225820937500003 0.64157193125 0.36716306875 0.648798609375 0.37367 0.6596664171875 0.374575940625 0.6802154203125 0.3725153484375 0.682875578125 0.36696576875 0.6746679265625 0.3605102515625 0.6556952890625001 0.3551107328125
4 0.3120174140625 0.4980477546875 0.336361778125 0.4933290875 0.35598121875 0.4923008765625 0.356602315625 0.4853826609375 0.37764389062500003 0.473951421875 0.3802526390625 0.46742087187500003 0.3656707546875 0.45195458125 0.35769445312500003 0.4499134359375 0.3457942609375 0.4480779328125 0.330175825 0.45037195937499996 0.3077121171875 0.47220622656250005 0.291836628125 0.46959539375 0.2644722328125 0.47299683281249993 0.2582223546875 0.485128371875 0.26046705625 0.490420896875 0.279208346875 0.4914060390625 0.2972257171875 0.497347453125 0.3120174140625 0.4980477546875
4 0.226908365625 0.48824496718750005 0.21268635625 0.47964548125000006 0.2086853515625 0.4783796640625 0.1979460703125 0.479926153125 0.188573340625 0.48877852187500004 0.188984625 0.49662629843749995 0.1965197671875 0.5090190609375 0.20787597500000002 0.5192442374999999 0.22044867343750002 0.515142496875 0.2192620609375 0.5112700203125 0.232404446875 0.49926909375 0.226908365625 0.48824496718750005
4 0.37242775 0.7122720453125 0.3808452140625 0.7039615734375 0.378369165625 0.694254675 0.38213882187500003 0.691106115625 0.3767455609375 0.682043934375 0.357280353125 0.6860150625 0.341456271875 0.6843852015625 0.3383848296875 0.682087003125 0.32919412187499997 0.6850278328125 0.3227920984375 0.684871515625 0.30872014999999997 0.697904825 0.3101381125 0.7061916765625 0.3352279296875 0.7156971046875 0.3519815703125 0.716294584375 0.37242775 0.7122720453125
4 0.47837758125 0.8006595875 0.47706243906249995 0.7943346796874999 0.4669699609375 0.7894534390625 0.4073404796875 0.7778234921875 0.3935554609375 0.7775622671875 0.3868171828125 0.780374571875 0.374064546875 0.781042909375 0.371378684375 0.7861020015625 0.3746043578125 0.7913431156249999 0.404055053125 0.8089811640625 0.4140190046875 0.8114099734375 0.41985342656249997 0.8101205390624999 0.443628103125 0.8133010593750001 0.47837758125 0.8006595875
4 0.5686909328125 0.74084115 0.5547475093750001 0.7563268875 0.5630836875 0.7652348375 0.591454759375 0.7622724734374999 0.6222546437500001 0.74934615625 0.6208623859375 0.7415497921875 0.6078269921875 0.73682278125 0.5901180859374999 0.7367672015625 0.5686909328125 0.74084115
4 0.6151641578125 0.5952821359375 0.6063097015625 0.595254346875 0.5936855921874999 0.5983751140625 0.581267125 0.60541976875 0.5866089750000001 0.613500978125 0.59858628125 0.6168079390625001 0.6104093578125 0.6171719859375 0.6211229328125001 0.6151350109375 0.630547075 0.6072636140625 0.6252566359375 0.600163378125 0.6151641578125 0.5952821359375
4 0.6459299921875 0.6192450921875 0.6294334046875 0.6235524734375 0.6275187 0.643326146875 0.631673934375 0.647534878125 0.6520430015625001 0.6420408828124999 0.6702444796875 0.6327258203125 0.67187225625 0.6262466796874999 0.66665893125 0.6206179015625 0.65968930625 0.6190158296875 0.6459299921875 0.6192450921875
4 0.7003968828125 0.51359746875 0.6997285453125001 0.5008448328124999 0.68578929375 0.49764069375000003 0.6555590984374999 0.5026678234374999 0.645179690625 0.5110811156249999 0.63934526875 0.5123705515625 0.63859564375 0.516836334375 0.6606397234375 0.5245340515625 0.6793810140625001 0.5255191953125 0.6860935859375 0.5222164046875 0.6820154671875 0.51947913125 0.7003968828125 0.51359746875
4 0.6115049859374999 0.45038311875000003 0.5893539125 0.4594133375 0.586590934375 0.463000971875 0.589765196875 0.46726111406250004 0.6026720671875 0.46953569375 0.617386646875 0.468764534375 0.6251316015625 0.4663913046875 0.632670915625 0.4600941890625 0.63014345625 0.44940631875000003 0.6115049859374999 0.45038311875000003
4 0.619648034375 0.3992975421875 0.6209930515625001 0.38742305625 0.60777771875 0.379262646875 0.601789065625 0.3776091640625 0.5861963343750001 0.380393678125 0.5699825046875 0.39009640624999997 0.571194825 0.3944593703125 0.5782158609375 0.3970424125 0.583095015625 0.3962948734375 0.5833777734375001 0.40169021875000005 0.5913540765625 0.403731365625 0.6070496296875 0.402908796875 0.619648034375 0.3992975421875
4 0.6097291828125 0.7731187484375 0.6048972671875 0.7935371390625 0.6197917859375 0.7961993828125 0.6450914171875 0.79093881875 0.6608383796874999 0.791097221875 0.6611510125 0.7782931750000001 0.654519728125 0.76437754375 0.6290915703125 0.7671856765625 0.6097291828125 0.7731187484375
4 0.6545753109375 0.7466686375 0.65772386875 0.7504382921875 0.6960074828125 0.7489237656250001 0.70346968125 0.7411551921874999 0.688163878125 0.730645171875 0.6725454421875 0.7329392 0.6591460015624999 0.740035265625 0.6545753109375 0.7466686375