3 0.0693359375 0.5185546875 0.09033203125 0.5107421875 0.1044921875 0.4970703125 0.0947265625 0.4619140625 0.0869140625 0.4765625 0.068359375 0.48828125 0.0517578125 0.5087890625 0.05078125 0.521484375 0.052734375 0.5244140625 0.0595703125 0.5166015625 0.0693359375 0.5185546875
3 0.67822265625 0.314453125 0.69140625 0.31640625 0.6953125 0.310546875 0.69873046875 0.291015625 0.7041015625 0.275390625 0.68017578125 0.27734375 0.669921875 0.2744140625 0.669921875 0.30078125 0.67822265625 0.314453125
4 0.376953125 0.3515625 0.3837890625 0.3447265625 0.38525390625 0.333984375 0.38427734375 0.3134765625 0.37890625 0.310546875 0.3720703125 0.318359375 0.36572265625 0.3369140625 0.36669921875 0.3447265625 0.3720703125 0.3515625 0.376953125 0.3515625
4 0.46044921875 0.7041015625 0.46240234375 0.7314453125 0.47412109375 0.73828125 0.4794921875 0.736328125 0.4814453125 0.7177734375 0.48828125 0.7001953125 0.48974609375 0.685546875 0.486328125 0.6611328125 0.486328125 0.6416015625 0.4794921875 0.640625 0.46923828125 0.619140625 0.462890625 0.6162109375 0.44677734375 0.6298828125 0.4443359375 0.6376953125 0.44189453125 0.6494140625 0.443359375 0.6650390625 0.4638671875 0.6884765625 0.46044921875 0.7041015625
4 0.48193359375 0.8076171875 0.49462890625 0.80078125 0.50537109375 0.7900390625 0.501953125 0.77734375 0.498046875 0.7783203125 0.48681640625 0.7646484375 0.4755859375 0.76953125 0.46630859375 0.783203125 0.46484375 0.787109375 0.4658203125 0.7978515625 0.47412109375 0.8076171875 0.48193359375 0.8076171875
4 0.67626953125 0.67822265625 0.67578125 0.6845703125 0.68798828125 0.69921875 0.6962890625 0.6982421875 0.70703125 0.673828125 0.70849609375 0.6572265625 0.70556640625 0.63671875 0.69775390625 0.6279296875 0.68798828125 0.6298828125 0.68505859375 0.6259765625 0.67578125 0.630859375 0.6787109375 0.650390625 0.67626953125 0.666015625 0.673828125 0.6689453125 0.67626953125 0.67822265625
4 0.77880859375 0.6416015625 0.7841796875 0.638671875 0.80322265625 0.6103515625 0.80615234375 0.6005859375 0.80517578125 0.5947265625 0.8095703125 0.5712890625 0.798828125 0.5361328125 0.79248046875 0.537109375 0.787109375 0.546875 0.7724609375 0.60546875 0.771484375 0.619140625 0.77392578125 0.6259765625 0.77392578125 0.638671875 0.77880859375 0.6416015625
4 0.76806640625 0.4501953125 0.7666015625 0.421875 0.75537109375 0.390625 0.74755859375 0.3916015625 0.7421875 0.404296875 0.7412109375 0.421875 0.744140625 0.443359375 0.7587890625 0.4580078125 0.76806640625 0.4501953125
4 0.61865234375 0.4189453125 0.62255859375 0.4072265625 0.62353515625 0.3955078125 0.6220703125 0.384765625 0.61474609375 0.375 0.607421875 0.3798828125 0.60205078125 0.3896484375 0.6015625 0.3984375 0.60400390625 0.4111328125 0.6103515625 0.423828125 0.61865234375 0.4189453125
4 0.65478515625 0.3759765625 0.650390625 0.35546875 0.64208984375 0.3369140625 0.6357421875 0.3349609375 0.6298828125 0.33984375 0.6279296875 0.3466796875 0.62744140625 0.3603515625 0.630859375 0.376953125 0.650390625 0.3798828125 0.65478515625 0.3759765625
4 0.52099609375 0.361328125 0.525390625 0.3623046875 0.5341796875 0.3408203125 0.5361328125 0.322265625 0.533203125 0.3154296875 0.5302734375 0.3193359375 0.525390625 0.30078125 0.5126953125 0.30078125 0.5087890625 0.314453125 0.51220703125 0.3447265625 0.52001953125 0.35546875 0.52099609375 0.361328125
4 0.4736328125 0.408203125 0.4765625 0.3955078125 0.4765625 0.380859375 0.474609375 0.373046875 0.46875 0.365234375 0.4580078125 0.3671875 0.4580078125 0.3857421875 0.4658203125 0.408203125 0.46923828125 0.4111328125 0.4736328125 0.408203125
4 0.400390625 0.4228515625 0.4033203125 0.416015625 0.40283203125 0.4111328125 0.408203125 0.4111328125 0.41064453125 0.4033203125 0.41064453125 0.3876953125 0.40771484375 0.375 0.39599609375 0.373046875 0.38720703125 0.3857421875 0.38525390625 0.3916015625 0.38720703125 0.4072265625 0.39599609375 0.423828125 0.400390625 0.4228515625
4 0.8017578125 0.3955078125 0.7978515625 0.3701171875 0.798828125 0.3544921875 0.7861328125 0.353515625 0.77197265625 0.359375 0.7734375 0.384765625 0.7783203125 0.404296875 0.79833984375 0.41015625 0.8017578125 0.3955078125
4 0.75830078125 0.35546875 0.7587890625 0.3173828125 0.75146484375 0.3095703125 0.740234375 0.32421875 0.74169921875 0.33984375 0.748046875 0.353515625 0.75439453125 0.3583984375 0.75830078125 0.35546875