3 0.5631081328125 0.033008325 0.5491238921875 0.0326173921875 0.5248085015624999 0.048402559375 0.509872553125 0.0673312859375 0.49296906093750004 0.0741856296875 0.5302625187500001 0.0888940453125 0.5468279375 0.074991503125 0.5577759375 0.052946446875 0.5567633203125 0.0420513015625 0.5660850734375 0.03547895625 0.5631081328125 0.033008325
3 0.2240533390625 0.692704940625 0.21917137343749998 0.7186241765625 0.23686156406249997 0.714549696875 0.2585957765625 0.71305800625 0.26544689843749997 0.7094626015625 0.2648268234375 0.6948326625 0.2508409734375 0.68419228125 0.222029715625 0.681164096875 0.2240533390625 0.692704940625
4 0.32525934843750004 0.3559454828125 0.304255753125 0.3607505796875 0.2949339984375 0.36732292499999997 0.29751839687500004 0.37352835 0.31981499687500003 0.3769506890625 0.3317211484375 0.37658376875 0.33997581875 0.36989926875 0.34053659375 0.36456385 0.3336838609375 0.35790980625 0.32525934843750004 0.3559454828125
4 0.657978003125 0.475067603125 0.6448926125 0.4763894515625 0.6360755578124999 0.47815992031250004 0.6192858296875 0.4941966296875 0.621758071875 0.5014691390625 0.6440562843750001 0.5151409250000001 0.64433828125 0.522722665625 0.6656799546875 0.524965765625 0.6919645 0.5315044328125 0.7081389875 0.531586134375 0.7281315765625 0.5261353390625 0.7486304734375 0.5261321156250001 0.7513814937500001 0.520487465625 0.7452577687499999 0.506897378125 0.7156037390625001 0.5016228703125 0.6981378578124999 0.503563184375 0.6748831078124999 0.478462709375 0.657978003125 0.475067603125
4 0.8058011453124999 0.5159579234375 0.8013645781250001 0.517109928125 0.785359934375 0.5256770515625 0.778734734375 0.5373877390625 0.7923841234375 0.55122936875 0.7908684203125 0.5553855484375 0.8043479625 0.56057835625 0.8173195874999999 0.5500741421875001 0.8262471874999999 0.5369871390625 0.8271444265625 0.528450471875 0.8174269093750001 0.5182587109375 0.8058011453124999 0.5159579234375
4 0.6318474968750001 0.7339475249999999 0.6108422921875001 0.728503175 0.6044414 0.73807969375 0.608373271875 0.7417295640625 0.605117553125 0.752176090625 0.613824065625 0.761722153125 0.6358963546874999 0.767278659375 0.654205009375 0.76758466875 0.6821158031250001 0.758650625 0.6841362046875 0.7496925703125 0.6695318875 0.7346717 0.6625397671875 0.734476234375 0.6526828609375 0.730743053125 0.6492012234375 0.733074296875 0.6318474968750001 0.7339475249999999
4 0.5870460984375 0.8317315046875 0.5719947734375 0.83122841875 0.506287434375 0.8405053718750001 0.4949997453125 0.8452527828124999 0.49320365468749994 0.8520766703125 0.5303849578125 0.86785216875 0.5564996625 0.8657420140625 0.5627900078125 0.867482028125 0.5737973078125 0.8654023265624999 0.6069297546875 0.8478466921875001 0.6107478578125 0.8423141968750001 0.6081073828125 0.836642315625 0.5942352953125 0.8351843000000001 0.5870460984375 0.8317315046875
4 0.3749720203125 0.7759966046875 0.3556523609375 0.775044896875 0.3411634234375 0.7794558421875 0.3391990984375 0.7878803546875 0.372055990625 0.8037407765625 0.40283318125 0.8085938968749999 0.412435321875 0.79935384375 0.39811139375 0.7816652656249999 0.3749720203125 0.7759966046875
4 0.3654001796875 0.6207119328124999 0.35574035 0.6202360796875 0.3444526625 0.6249834890625 0.3382760828125 0.6324258406250001 0.34810575625 0.6415505171875 0.3596754421875 0.6443848484375 0.3725926 0.6446636234375 0.385846221875 0.6417411484375 0.392134959375 0.6332317140625 0.3789918796875 0.62483765625 0.3654001796875 0.6207119328124999
4 0.3208118140625 0.6446156015625 0.305816565625 0.6435789734374999 0.2981226703125 0.64492805625 0.292114321875 0.6507697828125 0.2935194828125 0.6579301359375 0.3128407515625 0.669131290625 0.334744809375 0.676288421875 0.3395178421875 0.671935165625 0.338559690625 0.650257028125 0.3208118140625 0.6446156015625
4 0.2842857171875 0.5096936609375 0.268897928125 0.512391825 0.2674399125 0.5262639124999999 0.28715372499999997 0.5337302765625 0.28254892656249997 0.5364829062500001 0.289682046875 0.5404692421874999 0.31018094375 0.5404660203125 0.334666178125 0.533329678125 0.33410379218749997 0.5284156453125 0.3278134453125 0.5266756328125 0.316972765625 0.516905259375 0.2842857171875 0.5096936609375
4 0.3680148796875 0.46239263125 0.3477402921875 0.4602616859375 0.34437241875 0.4717752953125 0.3522361578125 0.4790750375 0.360548515625 0.48210644374999995 0.3765547703125 0.48378876875000004 0.3907633203125 0.4820455328125 0.39446926875 0.4775801234375 0.3916605609375 0.47350886406250003 0.3680148796875 0.46239263125
4 0.3827729296875 0.383567834375 0.3761461171875 0.385029071875 0.361264634375 0.393174809375 0.3620529421875 0.406204121875 0.37558856406249996 0.41086338749999995 0.3926619015625 0.4126578671875 0.4014789578125 0.4108873984375 0.402095809375 0.40501843906249996 0.40737515 0.4061127546875 0.4151812 0.4036965890625 0.41675298125 0.39900686875 0.39962195624999997 0.38749648125 0.3827729296875 0.383567834375
4 0.3307217296875 0.806948471875 0.3031457890625 0.8024318156250001 0.295117040625 0.8172315984375 0.29472610781249997 0.8312158390625 0.3119116 0.8319432359375 0.3392071546875 0.8391276 0.35560595 0.8370751343749999 0.3515026265625 0.8145269890625 0.3307217296875 0.806948471875
4 0.2852809234375 0.767109125 0.26837581718750003 0.76371401875 0.25107978124999997 0.77430315625 0.2587752875 0.7832035234375 0.300447625 0.7870440265624999 0.3040974953125 0.78311215625 0.2994910859375 0.7756153390625 0.2852809234375 0.767109125