2 0.357421875 0.2626953125 0.36181640625 0.267578125 0.3681640625 0.271484375 0.3779296875 0.2705078125 0.376953125 0.24609375 0.37890625 0.2353515625 0.373046875 0.2158203125 0.37353515625 0.2080078125 0.37158203125 0.2060546875 0.36083984375 0.2060546875 0.31884765625 0.2294921875 0.31884765625 0.232421875 0.32763671875 0.2431640625 0.349609375 0.2451171875 0.357421875 0.2626953125
2 0.19140625 0.609375 0.19384765625 0.591796875 0.193359375 0.583984375 0.19091796875 0.578125 0.181640625 0.5693359375 0.17236328125 0.5673828125 0.16162109375 0.583984375 0.158203125 0.6015625 0.15771484375 0.61328125 0.162109375 0.6328125 0.17626953125 0.6171875 0.19140625 0.609375
2 0.26025390625 0.33984375 0.26806640625 0.3388671875 0.283203125 0.3193359375 0.28466796875 0.3056640625 0.279296875 0.2978515625 0.24169921875 0.3251953125 0.24169921875 0.3291015625 0.24755859375 0.3427734375 0.255859375 0.34375 0.26025390625 0.33984375
4 0.412109375 0.708984375 0.41455078125 0.69140625 0.408203125 0.677734375 0.39892578125 0.67578125 0.3935546875 0.681640625 0.390625 0.6943359375 0.390625 0.7080078125 0.3974609375 0.7177734375 0.40283203125 0.71875 0.412109375 0.708984375
4 0.21484375 0.3896484375 0.22705078125 0.3984375 0.236328125 0.396484375 0.2392578125 0.392578125 0.2373046875 0.388671875 0.23828125 0.3837890625 0.24169921875 0.3798828125 0.24169921875 0.3759765625 0.240234375 0.375 0.2392578125 0.369140625 0.2451171875 0.365234375 0.24462890625 0.3408203125 0.2412109375 0.3349609375 0.23583984375 0.3330078125 0.22412109375 0.3447265625 0.2119140625 0.36328125 0.20703125 0.375 0.2119140625 0.380859375 0.21484375 0.3896484375
4 0.17626953125 0.5 0.177734375 0.5107421875 0.18115234375 0.513671875 0.1884765625 0.51171875 0.201171875 0.498046875 0.205078125 0.4970703125 0.21337890625 0.4814453125 0.21337890625 0.4716796875 0.2109375 0.46484375 0.20947265625 0.4501953125 0.2138671875 0.439453125 0.21630859375 0.4111328125 0.22314453125 0.3994140625 0.20751953125 0.3974609375 0.20166015625 0.3935546875 0.197265625 0.396484375 0.189453125 0.4228515625 0.1845703125 0.4306640625 0.18359375 0.4384765625 0.177734375 0.451171875 0.1826171875 0.4541015625 0.1787109375 0.4619140625 0.1787109375 0.482421875 0.17626953125 0.5
4 0.66162109375 0.5390625 0.70458984375 0.5419921875 0.70947265625 0.5390625 0.71240234375 0.5322265625 0.7119140625 0.525390625 0.7138671875 0.515625 0.7138671875 0.5029296875 0.7119140625 0.494140625 0.7138671875 0.482421875 0.7138671875 0.4736328125 0.7119140625 0.470703125 0.712890625 0.4658203125 0.70068359375 0.44921875 0.68603515625 0.4541015625 0.6796875 0.46484375 0.671875 0.4658203125 0.67626953125 0.486328125 0.67578125 0.490234375 0.677734375 0.494140625 0.67431640625 0.498046875 0.6651611328125 0.4970703125 0.66357421875 0.5009765625 0.66162109375 0.4970703125 0.66357421875 0.501953125 0.66015625 0.513671875 0.65771484375 0.5322265625 0.66162109375 0.5390625
4 0.669921875 0.73828125 0.67041015625 0.7431640625 0.673828125 0.7470703125 0.6865234375 0.7490234375 0.703125 0.74609375 0.7080078125 0.7421875 0.72607421875 0.720703125 0.72802734375 0.70703125 0.7197265625 0.677734375 0.70849609375 0.666015625 0.7060546875 0.66015625 0.7001953125 0.658203125 0.692626953125 0.66015625 0.69140625 0.6640625 0.6900634765625 0.66015625 0.6884765625 0.6630859375 0.6875 0.66015625 0.689453125 0.66796875 0.68359375 0.673828125 0.68408203125 0.681640625 0.6650390625 0.7158203125 0.66357421875 0.724609375 0.6611328125 0.728515625 0.66259765625 0.732421875 0.669921875 0.73828125
4 0.6328125 0.705078125 0.63671875 0.689453125 0.63671875 0.6796875 0.6328125 0.6640625 0.62744140625 0.6591796875 0.62060546875 0.6591796875 0.615234375 0.6630859375 0.60791015625 0.6884765625 0.60888671875 0.7158203125 0.61376953125 0.720703125 0.62158203125 0.720703125 0.6328125 0.705078125
4 0.78076171875 0.466796875 0.77734375 0.4697265625 0.77490234375 0.4814453125 0.77734375 0.486328125 0.77294921875 0.498046875 0.77294921875 0.505859375 0.76953125 0.5087890625 0.7724609375 0.51953125 0.7705078125 0.5244140625 0.77197265625 0.5283203125 0.77099609375 0.5400390625 0.775390625 0.5556640625 0.80712890625 0.568359375 0.837890625 0.5732421875 0.84033203125 0.568359375 0.841796875 0.572265625 0.841796875 0.564453125 0.84375 0.560546875 0.84326171875 0.5478515625 0.849609375 0.541015625 0.8466796875 0.5390625 0.84423828125 0.525390625 0.828125 0.484375 0.798828125 0.4306640625 0.78564453125 0.4306640625 0.77880859375 0.443359375 0.77880859375 0.447265625 0.78125 0.4501953125 0.7783203125 0.4541015625 0.78076171875 0.466796875
4 0.568359375 0.337890625 0.572265625 0.3447265625 0.576171875 0.361328125 0.58056640625 0.36328125 0.58203125 0.3701171875 0.59912109375 0.37890625 0.60693359375 0.3779296875 0.61181640625 0.3720703125 0.61376953125 0.3603515625 0.61376953125 0.341796875 0.6171875 0.3388671875 0.6171875 0.3330078125 0.615234375 0.3232421875 0.611328125 0.31640625 0.595703125 0.2958984375 0.58935546875 0.296875 0.58251953125 0.3115234375 0.57470703125 0.3125 0.57666015625 0.318359375 0.56787109375 0.330078125 0.5703125 0.3330078125 0.568359375 0.337890625
4 0.62548828125 0.322265625 0.62548828125 0.326171875 0.62841796875 0.330078125 0.62646484375 0.33203125 0.626953125 0.341796875 0.63818359375 0.3701171875 0.6513671875 0.376953125 0.65087890625 0.3857421875 0.6455078125 0.384765625 0.6484375 0.3876953125 0.64990234375 0.396484375 0.65380859375 0.40234375 0.6552734375 0.4013671875 0.65478515625 0.39453125 0.6572265625 0.3896484375 0.681640625 0.3916015625 0.68994140625 0.3955078125 0.6953125 0.3935546875 0.697265625 0.3837890625 0.69921875 0.3935546875 0.71142578125 0.39453125 0.71484375 0.4013671875 0.7177734375 0.4013671875 0.7197265625 0.396484375 0.72265625 0.3984375 0.7294921875 0.4150390625 0.728515625 0.4189453125 0.73291015625 0.42578125 0.7353515625 0.41796875 0.73779296875 0.4208984375 0.7412109375 0.4140625 0.7451171875 0.4130859375 0.75048828125 0.4052734375 0.759765625 0.404296875 0.7626953125 0.3916015625 0.7646484375 0.3935546875 0.76416015625 0.3994140625 0.76708984375 0.404296875 0.7705078125 0.4013671875 0.77197265625 0.3955078125 0.76806640625 0.3876953125 0.751953125 0.3681640625 0.705078125 0.32421875 0.68115234375 0.287109375 0.6748046875 0.28125 0.6533203125 0.2705078125 0.6376953125 0.26953125 0.630859375 0.2744140625 0.6318359375 0.279296875 0.62744140625 0.283203125 0.62548828125 0.2978515625 0.625 0.3076171875 0.6279296875 0.314453125 0.62548828125 0.322265625
4 0.57568359375 0.2646484375 0.58056640625 0.2646484375 0.58935546875 0.2421875 0.5869140625 0.236328125 0.576171875 0.2314453125 0.560546875 0.232421875 0.55615234375 0.2373046875 0.55517578125 0.240234375 0.56005859375 0.2587890625 0.564453125 0.2578125 0.57568359375 0.2646484375
4 0.5478515625 0.3037109375 0.5458984375 0.287109375 0.5380859375 0.2724609375 0.5322265625 0.2705078125 0.52587890625 0.283203125 0.5205078125 0.2880859375 0.52099609375 0.2939453125 0.52685546875 0.3037109375 0.54052734375 0.318359375 0.5478515625 0.3037109375
4 0.4736328125 0.2392578125 0.47900390625 0.2392578125 0.486328125 0.2314453125 0.4853515625 0.2275390625 0.48974609375 0.216796875 0.48193359375 0.20703125 0.46826171875 0.2041015625 0.4521484375 0.212890625 0.44873046875 0.216796875 0.45458984375 0.2177734375 0.458984375 0.228515625 0.4736328125 0.2392578125
4 0.44140625 0.3505859375 0.4501953125 0.361328125 0.4609375 0.36328125 0.46435546875 0.359375 0.46630859375 0.3515625 0.462890625 0.3369140625 0.447265625 0.3095703125 0.44384765625 0.3056640625 0.44140625 0.30859375 0.4384765625 0.3251953125 0.43994140625 0.3291015625 0.43896484375 0.3408203125 0.44140625 0.3505859375
4 0.42431640625 0.388671875 0.4326171875 0.3779296875 0.43212890625 0.3623046875 0.427734375 0.3505859375 0.41796875 0.3447265625 0.40771484375 0.353515625 0.4072265625 0.36328125 0.41162109375 0.3779296875 0.41748046875 0.3857421875 0.42431640625 0.388671875
4 0.31591796875 0.3486328125 0.322265625 0.3486328125 0.32568359375 0.3447265625 0.326171875 0.330078125 0.32421875 0.3134765625 0.3212890625 0.3046875 0.3134765625 0.3017578125 0.298828125 0.306640625 0.298828125 0.302734375 0.29541015625 0.2998046875 0.28662109375 0.3046875 0.28662109375 0.322265625 0.2958984375 0.3369140625 0.30322265625 0.34375 0.31591796875 0.3486328125
4 0.36083984375 0.3095703125 0.35986328125 0.2939453125 0.3515625 0.2802734375 0.34228515625 0.2802734375 0.33837890625 0.2861328125 0.337890625 0.298828125 0.34130859375 0.3154296875 0.353515625 0.3193359375 0.36083984375 0.3095703125
4 0.560546875 0.5869140625 0.56396484375 0.58203125 0.5673828125 0.5888671875 0.57177734375 0.5859375 0.57763671875 0.5703125 0.5810546875 0.5498046875 0.5771484375 0.5380859375 0.568359375 0.5341796875 0.55615234375 0.5361328125 0.55517578125 0.5478515625 0.5546875 0.568359375 0.55712890625 0.57421875 0.55712890625 0.580078125 0.560546875 0.5869140625
4 0.62255859375 0.4990234375 0.62451171875 0.498046875 0.626953125 0.490234375 0.626953125 0.4580078125 0.619140625 0.443359375 0.60546875 0.4453125 0.607421875 0.462890625 0.61474609375 0.4814453125 0.61474609375 0.4853515625 0.62255859375 0.4990234375
4 0.3466796875 0.6318359375 0.34814453125 0.6181640625 0.34228515625 0.5986328125 0.3310546875 0.5947265625 0.32568359375 0.603515625 0.32080078125 0.6240234375 0.33740234375 0.63671875 0.34521484375 0.6357421875 0.3466796875 0.6318359375
4 0.3076171875 0.4326171875 0.306640625 0.419921875 0.30419921875 0.412109375 0.29833984375 0.4111328125 0.29150390625 0.423828125 0.29150390625 0.4326171875 0.294921875 0.4453125 0.306640625 0.4443359375 0.3076171875 0.4326171875
4 0.16748046875 0.5390625 0.173828125 0.529296875 0.17626953125 0.5126953125 0.17529296875 0.494140625 0.16552734375 0.494140625 0.16162109375 0.490234375 0.150390625 0.5126953125 0.1484375 0.521484375 0.154296875 0.53125 0.1630859375 0.5390625 0.16748046875 0.5390625
4 0.470703125 0.74609375 0.47509765625 0.7353515625 0.47314453125 0.720703125 0.4677734375 0.71484375 0.4609375 0.71875 0.4580078125 0.7275390625 0.45703125 0.7314453125 0.45849609375 0.7412109375 0.46240234375 0.748046875 0.470703125 0.74609375
4 0.39599609375 0.7509765625 0.39892578125 0.7333984375 0.3955078125 0.7255859375 0.38818359375 0.72265625 0.380859375 0.7265625 0.3798828125 0.7373046875 0.3837890625 0.75 0.390625 0.755859375 0.39599609375 0.7509765625
4 0.7021484375 0.5986328125 0.69921875 0.603515625 0.70166015625 0.6064453125 0.69921875 0.611328125 0.70166015625 0.607421875 0.701904296875 0.611328125 0.708984375 0.60546875 0.712890625 0.607421875 0.71435546875 0.603515625 0.7109375 0.587890625 0.71630859375 0.57421875 0.71533203125 0.5625 0.708984375 0.55859375 0.69287109375 0.55859375 0.68994140625 0.560546875 0.68994140625 0.56640625 0.6845703125 0.572265625 0.68310546875 0.576171875 0.68408203125 0.5810546875 0.689453125 0.58203125 0.7021484375 0.5986328125
4 0.77978515625 0.63671875 0.783203125 0.619140625 0.7783203125 0.6103515625 0.77099609375 0.6083984375 0.7646484375 0.625 0.76416015625 0.634765625 0.771484375 0.6435546875 0.77490234375 0.6435546875 0.77978515625 0.63671875
4 0.474609375 0.599609375 0.48095703125 0.591796875 0.4814453125 0.580078125 0.484375 0.5751953125 0.48193359375 0.5615234375 0.47265625 0.55859375 0.4658203125 0.5625 0.45947265625 0.576171875 0.45849609375 0.587890625 0.4599609375 0.591796875 0.46630859375 0.5986328125 0.474609375 0.599609375