3 0.9509863421875 0.3988548234375 0.9490186125 0.3864310703125 0.9349429140625001 0.381231453125 0.9204004640625 0.36973805625 0.91599884375 0.38210933125 0.9215611906250001 0.3971476046875 0.9279053578124999 0.40038792343749996 0.9388280078125 0.41245464062500004 0.948842340625 0.4087459578125 0.9509863421875 0.3988548234375
4 0.46846479375000005 0.22057052187499998 0.464403425 0.21166222031249998 0.45737816562500005 0.207468490625 0.4445387390625 0.2201148984375 0.439947959375 0.2346387 0.44262196249999997 0.2448280234375 0.45512113750000005 0.2534611890625 0.46342014843749996 0.24896290312499997 0.469940590625 0.229888334375 0.46846479375000005 0.22057052187499998
4 0.387845325 0.22697168437499998 0.38620555 0.2166185578125 0.3816270671875 0.20779216093750003 0.3769730390625 0.2085292859375 0.3615228578125 0.22477304843749998 0.3546744625 0.24177699062500002 0.356528578125 0.24678974999999997 0.35522964375 0.25866960625 0.357083759375 0.26368236562499997 0.3610063328125 0.2683675109375 0.3670225453125 0.26953720468750003 0.38092138124999997 0.25353915 0.387845325 0.22697168437499998
4 0.49193639375 0.1913821640625 0.48879564062499997 0.1748990625 0.485201021875 0.172284540625 0.474316440625 0.1771923421875 0.4639237890625 0.18520608125 0.46248605937500004 0.1928627859375 0.4688050453125 0.19929094687499999 0.474165346875 0.1963193890625 0.49033468593749996 0.1980035546875 0.49193639375 0.1913821640625
4 0.545275303125 0.21689520468749998 0.5434715515625 0.20550676406249999 0.5395993421874999 0.19444593593749998 0.5309975578125 0.19368575625 0.527516553125 0.1984822296875 0.52861403125 0.2121051015625 0.5331925140625 0.2209314984375 0.5409240453125 0.2228907984375 0.545275303125 0.21689520468749998
4 0.6321751015625 0.1564351234375 0.6272183 0.151913784375 0.6092200265625001 0.14202901875 0.591663321875 0.14162587499999998 0.5901248640625 0.16203394375 0.594804075 0.1581089765625 0.59804555625 0.1618407125 0.616775284375 0.16630320468749998 0.6248851359375001 0.1639574453125 0.62768505 0.1582075625 0.6321751015625 0.1564351234375
4 0.5630961234375 0.1620697390625 0.559879825 0.1551501609375 0.5345915875 0.15278771875 0.5276799421875 0.15600498437500002 0.5328259046875 0.158373796875 0.5349576109374999 0.1718328609375 0.5400783890625 0.1773895140625 0.5615195984375 0.1655032875 0.5630961234375 0.1620697390625
4 0.541306484375 0.523173653125 0.539288390625 0.5171255828125 0.5360720921875 0.5102060046875 0.5300810609375 0.50584846875 0.518351409375 0.5087675484374999 0.5170524750000001 0.5206474062499999 0.5194617734375 0.5425527781249999 0.527142940625 0.550887759375 0.53576990625 0.548460096875 0.5415588921875 0.5348078015625 0.541306484375 0.523173653125
4 0.5682830953125 0.3989758625 0.56934250625 0.3956242171875 0.5638434078125 0.39437262031250003 0.5587355140625 0.4089783265625 0.556566328125 0.4220573015625 0.5585592390625 0.43129321249999997 0.5673250015625 0.43308870468749994 0.5747789421875 0.4266016953125 0.5710707109375 0.41657617968749994 0.5682830953125 0.3989758625
4 0.5486585203125001 0.442412890625 0.5465016328125001 0.432141665625 0.5422511046875 0.42538589531250004 0.534872709375 0.42230937968750004 0.529323246875 0.42743346562499995 0.5306479515625 0.45587832656250005 0.5355292078125 0.46996319062499997 0.542415671875 0.469933765625 0.5455687203124999 0.463066665625 0.5486585203125001 0.442412890625
4 0.41462812812500005 0.693939890625 0.41216846562500004 0.6784102 0.40843505156250004 0.671572525 0.4012458171875 0.6663434828125 0.3929719875 0.6676539296875 0.3895794140625 0.6830492375 0.3925561890625 0.698497025 0.4022554515625 0.7128800765625 0.4067455015625 0.7111076390625 0.41462812812500005 0.693939890625
4 0.46043519374999997 0.561453228125 0.4574332375 0.54919328125 0.45353584687500004 0.5413202921875 0.44188174062499996 0.5346758484375 0.44004051093749996 0.5498254484375 0.44475778750000006 0.562875 0.45401548125 0.56777643125 0.46043519374999997 0.561453228125
4 0.46274494062500005 0.6831350828125 0.45990696093750005 0.6719104484375 0.458569959375 0.6668157875 0.4554924546875 0.6641193640624999 0.44550330625 0.6646402046875 0.44197193593749995 0.6758123625 0.4447847359375 0.6902248359375001 0.4475091015625 0.6940384765625 0.4597055046875 0.6974131765625 0.46274494062500005 0.6831350828125
4 0.49211972968750006 0.6912179828125 0.48906740624999995 0.68533371875 0.4822313078125 0.6789874609375001 0.4770601640625 0.6798064890625 0.4728728859375 0.6868373953125 0.47418470468749996 0.695119896875 0.48181550937499995 0.7098305593750001 0.485788446875 0.708140025 0.4920693640625 0.6975936671875 0.49211972968750006 0.6912179828125
4 0.630087934375 0.638588725 0.6262912703125 0.6179643734375 0.61961915 0.612653428125 0.6105002500000001 0.6119751531250001 0.60527874375 0.6191698625 0.605556334375 0.6276161703125 0.614902459375 0.6431164359375 0.6157223468749999 0.648293 0.625383540625 0.6457015328125 0.630087934375 0.638588725
4 0.7379376 0.6066490375 0.736486984375 0.5941433828125 0.7307102953125 0.5844454765625 0.7242021515625 0.5801698453124999 0.7150580703125 0.5826794093750001 0.71220779375 0.594804975 0.7177449578124999 0.613031090625 0.7262963796874999 0.6201669515625 0.7316566812499999 0.6171953953125 0.7379376 0.6066490375
4 0.63286560625 0.8535894765625001 0.6320457187499999 0.8484129125000001 0.6232167093750001 0.8328307453124999 0.6125212859375 0.8355860171874999 0.6090150999999999 0.8435703312499999 0.6071486859374999 0.8619077734375 0.6112604187499999 0.8644403921875 0.6259287796875 0.859994584375 0.63286560625 0.8535894765625001
4 0.7750960499999999 0.74085323125 0.7763446187499999 0.73534905625 0.77103468125 0.7319449328125 0.75946900625 0.7358993234375 0.759103571875 0.7603667390625 0.76286216875 0.7640165718749999 0.7742386828125001 0.762214709375 0.7808223734374999 0.75692681875 0.7750960499999999 0.74085323125
4 0.916099571875 0.369357965625 0.9154436625000001 0.365216715625 0.8980128671875001 0.348874365625 0.894960546875 0.3429901015625 0.88516055625 0.3413584140625 0.8872922624999999 0.3548174796875 0.8940779984375 0.36753941874999996 0.9110672234375 0.3744001484375 0.9126185671875 0.3741544390625 0.9107392687500001 0.37232952343750003 0.911281565625 0.36905977968750003 0.916099571875 0.369357965625
4 0.9671556828125001 0.40053898749999994 0.968845821875 0.4045164328125 0.9683415921874999 0.42476069375 0.9715830734375 0.42849243125 0.9803488343750001 0.4302879234375 0.9896568921875 0.42881367187499997 0.9933270546875 0.42186467031249997 0.9933932328124999 0.41893565781250003 0.9911601187500001 0.40483633281250003 0.9697916171875001 0.3937537921875 0.9671556828125001 0.40053898749999994