3 0.1162109375 0.4921875 0.12158203125 0.48828125 0.12451171875 0.4736328125 0.11865234375 0.462890625 0.10693359375 0.4755859375 0.0947265625 0.482421875 0.0947265625 0.494140625 0.09814453125 0.5029296875 0.10791015625 0.5048828125 0.1162109375 0.4921875
4 0.5302734375 0.2880859375 0.54052734375 0.2783203125 0.54150390625 0.2685546875 0.53515625 0.255859375 0.521484375 0.24609375 0.515625 0.2509765625 0.51318359375 0.259765625 0.51318359375 0.2685546875 0.52197265625 0.28515625 0.5302734375 0.2880859375
4 0.619140625 0.2880859375 0.6220703125 0.283203125 0.623046875 0.2783203125 0.6201171875 0.267578125 0.62109375 0.2626953125 0.6123046875 0.248046875 0.595703125 0.2353515625 0.59130859375 0.2353515625 0.58837890625 0.244140625 0.58837890625 0.25390625 0.5986328125 0.27734375 0.61376953125 0.2900390625 0.619140625 0.2880859375
4 0.509765625 0.240234375 0.5146484375 0.2333984375 0.51220703125 0.2265625 0.50146484375 0.220703125 0.49072265625 0.2177734375 0.48779296875 0.220703125 0.4873046875 0.236328125 0.48974609375 0.2421875 0.50439453125 0.23828125 0.509765625 0.240234375
4 0.45654296875 0.2607421875 0.45556640625 0.248046875 0.45166015625 0.244140625 0.44384765625 0.24609375 0.44189453125 0.2568359375 0.44189453125 0.267578125 0.44677734375 0.2724609375 0.45361328125 0.26953125 0.45654296875 0.2607421875
4 0.36865234375 0.2314453125 0.38525390625 0.224609375 0.3876953125 0.220703125 0.392578125 0.2236328125 0.38818359375 0.205078125 0.3720703125 0.2080078125 0.35693359375 0.2197265625 0.35302734375 0.224609375 0.357421875 0.2255859375 0.36083984375 0.23046875 0.36865234375 0.2314453125
4 0.44482421875 0.224609375 0.44482421875 0.2119140625 0.44921875 0.208984375 0.4423828125 0.20703125 0.41943359375 0.212890625 0.41748046875 0.2197265625 0.41943359375 0.22265625 0.44091796875 0.23046875 0.44482421875 0.224609375
4 0.50732421875 0.572265625 0.51318359375 0.5634765625 0.51220703125 0.54296875 0.50927734375 0.5322265625 0.498046875 0.53125 0.4931640625 0.5361328125 0.4912109375 0.54296875 0.490234375 0.548828125 0.49169921875 0.5595703125 0.4990234375 0.5712890625 0.50732421875 0.572265625
4 0.453125 0.4697265625 0.4609375 0.466796875 0.46142578125 0.4580078125 0.45751953125 0.4462890625 0.45068359375 0.43359375 0.44580078125 0.435546875 0.447265625 0.4384765625 0.447265625 0.455078125 0.4453125 0.46484375 0.453125 0.4697265625
4 0.48779296875 0.4990234375 0.490234375 0.4853515625 0.4873046875 0.458984375 0.4814453125 0.455078125 0.47509765625 0.458984375 0.47216796875 0.4658203125 0.4716796875 0.4755859375 0.4775390625 0.494140625 0.4814453125 0.5 0.48779296875 0.4990234375
4 0.65283203125 0.6884765625 0.6533203125 0.673828125 0.64794921875 0.66015625 0.64013671875 0.66015625 0.63427734375 0.666015625 0.6318359375 0.6728515625 0.6318359375 0.6875 0.6416015625 0.7021484375 0.64599609375 0.703125 0.65283203125 0.6884765625
4 0.58740234375 0.55859375 0.58349609375 0.544921875 0.57373046875 0.552734375 0.5712890625 0.560546875 0.5703125 0.572265625 0.5771484375 0.5771484375 0.5849609375 0.5712890625 0.58740234375 0.55859375
4 0.603515625 0.6884765625 0.60400390625 0.6748046875 0.59912109375 0.6650390625 0.58984375 0.666015625 0.58740234375 0.6689453125 0.5869140625 0.673828125 0.5859375 0.6845703125 0.5908203125 0.697265625 0.6015625 0.6923828125 0.603515625 0.6884765625
4 0.572265625 0.7119140625 0.5771484375 0.697265625 0.5771484375 0.689453125 0.572265625 0.68359375 0.5673828125 0.68359375 0.56201171875 0.6904296875 0.56005859375 0.6962890625 0.56103515625 0.7021484375 0.568359375 0.7109375 0.572265625 0.7119140625
4 0.43994140625 0.669921875 0.4462890625 0.654296875 0.4453125 0.646484375 0.439453125 0.640625 0.43115234375 0.642578125 0.42578125 0.6484375 0.42529296875 0.66796875 0.4306640625 0.673828125 0.43994140625 0.6748046875 0.43994140625 0.669921875
4 0.3408203125 0.6572265625 0.34326171875 0.6396484375 0.3388671875 0.62890625 0.330078125 0.6279296875 0.32470703125 0.6328125 0.32080078125 0.642578125 0.3212890625 0.654296875 0.32861328125 0.6630859375 0.333984375 0.6650390625 0.3408203125 0.6572265625
4 0.47900390625 0.8701171875 0.474609375 0.853515625 0.47021484375 0.8466796875 0.4599609375 0.845703125 0.4541015625 0.861328125 0.4541015625 0.8662109375 0.46142578125 0.87109375 0.4755859375 0.873046875 0.47900390625 0.8701171875
4 0.3212890625 0.802734375 0.32421875 0.798828125 0.3203125 0.7763671875 0.30908203125 0.7744140625 0.3046875 0.7783203125 0.306640625 0.783203125 0.3037109375 0.798828125 0.310546875 0.802734375 0.3212890625 0.802734375
4 0.12646484375 0.4658203125 0.1279296875 0.4658203125 0.142578125 0.45703125 0.14697265625 0.4443359375 0.14697265625 0.431640625 0.13818359375 0.4345703125 0.13623046875 0.4404296875 0.12255859375 0.4580078125 0.12255859375 0.4619140625 0.126953125 0.4609375 0.1279296875 0.4638671875 0.12646484375 0.4658203125
4 0.072265625 0.52734375 0.080078125 0.5244140625 0.08251953125 0.5205078125 0.0791015625 0.501953125 0.080078125 0.498046875 0.07666015625 0.4921875 0.05810546875 0.505859375 0.05712890625 0.5107421875 0.05908203125 0.521484375 0.0634765625 0.52734375 0.072265625 0.52734375