3 0.4307141703125 0.9371969265625 0.44330305625 0.938520071875 0.45202339687500004 0.9261923015625 0.46698310468750004 0.9150500906250001 0.45610417031250006 0.9075493984375 0.440037625 0.9090393718750001 0.43523552812500005 0.9143621484375 0.42066132968750003 0.921836471875 0.42165801875 0.9325366781250001 0.4307141703125 0.9371969265625
4 0.7296893859375 0.514605421875 0.7394064140625 0.5129778593750001 0.745312659375 0.507241359375 0.7363639640625 0.491467184375 0.723441953125 0.4832219828125 0.712841071875 0.4831673296875 0.7011938015625 0.493068375 0.7034047828125 0.5023068921875 0.7202477218750001 0.5136130624999999 0.7296893859375 0.514605421875
4 0.7444650640625 0.43457343593750003 0.7549558015625 0.43567605625 0.7647279015625 0.4335245109375 0.7652235578125001 0.4288086546875 0.75345808125 0.40955978593750003 0.7387132875 0.398474140625 0.7333577734375 0.3989707984375 0.7221484 0.3946140109375 0.716792884375 0.39511066875 0.7112170796874999 0.3977032625 0.7085131296875 0.40324656406250003 0.720443825 0.4209234796875 0.7444650640625 0.43457343593750003
4 0.7519482890625 0.545022871875 0.7687885421875 0.54626308125 0.7722662015624999 0.5434499609375 0.770330584375 0.5315915234374999 0.765247746875 0.5194023 0.7581795953125 0.5160105453125 0.75028535 0.5204785515625 0.75177769375 0.5264629015625 0.7459292125 0.5417413765625 0.7519482890625 0.545022871875
4 0.7132561453124999 0.5902250078125 0.72479595625 0.5914378921875 0.736556059375 0.5905548390625001 0.739535375 0.582391615625 0.7357796624999999 0.5777586953125 0.7222518499999999 0.5752773203125 0.7124797484375 0.5774288656250001 0.7085615046875 0.5844338578125 0.7132561453124999 0.5902250078125
4 0.7493921125 0.6904416531249999 0.7550780640625 0.6868010921875001 0.769374209375 0.671880728125 0.7743388390625 0.6549200390625 0.7549020953125 0.6481092 0.7574985859375001 0.6536798296875 0.7530269265625 0.6558587015625 0.74381093125 0.672902328125 0.7439788359375 0.6813963359375 0.7488386953124999 0.6856155359375 0.7493921125 0.6904416531249999
4 0.7619071109375 0.6218270593749999 0.76947091875 0.6205029578125 0.7783537890625001 0.5965372734375001 0.7770266625 0.5889809734375 0.7733837859375 0.59336604375 0.7597458265625 0.5919326359375 0.7530108 0.5954629359375 0.75898018125 0.6194003359375 0.7619071109375 0.6218270593749999
4 0.4165751328125 0.506595096875 0.422979721875 0.5062087 0.43054352968750004 0.5048845984375 0.436339628125 0.50019606875 0.43655723125 0.488034171875 0.42534785937499997 0.48367738281249995 0.40342745625000004 0.48031391093750003 0.39332491875 0.4856093625 0.3934377515625 0.4946273546875 0.4052005421875 0.5038102609374999 0.4165751328125 0.506595096875
4 0.5302740453125 0.5651653171875 0.533256046875 0.56706805625 0.5359049234375 0.5620487375 0.5230379875 0.5532795546875 0.5108896859375001 0.547764534375 0.50139295 0.5472961609375 0.4973645609375 0.5553491203124999 0.5017287625 0.564284178125 0.5124397921875 0.5632908624999999 0.5302740453125 0.5651653171875
4 0.49316289218750003 0.53477615 0.5037087 0.5353547875 0.5113826546875 0.5329827171875 0.5162948984375 0.526611971875 0.5127594796875 0.5198831140625 0.4847649265625 0.5137621328125 0.46980252968749997 0.514838384375 0.46803750624999996 0.521539915625 0.473891365625 0.5263933625 0.49316289218750003 0.53477615
4 0.2835778203125 0.3389824796875 0.2993139265625 0.3406364109375 0.30693280624999997 0.338788325 0.31388812499999996 0.3331620875 0.3147692921875 0.324778340625 0.3006880625 0.317470846875 0.284896884375 0.31634090000000004 0.2683897546875 0.322022746875 0.26894317343749996 0.32684886562500004 0.2835778203125 0.3389824796875
4 0.4004293296875 0.41801540781249996 0.4131283578125 0.41829058437500005 0.4217963125 0.41655276093750004 0.43129036249999997 0.40695517499999995 0.41704391249999995 0.40121963281250006 0.403130590625 0.4024061453125 0.39595498125 0.4101283203125 0.4004293296875 0.41801540781249996
4 0.281548184375 0.388567775 0.293198140625 0.38873269062500004 0.29849858125 0.3887600171875 0.30192116874999997 0.38647088125 0.30401662812499997 0.37662544375 0.2940766203125 0.3702829828125 0.279334515625 0.369263296875 0.274917928125 0.37091818593750003 0.2684609546875 0.3818945265625 0.281548184375 0.388567775
4 0.2660404328125 0.4150157890625 0.2725551671875 0.413581425 0.28050448437500003 0.40858943437499995 0.2810552140625 0.4033495921875 0.2753115015625 0.3974481796875 0.2669189109375 0.3965660828125 0.2506320765625 0.4001519921875 0.2512405671875 0.404454128125 0.2598561359375 0.4133062484375 0.2660404328125 0.4150157890625
4 0.28126343593750003 0.5628330125 0.302299984375 0.5645142703125 0.3092002296875 0.559412015625 0.3122346171875 0.5507248109375 0.30660105 0.543775428125 0.29831860468750004 0.5418453640625 0.2808174765625 0.5468929640625 0.275572109375 0.5463416546875 0.2755747953125 0.5564076124999999 0.28126343593750003 0.5628330125
4 0.2842199296875 0.6759853031249999 0.2967537421875 0.6778324328124999 0.30768506093750003 0.6747431796875001 0.3135362328125 0.669530665625 0.313478471875 0.6599886890625 0.30243431875 0.654059946875 0.28327562500000003 0.6546951515625 0.2741120140625 0.66114883125 0.275604359375 0.6671331828125 0.2842199296875 0.6759853031249999
4 0.071550771875 0.5095347421875001 0.0767961421875 0.510086053125 0.09424219687499999 0.5055624390625 0.09434965468749999 0.4944485078125 0.08750179531249999 0.48896081718750006 0.07016320000000001 0.48237050468750003 0.0666304671875 0.48570760625 0.0671314984375 0.5011236703125 0.071550771875 0.5095347421875001
4 0.144090009375 0.67715023125 0.149115084375 0.679797478125 0.1538070359375 0.67552266875 0.1529755671875 0.6632505109375 0.1292874546875 0.6565226078124999 0.12476072187500001 0.659225465625 0.12354911718749999 0.6707531171875 0.126974390625 0.6785299421875 0.144090009375 0.67715023125
4 0.4684727625 0.9109684796874999 0.47266905625 0.911409528125 0.4930944265625 0.8987226890625 0.4996091609375 0.8972883250000001 0.5037476953125 0.888187396875 0.4901097375 0.8867539890625 0.47597612187499994 0.8900364406250001 0.46488226875 0.9047636046875001 0.46471704999999996 0.9063355578125 0.46698041718749994 0.9049841296875 0.47001749375 0.9063628843749999 0.4684727625 0.9109684796874999
4 0.40863930000000004 0.9756692484375 0.413994815625 0.975172590625 0.43077461875 0.9568048625 0.4248656875 0.9524754015625 0.4205592453125 0.953082321875 0.40101235625 0.947319453125 0.396540696875 0.9494983250000001 0.392512309375 0.9575512859374999 0.3915209953125 0.9669829999999999 0.39731978125 0.9723604296874999 0.40863930000000004 0.9756692484375