3 0.5693803578125001 0.4835984765625 0.5867299640625 0.4821164015625 0.6023974375 0.47272050937500004 0.6142231140625001 0.4608326734375 0.639668740625 0.44549839999999996 0.6498954640625 0.441670371875 0.660057078125 0.43234193750000005 0.6578612703125 0.41681736718750007 0.637053325 0.41241744375 0.5992973078125 0.41658276406250005 0.5671122578125 0.4261810296875 0.555221475 0.43256846250000003 0.5446293625 0.4502597640625 0.5286254625 0.4580728921875 0.5160618265625 0.4612948015625 0.5099011859375 0.4686699515625 0.5027493375 0.48177003437500004 0.5045906484375 0.48523862187500005 0.523510246875 0.49114277343749996 0.54937548125 0.4933648875 0.5693803578125001 0.4835984765625
3 0.565393978125 0.3973207734375 0.57935035625 0.395457103125 0.586408134375 0.392302653125 0.597626065625 0.3827496921875 0.5981506296875 0.36444119218750004 0.592467521875 0.3584806578125 0.5813906953125 0.3531151703125 0.5629196671875001 0.34932136874999997 0.5221719546875 0.3601882609375 0.5087292515625 0.36966268593749996 0.5059618421875001 0.3774194328125 0.5093080359375 0.38277384375 0.565393978125 0.3973207734375
4 0.6058520671875 0.5409142390625 0.638709971875 0.5344814999999999 0.6523118515624999 0.520561846875 0.6431233703125 0.5136921296875 0.591664221875 0.5053302609375 0.5819331046875 0.5062958234375 0.574763184375 0.5089226874999999 0.57215495 0.5122342046874999 0.5678175484375 0.512604725 0.5622646546875 0.5176449984375 0.55949724375 0.52540174375 0.5649090343750001 0.5352799203124999 0.5939432124999999 0.5368284546875 0.6058520671875 0.5409142390625
4 0.59445271875 0.9287828109375 0.6001177531249999 0.9242701234374999 0.5993146874999999 0.9101037906249999 0.5895184609374999 0.9055689515625 0.575001371875 0.9047946843749999 0.55537995625 0.911171040625 0.5529960078125 0.9155377359375001 0.5563422015625 0.9208921453125001 0.570859290625 0.9216664140624999 0.571933678125 0.93191510625 0.59445271875 0.9287828109375
4 0.32342534375 0.5678604359375 0.3328200359375 0.565312109375 0.35471325625 0.5540414703125001 0.3726525390625 0.539751296875 0.37753257812499996 0.531545496875 0.36672707187500003 0.52226236875 0.338749209375 0.5204893078125 0.32279234218749997 0.52332961875 0.306452015625 0.529559984375 0.282959840625 0.54889043125 0.285586146875 0.5560521328125 0.296662971875 0.5614176203125 0.3024582234375 0.5679057421875 0.32342534375 0.5678604359375
4 0.3707855109375 0.8114488859375 0.39485646874999997 0.8052295984375 0.4116923984375 0.7961367671875 0.418732103125 0.7825090968749999 0.417769859375 0.7727879921875 0.41487223437500004 0.76954393125 0.408085775 0.7687807421875 0.39785905312500003 0.772608771875 0.383472178125 0.7828353109374999 0.3664770703125 0.7963733687500001 0.3567640234375 0.8078121546875 0.3707855109375 0.8114488859375
4 0.411591609375 0.44765805312499996 0.44233688437499996 0.4416743671875 0.4459363234375 0.43263791874999996 0.44306766093750005 0.413947821875 0.43731944531250005 0.40248688593750004 0.42853250000000004 0.4027003359375 0.40724702500000004 0.41163609687499997 0.3866995109375 0.42923778749999997 0.3839321 0.43699453593750004 0.400131321875 0.4456826171875 0.411591609375 0.44765805312499996
4 0.3391762296875 0.41342223125000005 0.3644156453125 0.4075060046875 0.380307403125 0.39916528906250004 0.3880199609375 0.388703146875 0.38566497499999997 0.3776238046875 0.37542018125 0.3709786140625 0.355172946875 0.369216628125 0.3307655625 0.3738531546875 0.30264659374999997 0.386998540625 0.2953826046875 0.3995710359375 0.296840453125 0.40642967656250006 0.3046361921875 0.4119411546875 0.3134231375 0.41172770625000005 0.3217144796875 0.41437672187499996 0.3391762296875 0.41342223125000005
4 0.21049024374999997 0.4832349515625 0.233729171875 0.478295365625 0.2438437515625 0.4739397484375 0.2596704015625 0.460098628125 0.2583246953125 0.453767575 0.24318178906250001 0.4448549671875 0.23194578593749998 0.44393470625000003 0.22266323593749998 0.4470106234375 0.20906135781250001 0.4609302765625 0.20175033281250002 0.4784755859375 0.20476009999999997 0.48224723437500006 0.21049024374999997 0.4832349515625
4 0.5277104828125 0.2823630359375 0.533711946875 0.27943311249999997 0.5437614187500001 0.269577090625 0.5485763515625 0.25587088750000003 0.5391635875 0.2479459953125 0.51507455625 0.2436920640625 0.5101294078125 0.2463974609375 0.48983514218749996 0.24960829218749997 0.48172104843749997 0.25298726875 0.459621615625 0.2736759515625 0.46925866406249994 0.28265601875 0.47638154843749997 0.2850019734375 0.5010783265625001 0.286921028125 0.5277104828125 0.2823630359375
4 0.535687178125 0.2315907765625 0.551195475 0.2266401125 0.5623663703124999 0.22205996875 0.5610206625 0.2157289171875 0.5442607296875 0.20440289531250003 0.5296785328125 0.198128225 0.5101511875 0.19455895 0.5046453296875 0.1946264078125 0.49864386562499996 0.19755633125 0.48931428125 0.20560506250000002 0.4919586609375 0.223239984375 0.49602474374999994 0.2267871046875 0.52489974375 0.23278086875 0.535687178125 0.2315907765625
4 0.396579146875 0.28873031562499996 0.40891849999999996 0.2844532328125 0.41613545468749996 0.2768535546875 0.41019191718750003 0.2488914046875 0.40668654374999996 0.24798222343749998 0.3829520125 0.255784275 0.374903028125 0.26466365468749997 0.37058369999999996 0.27550739218750003 0.37878097187500004 0.288102040625 0.396579146875 0.28873031562499996
4 0.36853988437499996 0.21914512031250002 0.3863850953125 0.21480057812500003 0.39405061875 0.20931125156250002 0.398482090625 0.1989951 0.3948935390625 0.18211229375 0.388874003125 0.174568996875 0.3835924296875 0.17569162968750002 0.370598296875 0.18727640625 0.353621259375 0.2112876859375 0.3569674546875 0.2166420984375 0.36853988437499996 0.21914512031250002
4 0.691341284375 0.48083470000000006 0.7123554421875 0.47581657968749996 0.7190767921875 0.4710793671875 0.7235552968750001 0.4557904 0.73454894375 0.4451822640625 0.7286415500000001 0.43816655468750004 0.7161719828125 0.43144283124999994 0.6986451265625 0.426896915625 0.684706821875 0.43923380625 0.6851734625 0.451817378125 0.6749648125000001 0.4661186265625 0.675814915625 0.47531214374999997 0.691341284375 0.48083470000000006
4 0.6893011765625 0.362160696875 0.6991444375 0.3617227203125 0.7144754843750001 0.350744065625 0.7254872031249999 0.35060915000000004 0.726029840625 0.34277386875000004 0.72146815625 0.3420892125 0.7206831593749999 0.33839609843749996 0.706260140625 0.32767620000000003 0.686555546875 0.3180789328125 0.6724508796875 0.298468578125 0.6646732140625 0.3034303171875 0.6590552125 0.30297018750000004 0.6459959734375 0.309054559375 0.643753128125 0.29850280625000003 0.6373501312500001 0.2943495625 0.640678253125 0.28923075468750004 0.6281616515625 0.2874798453125 0.629152859375 0.28175491406250003 0.6250397421875 0.283180609375 0.61591636875 0.281811296875 0.58917206875 0.28584170000000003 0.5788802390625001 0.2841693265625 0.5746549796875 0.2850674328125 0.561212278125 0.294541859375 0.5558185625000001 0.2951369046875 0.547096721875 0.30085075781250004 0.54316085625 0.30830444375 0.5502367046875001 0.3156232140625 0.581897190625 0.32433345 0.6169979390625 0.32845246562499997 0.64910699375 0.3392730515625 0.662585840625 0.350745065625 0.6593698609375 0.35639146093749996 0.6528076875 0.35668344531249996 0.6485353921875 0.36255436875 0.6601078203124999 0.365057390625 0.6607806734375 0.3682229171875 0.6696797625 0.36853705468750003 0.673456453125 0.365528596875 0.68141136875 0.3665948484375 0.6866929421875 0.365472215625 0.6893011765625 0.362160696875
4 0.7938761203125 0.5009484921875 0.8193398203125 0.49608744062500004 0.8231165109375 0.49307898437500003 0.823883434375 0.48629887812500006 0.8291650078125 0.4851762453125 0.83183835 0.4873651296875 0.831165496875 0.484199603125 0.8264916687499999 0.48298735937500004 0.8304926437500001 0.48103407656249997 0.8286513328125 0.477565490625 0.812658321875 0.4594593640625 0.8062553250000001 0.45530611875 0.8025907765625 0.45884216406249995 0.7980290906249999 0.4581575078125 0.7957392109375 0.4525785703125 0.785223096875 0.4498510203125 0.7714258953125 0.4472694640625 0.7595821468749999 0.44868408125 0.756749628125 0.45094042500000003 0.7573754484374999 0.459078765625 0.7778180015625 0.4773419625 0.7881459765625001 0.499960775 0.7938761203125 0.5009484921875
4 0.5007381921875 0.34764999375 0.514582428125 0.3452587359375 0.5468145140625 0.3306876546875 0.545693090625 0.32541177656250003 0.53167160625 0.32177504375 0.5268385999999999 0.32500802812499996 0.5108817343750001 0.327848340625 0.49337295000000003 0.3337756453125 0.48148216718750003 0.340163078125 0.4796589296875 0.3471677109375 0.4854541796875 0.3536558328125 0.5007381921875 0.34764999375
4 0.8203416859375 0.6254591921875 0.827558640625 0.6178595125 0.8255871156250001 0.6033901187499999 0.8159030312500001 0.5993828671875 0.806508340625 0.60193119375 0.7975151828125 0.6115626890625 0.79825314375 0.62022861875 0.8124989125000001 0.6249205265625 0.8209494328125 0.6231243125 0.8203416859375 0.6254591921875
4 0.83777818125 0.5776390078125 0.8482291875 0.574866153125 0.8502405640624999 0.5479702578125 0.8471656890625001 0.53869820625 0.7976961375 0.55527895 0.798209815625 0.5628897046875 0.8086318609375001 0.5755628859375 0.8242052640624999 0.5761126265625001 0.8283183812500001 0.5746869328125 0.83777818125 0.5776390078125
4 0.646147965625 0.26821685624999997 0.6563276546875 0.26936164218749997 0.62880925 0.2437796765625 0.6202936234374999 0.2400754859375 0.6117309609375 0.24134411249999999 0.6034576921875 0.24916831718750002 0.6025966984375 0.2658940546875 0.6188429578125 0.26960932187500003 0.6191323484375 0.2761649 0.630592634375 0.2781403359375 0.634705753125 0.276714640625 0.6389780468749999 0.27084371875 0.646147965625 0.26821685624999997
4 0.7703623984375 0.41110151562499997 0.7797570890625 0.4085531875 0.778328203125 0.38624851250000003 0.773477125 0.379008275 0.7620638734375 0.372060025 0.7532298921875 0.377246290625 0.748237709375 0.3849245046875 0.738683840625 0.391918059375 0.7395339437499999 0.401111578125 0.7591263953125 0.4101812546875 0.7703623984375 0.41110151562499997