3 0.55943588125 0.600546475 0.5716392546875 0.6055375093750001 0.6038851765625 0.611575553125 0.6409882671875 0.6117668390625 0.6607527625 0.605367809375 0.661300803125 0.5900620078125 0.650476940625 0.58203733125 0.640151421875 0.5793627578125 0.6138668171874999 0.567064228125 0.6011651 0.556723090625 0.5849857218750001 0.5491950734375 0.56798025 0.5495268156249999 0.54754950625 0.5420817312499999 0.5226497890624999 0.54688148125 0.504873296875 0.554549003125 0.5034387109375 0.5581066296875 0.51172384375 0.5701026546875 0.51846155625 0.576638315625 0.53099536875 0.5784854453125 0.547339965625 0.5844415109375001 0.55943588125 0.600546475
3 0.6057160203125 0.64461388125 0.593843084375 0.6364789421875 0.5866647875 0.6341351562499999 0.5729166828125 0.6337497171875001 0.5199176421875 0.653608375 0.51721369375 0.6591516765625001 0.5206940390625 0.6664045171875 0.5347201953125 0.674235996875 0.5754137796875 0.6806321546875 0.59296998125 0.6750605703125 0.603182665625 0.6687171515625 0.6080949078125 0.66234640625 0.6057160203125 0.64461388125
4 0.5874089328125 0.5261397703124999 0.636544803125 0.5127621203125 0.6447694859374999 0.5051502078125 0.6301348390625 0.49301659375 0.59755848125 0.49012245312499997 0.5864068687499999 0.4953076421875 0.5583599312499999 0.4997766046875 0.5541112499999999 0.5099255015625 0.557591596875 0.51717834375 0.563500528125 0.5215078046875 0.567751896875 0.5214248687499999 0.5706237515625 0.524375578125 0.5778571234375 0.5261953796875 0.5874089328125 0.5261397703124999
4 0.5528472125 0.118290740625 0.5468832078125 0.1144852609375 0.524687440625 0.1137417109375 0.524690128125 0.123807671875 0.510666659375 0.126042153125 0.507962709375 0.131585453125 0.51072441875 0.1355841296875 0.5304365296875 0.139775046875 0.5444599984375 0.137540565625 0.5535134640625 0.1321348515625 0.5528472125 0.118290740625
4 0.37671570781249997 0.5225370578125 0.3711372140625 0.5150636937499999 0.35225119843749997 0.5030130140625 0.3298324515625 0.49429943749999994 0.3204458625 0.49278309531250003 0.3000728765625 0.49487998749999995 0.295105559375 0.50177471875 0.284892875 0.5081181375 0.2830727796875 0.515343653125 0.307867728125 0.53172379375 0.324377540625 0.5361079078125 0.34016872187499997 0.5372378546875 0.3671665859375 0.532658628125 0.37671570781249997 0.5225370578125
4 0.3828851984375 0.2620076359375 0.365601675 0.2548933390625 0.341583125 0.2513093421875 0.3283333640625 0.2562740078125 0.338936934375 0.266394621875 0.3568289484375 0.277811053125 0.37184910625 0.286276778125 0.382174625 0.2889513515625 0.388689359375 0.2875169875 0.39117301718749997 0.28406962343750003 0.39111525625 0.27452764687500003 0.3828851984375 0.2620076359375
4 0.44884524375 0.6032267890624999 0.41836703125 0.600553171875 0.4074357109375 0.603642425 0.392586146875 0.61373666875 0.39606649374999997 0.620989509375 0.417824365625 0.635990896875 0.4394143296875 0.6424982734375 0.44797213906250005 0.6418084171875 0.4523860375 0.6300875687499999 0.4532645171875 0.6116378609375 0.44884524375 0.6032267890624999
4 0.39105754375 0.678738028125 0.4003313015625 0.6712363781249999 0.40148783281249995 0.6602327125 0.3929273359375 0.65085660625 0.3766378140625 0.64437655625 0.3515151171875 0.64120628125 0.334454571875 0.642062009375 0.326670471875 0.645482046875 0.3181126640625 0.6461719015625 0.3111022734375 0.6523221234375 0.31038632499999996 0.65913391875 0.318726528125 0.670605959375 0.3473846453125 0.680505090625 0.3715684140625 0.6825171359375 0.39105754375 0.678738028125
4 0.252726215625 0.5921497546875 0.2424557703125 0.588951196875 0.2193761484375 0.58652543125 0.21391048750000002 0.5880700562500001 0.21137175625000001 0.5920414046875 0.220265378125 0.6083395671875 0.2349000265625 0.6204731812500001 0.24423154375 0.6225135078124999 0.25505271875 0.620472225 0.268853209375 0.6102677187500001 0.269514084375 0.603979909375 0.252726215625 0.5921497546875
4 0.5626865515625 0.7815405703125 0.5710213828125 0.772880690625 0.5649445421875 0.7600572203125 0.554175753125 0.751508559375 0.5480465296875 0.749275034375 0.5217095406250001 0.74756645 0.4979139703125 0.751952478125 0.4912340171875 0.7549587953125 0.48278904218749996 0.7646666421874999 0.5063696953125 0.7825084718750001 0.5145970671875 0.784962521875 0.5346396140625 0.7860095328125001 0.5397197640625 0.788132796875 0.5626865515625 0.7815405703125
4 0.57208389375 0.82332075625 0.587208821875 0.8106065906250001 0.587869696875 0.8043187828124999 0.5765501765625001 0.8010099609375001 0.560979290625 0.7977840781250001 0.5503784078125 0.797729425 0.522939959375 0.8065005234375 0.5193521546875 0.8103616109375 0.5185838203124999 0.8277633484375 0.52846875625 0.8346297968749999 0.5345979796875 0.836863321875 0.53995349375 0.8363666640625 0.55855876875 0.830905340625 0.57208389375 0.82332075625
4 0.4200098375 0.756478965625 0.4027840734375 0.7589066437499999 0.396106809375 0.7719789203125 0.4014099375 0.7820722078125 0.41013565312500005 0.7898763609375 0.433988984375 0.795032309375 0.4373014234375 0.79379114375 0.440220290625 0.766019984375 0.4324335046875 0.7593740625 0.4200098375 0.756478965625
4 0.41765513906249996 0.8293400875 0.3998759578125 0.826941646875 0.38888956406249997 0.8305548828125 0.3861856140625 0.836098184375 0.405129390625 0.8576908390625 0.4189352546875 0.8676182546875 0.42418062343749996 0.8681695656249999 0.4292580859375 0.8602268671875001 0.4310204203125 0.8434593749999999 0.42566221718749997 0.8338900718750001 0.41765513906249996 0.8293400875
4 0.7205915984375 0.5607989625 0.7146799781250001 0.5464035390624999 0.7076669 0.5424878 0.6867404984375 0.5397585734375 0.6722213734375 0.5467089140625 0.6723342078125001 0.55572690625 0.6837114859375 0.5685777015625 0.68454295625 0.5808498609375 0.699342821875 0.5914115234375 0.715905021875 0.5852056921875 0.727332 0.5774005828125001 0.7323543890625 0.56998186875 0.7205915984375 0.5607989625
4 0.6683877671875 0.6639154890625 0.67208840625 0.6690723937499999 0.660165771875 0.681593359375 0.630078446875 0.6953837765625 0.5964006296875 0.70296931875 0.566533596875 0.714663796875 0.560407059375 0.7224962328125 0.5649915531249999 0.7293353546875 0.57404770625 0.7339956015625 0.5793481484375 0.734022928125 0.5933743046875 0.7418544078125 0.5975705984374999 0.74229545625 0.607397775 0.739619925 0.6337898359375 0.7408045249999999 0.6425128640625 0.7385427171875001 0.6466540859375 0.73950775 0.64510666875 0.7340473828125 0.6570870625 0.73106839375 0.65333135 0.7264354734375 0.6591274484375 0.721746940625 0.6602289078125 0.7112672578125 0.6735364296874999 0.7158445703125 0.678947015625 0.7148239281250001 0.6870091687500001 0.7188499312500001 0.698708821875 0.698358940625 0.7168708265625 0.6870235296875 0.7297874625 0.675136809375 0.730172971875 0.6714689203125 0.734534484375 0.6703380171875 0.7332073609374999 0.6627817140625 0.72249633125 0.6637750296875 0.7064821718750001 0.6546750578125 0.696875290625 0.655254653125 0.6940034328125 0.65230394375 0.688758065625 0.651752634375 0.6811391828125 0.6536007203125 0.6771631796875 0.651063734375 0.6685502984375 0.6522775765625 0.6682198609375 0.6554214796875 0.65723346875 0.659034715625 0.6619831796875 0.664301884375 0.6683877671875 0.6639154890625
4 0.7926969453125 0.5508950453125 0.797058459375 0.5497641421874999 0.8009793890625 0.552825109375 0.8067754890625001 0.548136578125 0.82046314375 0.5289140812500001 0.821897728125 0.525356453125 0.8178115796875 0.5238674375000001 0.8222281656250001 0.5222125484375 0.822558603125 0.5190686453125 0.8201850921875 0.5214680406250001 0.8149397234375 0.52091673125 0.8135024515625 0.5144083953125 0.8095264468750001 0.5118714109375 0.78429360625 0.5097491046875 0.7788279453125 0.51129373125 0.77110429375 0.5343217078125 0.7531101953125 0.5541511265625 0.7533331765625 0.5621211500000001 0.756315178125 0.5640238875 0.7679651359374999 0.564188803125 0.7811047484375 0.5602721078124999 0.7910420703125001 0.5565486078124999 0.7926969453125 0.5508950453125
4 0.56167105 0.7003786375 0.5288717125 0.689514471875 0.51517868125 0.6886050499999999 0.49971794062499997 0.684331196875 0.4947506234375 0.6912259281249999 0.49723696874999995 0.6978445234375 0.5094403437499999 0.7028355578125 0.5270543046875 0.70680595 0.542845484375 0.707935896875 0.5478705609375 0.71058314375 0.5611203203125 0.7056184796875 0.56167105 0.7003786375
4 0.7972908234375 0.3860888484375 0.7981196046875 0.38829504843749996 0.7897270140625 0.3874129515625 0.7763671078125001 0.3934255828125 0.776535015625 0.4019195921875 0.78625473125 0.410357990625 0.795641321875 0.41187433437500004 0.8046397140625 0.4069926046875 0.8050776093750001 0.39273477031250004 0.7972908234375 0.3860888484375
4 0.8191118296875001 0.43076413125 0.8102235828125 0.4345978921875 0.8060823609375 0.43363286093750003 0.7910098171875 0.4357570796875 0.7821793328125 0.44913281562499996 0.782457384375 0.45657885625 0.8322071203125001 0.4676352640625 0.8342475078125 0.45831381093749995 0.82954749375 0.4323907359375 0.8191118296875001 0.43076413125
4 0.6423033234375 0.780902496875 0.6501975671875 0.7764344890625 0.6743182015625 0.7487726359375 0.6645460984375 0.75092418125 0.6573127296875 0.7491043796875 0.6525630171875 0.7438372109375 0.6484217953125 0.7428721781250001 0.637490475 0.74596143125 0.637878671875 0.7523595015625 0.622475690625 0.7576276265625 0.6250197984375 0.7737881984375 0.633855659375 0.780544384375 0.6423033234375 0.780902496875
4 0.780011353125 0.600949671875 0.7706247625 0.5994333296875001 0.7598035875 0.6014746125 0.7416966578124999 0.6122860390625 0.741809490625 0.62130403125 0.7518045703125 0.627122509375 0.7574381375 0.6340718921875 0.766549365625 0.6382081546875 0.77692726875 0.6302927828125 0.7809005828125 0.6227638078125 0.780011353125 0.600949671875