3 0.556640625 0.4736328125 0.56005859375 0.474609375 0.5703125 0.4658203125 0.57568359375 0.458984375 0.576171875 0.447265625 0.580078125 0.431640625 0.59375 0.4189453125 0.59716796875 0.4072265625 0.599609375 0.376953125 0.59619140625 0.3427734375 0.58837890625 0.3251953125 0.57421875 0.326171875 0.56787109375 0.3369140625 0.56640625 0.3466796875 0.5576171875 0.3720703125 0.54931640625 0.384765625 0.5439453125 0.400390625 0.5458984375 0.416015625 0.541015625 0.435546875 0.5478515625 0.4580078125 0.556640625 0.4736328125
3 0.658203125 0.4482421875 0.6640625 0.4345703125 0.666015625 0.396484375 0.6591796875 0.380859375 0.65234375 0.3720703125 0.64599609375 0.3681640625 0.6298828125 0.3720703125 0.62353515625 0.3837890625 0.6220703125 0.390625 0.623046875 0.4033203125 0.646484375 0.4501953125 0.65185546875 0.4521484375 0.658203125 0.4482421875
4 0.5107421875 0.4326171875 0.51708984375 0.4287109375 0.5205078125 0.4228515625 0.52001953125 0.4189453125 0.5224609375 0.416015625 0.5234375 0.4091796875 0.5224609375 0.400390625 0.50537109375 0.3564453125 0.49755859375 0.349609375 0.48779296875 0.3642578125 0.48828125 0.39453125 0.494140625 0.404296875 0.5009765625 0.4296875 0.5107421875 0.4326171875
4 0.1611328125 0.509765625 0.16650390625 0.51171875 0.169921875 0.5087890625 0.171875 0.490234375 0.16845703125 0.4775390625 0.16259765625 0.4697265625 0.14990234375 0.4716796875 0.14697265625 0.4775390625 0.1484375 0.498046875 0.15771484375 0.4970703125 0.1611328125 0.509765625
4 0.53515625 0.6806640625 0.5419921875 0.681640625 0.5546875 0.6572265625 0.55712890625 0.6416015625 0.556640625 0.626953125 0.5498046875 0.6025390625 0.53955078125 0.5947265625 0.533203125 0.6005859375 0.52392578125 0.619140625 0.51806640625 0.640625 0.517578125 0.6494140625 0.521484375 0.66796875 0.5283203125 0.671875 0.53515625 0.6806640625
4 0.31591796875 0.63671875 0.322265625 0.6220703125 0.32373046875 0.6123046875 0.32177734375 0.6064453125 0.318359375 0.6044921875 0.3095703125 0.60546875 0.298828125 0.6142578125 0.2939453125 0.630859375 0.29296875 0.6533203125 0.298828125 0.6650390625 0.30712890625 0.654296875 0.31591796875 0.63671875
4 0.62841796875 0.5673828125 0.64013671875 0.5458984375 0.64404296875 0.525390625 0.642578125 0.517578125 0.63134765625 0.5146484375 0.6142578125 0.515625 0.60693359375 0.5205078125 0.607421875 0.548828125 0.611328125 0.55859375 0.6220703125 0.5712890625 0.62841796875 0.5673828125
4 0.6591796875 0.63671875 0.66552734375 0.642578125 0.671875 0.642578125 0.681640625 0.6337890625 0.68798828125 0.6064453125 0.6875 0.583984375 0.68212890625 0.56640625 0.67431640625 0.55859375 0.6640625 0.55859375 0.65625 0.5673828125 0.65185546875 0.5830078125 0.6513671875 0.6064453125 0.65380859375 0.6220703125 0.65771484375 0.62890625 0.6591796875 0.63671875
4 0.6337890625 0.73046875 0.6435546875 0.7158203125 0.64453125 0.70703125 0.6416015625 0.697265625 0.630859375 0.685546875 0.625 0.685546875 0.61572265625 0.7021484375 0.61376953125 0.7119140625 0.61376953125 0.7333984375 0.61572265625 0.73828125 0.61962890625 0.740234375 0.6337890625 0.73046875
4 0.74267578125 0.466796875 0.75244140625 0.4736328125 0.7666015625 0.4501953125 0.76806640625 0.4423828125 0.76708984375 0.423828125 0.7685546875 0.4189453125 0.76025390625 0.3984375 0.75146484375 0.3916015625 0.740234375 0.3984375 0.7333984375 0.4091796875 0.73193359375 0.4150390625 0.73291015625 0.439453125 0.7392578125 0.4609375 0.74267578125 0.466796875
4 0.791015625 0.435546875 0.80712890625 0.4345703125 0.8125 0.4248046875 0.81396484375 0.4189453125 0.81298828125 0.4140625 0.80615234375 0.3974609375 0.7978515625 0.3857421875 0.78466796875 0.373046875 0.77880859375 0.373046875 0.77685546875 0.3837890625 0.775390625 0.3984375 0.7763671875 0.408203125 0.787109375 0.4326171875 0.791015625 0.435546875
4 0.7763671875 0.546875 0.78271484375 0.5380859375 0.78515625 0.515625 0.78369140625 0.5126953125 0.7578125 0.5126953125 0.75244140625 0.5205078125 0.7509765625 0.5322265625 0.7548828125 0.5478515625 0.767578125 0.552734375 0.7763671875 0.546875
4 0.845703125 0.5361328125 0.853515625 0.5224609375 0.853515625 0.517578125 0.845703125 0.513671875 0.830078125 0.513671875 0.82177734375 0.51953125 0.818359375 0.52734375 0.81787109375 0.5439453125 0.822265625 0.5537109375 0.82763671875 0.5556640625 0.845703125 0.5361328125
4 0.55224609375 0.3076171875 0.5634765625 0.3056640625 0.57177734375 0.291015625 0.564453125 0.2763671875 0.55615234375 0.2666015625 0.548828125 0.2626953125 0.54150390625 0.2744140625 0.52880859375 0.28125 0.52587890625 0.2880859375 0.525390625 0.3076171875 0.533203125 0.3203125 0.54150390625 0.3193359375 0.55224609375 0.3076171875
4 0.630859375 0.3017578125 0.62890625 0.3056640625 0.630859375 0.3134765625 0.6337890625 0.3134765625 0.63818359375 0.3232421875 0.642578125 0.318359375 0.6416015625 0.3125 0.64599609375 0.30859375 0.65869140625 0.318359375 0.67431640625 0.3447265625 0.6845703125 0.375 0.6982421875 0.4013671875 0.7060546875 0.40625 0.7119140625 0.4013671875 0.71533203125 0.392578125 0.71484375 0.3876953125 0.720703125 0.3740234375 0.720703125 0.3701171875 0.71728515625 0.361328125 0.7158203125 0.3369140625 0.712890625 0.3291015625 0.71337890625 0.3251953125 0.70849609375 0.3271484375 0.70458984375 0.31640625 0.70068359375 0.3203125 0.69580078125 0.3154296875 0.68603515625 0.3154296875 0.68896484375 0.302734375 0.6875 0.2978515625 0.6904296875 0.2900390625 0.67041015625 0.28125 0.658203125 0.265625 0.64599609375 0.2548828125 0.642578125 0.2548828125 0.64111328125 0.2509765625 0.63427734375 0.2529296875 0.63623046875 0.2626953125 0.62939453125 0.2783203125 0.630859375 0.287109375 0.62841796875 0.2900390625 0.62841796875 0.294921875 0.630859375 0.3017578125
4 0.5322265625 0.2451171875 0.53955078125 0.244140625 0.541015625 0.2412109375 0.5400390625 0.23046875 0.53515625 0.21875 0.53076171875 0.2099609375 0.525390625 0.208984375 0.52392578125 0.205078125 0.5263671875 0.201171875 0.521484375 0.1962890625 0.50244140625 0.185546875 0.4990234375 0.1845703125 0.498046875 0.1884765625 0.49609375 0.1845703125 0.4931640625 0.1845703125 0.49560546875 0.1865234375 0.49560546875 0.19140625 0.48974609375 0.193359375 0.48779296875 0.197265625 0.48828125 0.220703125 0.490234375 0.2255859375 0.51220703125 0.23046875 0.5322265625 0.2451171875
4 0.689453125 0.466796875 0.69287109375 0.455078125 0.69482421875 0.4384765625 0.6943359375 0.423828125 0.6962890625 0.4189453125 0.6904296875 0.4072265625 0.685546875 0.4072265625 0.6787109375 0.4384765625 0.67919921875 0.451171875 0.6767578125 0.4658203125 0.68359375 0.4697265625 0.689453125 0.466796875
4 0.3818359375 0.2392578125 0.3896484375 0.23828125 0.396484375 0.228515625 0.39697265625 0.2197265625 0.3916015625 0.2119140625 0.37841796875 0.212890625 0.373046875 0.220703125 0.375 0.2197265625 0.375 0.2275390625 0.3818359375 0.2392578125
4 0.41943359375 0.2216796875 0.4326171875 0.228515625 0.439453125 0.2275390625 0.44482421875 0.1806640625 0.43603515625 0.1796875 0.41259765625 0.1865234375 0.412109375 0.1962890625 0.41650390625 0.2041015625 0.416015625 0.2080078125 0.41943359375 0.2216796875
4 0.71630859375 0.3232421875 0.72021484375 0.3330078125 0.72607421875 0.33203125 0.732421875 0.345703125 0.7470703125 0.341796875 0.75244140625 0.3330078125 0.751953125 0.3251953125 0.7470703125 0.318359375 0.71923828125 0.298828125 0.72216796875 0.3076171875 0.72119140625 0.314453125 0.716796875 0.3193359375 0.71630859375 0.3232421875
4 0.59521484375 0.2490234375 0.599609375 0.2392578125 0.60546875 0.2333984375 0.6083984375 0.224609375 0.60009765625 0.2158203125 0.5927734375 0.212890625 0.57275390625 0.2158203125 0.572265625 0.224609375 0.5751953125 0.234375 0.5869140625 0.25 0.59521484375 0.2490234375