3 0.6317365265625 0.55483549375 0.6127744515625 0.5428713859375 0.5848303390625 0.543369890625 0.5548902203125 0.5518444671875 0.5548902203125 0.566301096875 0.5479041921875 0.5797607171875 0.564870259375 0.5922233296875 0.58582834375 0.583748753125 0.589820359375 0.5842472578125 0.6047904187500001 0.578763709375 0.63273453125 0.5633100703125 0.6317365265625 0.55483549375
3 0.7095808390625 0.6206380859375 0.741516965625 0.608673978125 0.7504990015625 0.6036889328124999 0.7544910171875 0.5967098703125 0.752495009375 0.589232303125 0.7425149703125 0.5792622140625 0.730538921875 0.5782652046875 0.7105788421875 0.580259221875 0.6996007984375 0.5852442671875 0.67664670625 0.58823529375 0.65768463125 0.5967098703125 0.6556886234375 0.6081754734375 0.668662675 0.6196410765625 0.67964071875 0.6221335984375 0.6966067859375 0.62013958125 0.7095808390625 0.6206380859375
3 0.697604790625 0.744765703125 0.6816367265625 0.744765703125 0.6676646703125 0.75074775625 0.6636726546875 0.758723828125 0.669660678125 0.762213359375 0.6846307390625 0.765702890625 0.6916167671875 0.765702890625 0.70159680625 0.762213359375 0.7095808390625 0.7557328015625 0.7095808390625 0.75074775625 0.697604790625 0.744765703125
4 0.44910179687499996 0.44715852500000003 0.4221556890625 0.44516450625 0.410179640625 0.44466600156249997 0.3982035921875 0.44815553281250003 0.38522954062500003 0.4591226328125 0.38622754531250003 0.46311066875 0.454091815625 0.4905284140625 0.4780439125 0.4960119640625 0.4840319359375 0.48255234375 0.4690618765625 0.4680957125 0.46307385156249997 0.45114656093749994 0.44910179687499996 0.44715852500000003
4 0.7644710578125 0.4192422734375 0.747504990625 0.42572283125 0.7435129734375 0.43120638125 0.7684630734375 0.44366899374999996 0.781437125 0.44566301093750005 0.7894211578125 0.4431704890625 0.7964071859375 0.43469591249999995 0.791417165625 0.4237288140625 0.7784431140625 0.419740778125 0.7644710578125 0.4192422734375
4 0.46307385156249997 0.642073778125 0.46307385156249997 0.6390827515625 0.454091815625 0.6311066796875 0.4401197609375 0.6231306078125 0.43013972031250003 0.62013958125 0.4121756484375 0.6186440671875 0.3932135734375 0.6216350953124999 0.388223553125 0.62562313125 0.38622754531250003 0.6321036890625 0.38622754531250003 0.6405782656250001 0.39520958125 0.65004985 0.410179640625 0.6560319046875 0.42914171718749994 0.6575274171875 0.45109780468749994 0.653040878125 0.46307385156249997 0.642073778125
4 0.482035928125 0.7337986046875 0.45508982031249995 0.7462612156249999 0.457085828125 0.7532402796875 0.4760479046875 0.7627118640624999 0.5 0.7691924234374999 0.50798403125 0.767696909375 0.51097804375 0.7612163515625 0.51097804375 0.741276171875 0.5059880234375 0.7337986046875 0.482035928125 0.7337986046875
4 0.3473053890625 0.7347956124999999 0.35129740468750004 0.7183449656249999 0.34031936093750004 0.7118644062499999 0.30638722500000004 0.7008973078125 0.29041916093750003 0.6999002984375 0.28443113750000004 0.7018943171875 0.27445109843750004 0.7193419734375001 0.27944111718750003 0.721834496875 0.281437125 0.7318045859375 0.29041916093750003 0.737786640625 0.3033932140625 0.74376869375 0.3153692609375 0.74376869375 0.34031936093750004 0.7382851453125 0.3473053890625 0.7347956124999999
4 0.4091816375 0.7991026921875 0.39720558906250003 0.7986041875 0.391217565625 0.8040877375000001 0.391217565625 0.8105682953125 0.399201596875 0.8185443671874999 0.41516966093749996 0.8250249249999999 0.4231536921875 0.8275174484375001 0.4411177640625 0.82851445625 0.474051896875 0.8225324031250001 0.46506986093749997 0.817048853125 0.4091816375 0.7991026921875
4 0.7964071859375 0.6331006984374999 0.7924151703125 0.6345962109375 0.77644710625 0.6321036890625 0.7574850296875 0.6390827515625 0.7574850296875 0.65004985 0.7734530937499999 0.6575274171875 0.781437125 0.6585244265625 0.783433134375 0.654536390625 0.8003992015625 0.64656031875 0.8033932140625 0.638584246875 0.7964071859375 0.6331006984374999
4 0.474051896875 0.8773678968749999 0.468063871875 0.871884346875 0.43712574843749996 0.8579262218749999 0.42914171718749994 0.8564307078125 0.42514969999999996 0.8594217343749999 0.4221556890625 0.8574277171875 0.41816367187500003 0.8589232296875 0.406187625 0.8574277171875 0.40518962031249994 0.8589232296875 0.43712574843749996 0.8808574281249999 0.44910179687499996 0.885842471875 0.47305389218749994 0.8818544359375 0.474051896875 0.8773678968749999