3 0.6052434015625 0.581258240625 0.5897093953125 0.5655740437500001 0.562798946875 0.55986535625 0.5322064265625001 0.5613718546875 0.529002309375 0.5752504046875 0.5193191765625 0.5866250015625 0.5328284140624999 0.6023458203125001 0.554806659375 0.5988505625 0.5585247390625 0.6002130265625001 0.5740972171875 0.5982633500000001 0.6043222687500001 0.589614915625 0.6052434015625 0.581258240625
3 0.6653161875 0.6616655140625001 0.6985963984375 0.6572509703125 0.708315540625 0.6544540249999999 0.7136909203124999 0.648637928125 0.7134339390625 0.64101741875 0.7060722593750001 0.6292362687499999 0.694807534375 0.62562744375 0.67522275625 0.6231222578125 0.6635893328125 0.6254772562500001 0.6409121578125 0.6232662890625 0.6208481921875 0.6272034953125 0.616392715625 0.637768675 0.626294359375 0.651648459375 0.6362704828125 0.656472021875 0.652983834375 0.6583142890625 0.6653161875 0.6616655140625001
3 0.626319284375 0.7781779515625 0.6110050203124999 0.774642375 0.5962791984375 0.77729159375 0.5906828421875 0.7840648328125 0.5956522859375 0.7887406703125001 0.609236 0.79540526875 0.6159359921875 0.7969520828125 0.6262808140625 0.7958118234375 0.6353742734375001 0.791358190625 0.636479140625 0.7865724828125 0.626319284375 0.7781779515625
4 0.4539516453125 0.4374488 0.428550771875 0.42956823125000004 0.41717555937500006 0.42643797968749997 0.4049164546875 0.427136290625 0.39004290625000004 0.4347921921875 0.3901161546875 0.43884173281249994 0.4491250046875 0.4801893234375 0.47088104687500004 0.49075696718749995 0.4796070390625 0.4791613984375 0.46845403125 0.4619682421875 0.46646773281250004 0.44437099687500003 0.4539516453125 0.4374488
4 0.762595625 0.48047647343750005 0.744887890625 0.48294134218749996 0.7398439703124999 0.48732172812499996 0.7610103374999999 0.504810334375 0.77301123125 0.5095972734374999 0.781220796875 0.5089722078125 0.7897990625 0.5023833203125 0.7874440640625 0.49074989531249996 0.77588511875 0.4840486734375 0.762595625 0.48047647343750005
4 0.4241513015625 0.627663596875 0.424814221875 0.624792171875 0.4179677375 0.6151462765625 0.40633554375000003 0.6043955171875 0.3974270484375 0.5993143562500001 0.3805299625 0.5939011203125 0.361681353125 0.5925740484375 0.3560117515625 0.595297746875 0.352661140625 0.60107721875 0.350782865625 0.609212921875 0.357297890625 0.620294528125 0.37032917187500003 0.6293519812499999 0.3881834015625 0.6349861890625 0.4102348953125 0.6355404703125 0.4241513015625 0.627663596875
4 0.422007425 0.7199191125 0.3934024359375 0.7259170968750001 0.3937699046875 0.733059034375 0.40985634375 0.7463503765625 0.4313914125 0.7578751609375 0.43938000468749994 0.7582072359375001 0.4436877578125 0.7526487359375 0.44810722812500003 0.73350590625 0.44497882187500004 0.725222478125 0.422007425 0.7199191125
4 0.2925723484375 0.6910448265625 0.3000469765625 0.6761358859375 0.2909547484375 0.6674837578124999 0.2608426453125 0.6494421015625 0.24574935468749998 0.6449493828125 0.2395645578125 0.645537825 0.22612610625000001 0.660078065625 0.2303593796875 0.6635757875 0.230063928125 0.67358915 0.23735236093749998 0.6813207609374999 0.24846935781249999 0.6899362671875 0.25995505625000004 0.6925879484374999 0.28509894999999996 0.6928480078125 0.2925723484375 0.6910448265625
4 0.3376623296875 0.766480815625 0.32628711718750003 0.7633505609375 0.3193289140625 0.7672889984375 0.3178925859375 0.77351041875 0.3237819296875 0.7829353390625 0.337659865625 0.7926923359375 0.3447645640625 0.7968529765625 0.3617721375 0.8017876421875 0.39468365 0.80333691875 0.3872847296875 0.7960838796874999 0.3376623296875 0.766480815625
4 0.7458253312500001 0.6928544828125001 0.7416653046875 0.6934063 0.7269034734375001 0.6874778703125 0.7071709703125 0.6899793640625 0.7047402625 0.70050791875 0.718397225 0.7112220578125 0.72583338125 0.7139469875 0.7286315609375 0.7105603687500001 0.7466707546875 0.7066597859375 0.7513099671875 0.699665575 0.7458253312500001 0.6928544828125001
4 0.3825301046875 0.8559797031249999 0.3780026109375 0.8493895828125 0.351424853125 0.8291394234375 0.34409918125 0.825935921875 0.3396076953125 0.8279234531249999 0.3371782171875 0.82534625 0.333018190625 0.8258980671874999 0.321863953125 0.8218106734375 0.3205753515625 0.8230254109375 0.3463424625 0.8511536765625 0.3567232921875 0.8585910671875 0.3805785828125 0.860065865625 0.3825301046875 0.8559797031249999