3 0.58056640625 0.4599609375 0.5927734375 0.443359375 0.58447265625 0.4228515625 0.5849609375 0.4189453125 0.57958984375 0.404296875 0.564453125 0.376953125 0.55615234375 0.3779296875 0.54443359375 0.396484375 0.544921875 0.423828125 0.55322265625 0.453125 0.5673828125 0.453125 0.58056640625 0.4599609375
3 0.5888671875 0.333984375 0.59716796875 0.3525390625 0.6083984375 0.3544921875 0.61962890625 0.341796875 0.6220703125 0.3310546875 0.6201171875 0.314453125 0.62060546875 0.3017578125 0.60888671875 0.2705078125 0.60400390625 0.26171875 0.59716796875 0.2578125 0.58984375 0.259765625 0.580078125 0.26953125 0.5791015625 0.28125 0.5810546875 0.30078125 0.5859375 0.3115234375 0.5888671875 0.333984375
3 0.75927734375 0.3408203125 0.7626953125 0.326171875 0.7626953125 0.3193359375 0.75927734375 0.3095703125 0.7529296875 0.3017578125 0.748046875 0.3017578125 0.7421875 0.3134765625 0.7421875 0.3291015625 0.748046875 0.3427734375 0.755859375 0.3466796875 0.75927734375 0.3408203125
4 0.46630859375 0.6181640625 0.4931640625 0.5517578125 0.49853515625 0.5283203125 0.4853515625 0.5224609375 0.47119140625 0.537109375 0.45458984375 0.54296875 0.45068359375 0.556640625 0.44873046875 0.5830078125 0.4482421875 0.5947265625 0.45166015625 0.6064453125 0.46240234375 0.619140625 0.46630859375 0.6181640625
4 0.447265625 0.244140625 0.44921875 0.2314453125 0.44677734375 0.2236328125 0.4384765625 0.216796875 0.427734375 0.2216796875 0.423828125 0.234375 0.42333984375 0.248046875 0.4296875 0.2646484375 0.43505859375 0.2685546875 0.447265625 0.244140625
4 0.6318359375 0.6181640625 0.64013671875 0.6181640625 0.6494140625 0.609375 0.6552734375 0.5947265625 0.65673828125 0.576171875 0.65234375 0.5546875 0.6416015625 0.54296875 0.638671875 0.54296875 0.630859375 0.5517578125 0.623046875 0.5654296875 0.6201171875 0.5751953125 0.61865234375 0.5927734375 0.62158203125 0.611328125 0.62548828125 0.6162109375 0.6318359375 0.6181640625
4 0.759765625 0.5302734375 0.76611328125 0.5068359375 0.7646484375 0.4990234375 0.75830078125 0.49609375 0.73876953125 0.49609375 0.7314453125 0.5009765625 0.7314453125 0.5244140625 0.74365234375 0.55078125 0.75048828125 0.548828125 0.759765625 0.5302734375
4 0.7197265625 0.72265625 0.7294921875 0.720703125 0.7353515625 0.7119140625 0.7412109375 0.69921875 0.7412109375 0.6875 0.73583984375 0.6630859375 0.732421875 0.65625 0.71630859375 0.65234375 0.7099609375 0.6630859375 0.69921875 0.6962890625 0.6982421875 0.7119140625 0.7001953125 0.7177734375 0.71728515625 0.7275390625 0.7197265625 0.72265625
4 0.814453125 0.60546875 0.82080078125 0.58984375 0.8232421875 0.58203125 0.82421875 0.564453125 0.818359375 0.5322265625 0.81298828125 0.541015625 0.79541015625 0.595703125 0.794921875 0.607421875 0.80029296875 0.61328125 0.806640625 0.61328125 0.814453125 0.60546875
4 0.6494140625 0.2548828125 0.65673828125 0.2392578125 0.65771484375 0.2314453125 0.65380859375 0.2294921875 0.64599609375 0.212890625 0.63818359375 0.2099609375 0.6328125 0.216796875 0.63427734375 0.220703125 0.6318359375 0.236328125 0.638671875 0.2548828125 0.6494140625 0.2548828125
4 0.85400390625 0.5869140625 0.8525390625 0.5986328125 0.85400390625 0.599609375 0.87548828125 0.568359375 0.88037109375 0.556640625 0.87646484375 0.533203125 0.8720703125 0.5322265625 0.86669921875 0.5380859375 0.85302734375 0.568359375 0.8515625 0.576171875 0.8544921875 0.580078125 0.8525390625 0.5830078125 0.85400390625 0.5869140625