2 0.377385634375 0.7728317984374999 0.38970816875000003 0.786436378125 0.3931000796875 0.7834878375 0.398235996875 0.78597079375 0.40384860937499995 0.804415715625 0.40725162656249997 0.8089013125 0.43314179687500004 0.8107117296874999 0.44737448124999996 0.789406890625 0.44992022187499997 0.77578009375 0.44952853125000003 0.7661955234375 0.45148311718749995 0.7610226578125 0.4685054453125 0.7377890734375 0.4724885109375 0.7263866 0.47116565 0.6997463749999999 0.46307008125 0.6864373734375 0.470962315625 0.6646891671875 0.4700422546875 0.6550676515625 0.464514646875 0.6430001265625 0.46529415937499996 0.6090735546875 0.4566924390625 0.61059588125 0.4467161796875 0.601403003125 0.4364110140625 0.5741346765625 0.43706495624999997 0.5571898625 0.43237240625 0.5483664578125 0.42375957499999994 0.542454646875 0.392227334375 0.552992603125 0.3780574359375 0.5658065609375 0.373841578125 0.5729451203125 0.3669432984375 0.6032581015625 0.3588071609375 0.6133082546875 0.3548979921875 0.6236539875 0.3394607765625 0.6469984140625 0.3329947546875 0.66353680625 0.331051278125 0.6761438109375 0.32479583125 0.682077840625 0.3233807265625 0.6947217921875 0.32537974687500004 0.719285478125 0.3348387453125 0.7358755484375 0.340883615625 0.74054588125 0.343843265625 0.751371928125 0.342660953125 0.76827979375 0.3395018359375 0.7754922484375 0.3397346296875 0.7797561625 0.36439805000000003 0.7687378921875 0.377385634375 0.7728317984374999
2 0.5265001671875 0.6069820421875 0.515489384375 0.612583546875 0.49845594843749996 0.6283829921875 0.4966713703125 0.646310653125 0.5034885124999999 0.6627159859375 0.5087722203125 0.663085459375 0.5187040453125 0.642541784375 0.522402640625 0.642800415625 0.5432085671875 0.6262028578125001 0.5508791203125 0.6076248765625001 0.5518397484374999 0.5938872359375 0.5434374937500001 0.5773710609375 0.5265001671875 0.6069820421875
2 0.549744615625 0.5555120125 0.552187003125 0.5737352515625 0.557038453125 0.5878793109375 0.563378903125 0.5883226796875001 0.5699188171875 0.5707275453125 0.572885709375 0.5358920203124999 0.5640400859375 0.5257162953125001 0.560722071875 0.52760809375 0.5527448328125 0.5429789031250001 0.549744615625 0.5555120125
2 0.6814311390625 0.6464874093749999 0.6699769875 0.6584293625 0.6636920828124999 0.6951566875 0.65336856875 0.7061157921875 0.6448629578125 0.721449653125 0.6432889546875 0.72877295 0.6464813984375 0.7438629109375 0.66066240625 0.7384830906250001 0.6786047953125001 0.7248710218750001 0.7081491234375 0.6972035156249999 0.71089433125 0.665538215625 0.7051450390625 0.6566409171875 0.6932141953125 0.652620903125 0.685732 0.6457262453125 0.6814311390625 0.6464874093749999
2 0.5729562296874999 0.633592559375 0.578092146875 0.6360755171875 0.586228284375 0.6260253609374999 0.5881717609375 0.6134183578125 0.5857404828125 0.6026292578125 0.579167240625 0.597921978125 0.5723095296875 0.6048758015625 0.5708944234375 0.6175197531250001 0.5729562296874999 0.633592559375
4 0.4234779875 0.303505478125 0.4138306328125 0.3123880484375 0.41059762343750006 0.32065724375000004 0.4092564125 0.33224445468749997 0.41039815625 0.3386957453125 0.413505596875 0.347408309375 0.4189482015625 0.3530984359375 0.43524269374999996 0.34786640625 0.44246987656250003 0.335628875 0.443208821875 0.325061459375 0.44047085625 0.3110651875 0.43207970937500007 0.30198315 0.4234779875 0.303505478125
4 0.37162038124999996 0.399698665625 0.373767190625 0.4221488703125 0.3802665390625 0.42791289375 0.3886465765625 0.4295607921875 0.3967088203125 0.42056737968749996 0.3991806671875 0.40799732187500004 0.394602578125 0.37475801875000003 0.379882090625 0.37266675312499997 0.3732571703125 0.38388449062499996 0.37162038124999996 0.399698665625
4 0.3644260328125 0.282385621875 0.3706186921875 0.284942471875 0.3762718734375 0.2800282375 0.3759540765625 0.2693869265625 0.3723921609375 0.259580675 0.36793240312500003 0.25502118125 0.3634098578125 0.2589525703125 0.3619947515625 0.271596521875 0.3644260328125 0.282385621875
4 0.32255241875 0.493963109375 0.324222534375 0.500451346875 0.3308696703125 0.5041018875 0.33721011875 0.5045452546875 0.3439200421875 0.4997049140625 0.36018120625 0.4721704671875 0.360096203125 0.465793071875 0.358130509375 0.4635317984375 0.32363861875 0.46324370937500003 0.32255241875 0.493963109375
4 0.380547634375 0.5150090703125 0.3776102 0.5190513 0.381478803125 0.532064725 0.39107448125 0.539107171875 0.40313089687500003 0.5261454249999999 0.406626159375 0.4913468484375 0.4027575578125 0.4783334234375 0.3940708328125 0.473478353125 0.3837695359375 0.49930573593750005 0.380547634375 0.5150090703125
4 0.437079440625 0.4658667203125 0.4353576484375 0.4753035 0.4365732875 0.48069805 0.442555371875 0.4938592625 0.4461061796875 0.4962313765625 0.455923540625 0.5001036 0.465127528125 0.4975614796875 0.471139071875 0.47992939687499997 0.47158244062500004 0.4735889484375 0.46621372968749997 0.466842078125 0.437079440625 0.4658667203125
4 0.2003736859375 0.6542630375 0.21228231250000001 0.6434147734375 0.21072666093749998 0.6125106375 0.19684123125 0.613663490625 0.1801772671875 0.624179228125 0.181256225 0.6391214 0.18844284218750001 0.650243025 0.2003736859375 0.6542630375
4 0.12237378437499999 0.47890334687499997 0.1186124015625 0.48713559531249995 0.11541271718749999 0.51770720625 0.11598552499999999 0.5474807078125 0.12105865625000001 0.55845454375 0.128001371875 0.557878115625 0.1298820625 0.5537619921875 0.1344118484375 0.5041690328125 0.1401794921875 0.47483889843749993 0.139418328125 0.47053803906249997 0.12660074999999998 0.47919892500000005 0.12237378437499999 0.47890334687499997
4 0.0650214015625 0.4334784359375 0.0648108265625 0.4440827984375 0.0706451234375 0.45935749374999996 0.0870246171875 0.46050286093750004 0.09479128125 0.45573641406250004 0.09311005781250001 0.44181403750000003 0.0831226890625 0.42518702187499996 0.07421428125 0.42350217656250005 0.0668281984375 0.4304190515625 0.0650214015625 0.4334784359375
4 0.042390328125 0.49136280781249997 0.0500314203125 0.5035781218750001 0.059468200000000006 0.5052999140625001 0.06670649375 0.5004965218749999 0.069178340625 0.4879264640625 0.067190428125 0.470796915625 0.0643157828125 0.46634826562500004 0.047334021875 0.46622269375 0.041987529687500004 0.47434410156249995 0.042390328125 0.49136280781249997
4 0.7762934875 0.4895868765625 0.7773613390625 0.497094909375 0.7828778375 0.5017282953125 0.796996059375 0.5048393546875001 0.8054388843750001 0.49799637499999994 0.8040532375 0.47984703125 0.7957248765625 0.4622741140625 0.786214203125 0.4616090625 0.782452821875 0.4698413125 0.7762934875 0.4895868765625