2 0.633431409375 0.7723270656250001 0.6315280796875 0.7594117859375 0.6249073171874999 0.75354999375 0.6224640734375 0.7406914640625 0.615247046875 0.7239629046875 0.5985960640625 0.7005752859375 0.5942204015625 0.6901057484375 0.5855254249999999 0.680090190625 0.577371278125 0.64925185625 0.572796553125 0.642082071875 0.557821665625 0.6294477281249999 0.5251432296874999 0.6197670421875 0.5165327796875 0.62613675625 0.5120425796875 0.6353522468749999 0.513320553125 0.652705028125 0.5037429734375001 0.681035265625 0.493853634375 0.6908182265625 0.48498777187500003 0.6895641796875001 0.4870038 0.7243264859375 0.481774628125 0.7368984765625 0.481177446875 0.7467977375 0.4900423921875 0.7688178140625 0.4822272671875 0.7827545421875 0.48182822812500004 0.8101200765625001 0.4863175109375 0.821670615625 0.5045882328125 0.8448879921874999 0.506776065625 0.8501227609375 0.5067187984375 0.8599652734375001 0.5098155734375001 0.873848059375 0.5251594890625 0.8951871671875 0.5516152828124999 0.8924065515624999 0.5549402109375 0.8876853140625001 0.5600275906250001 0.8685705640625001 0.565199496875 0.8658410859375 0.568779834375 0.868743609375 0.580914275 0.8543529031249999 0.594071275 0.8496912140624999 0.619730828125 0.8601096125 0.61981626875 0.8557288578125 0.6163213734374999 0.848445578125 0.6145034875000001 0.831149546875 0.6171467078124999 0.8199422953125 0.62317120625 0.81493731875 0.632265221875 0.79758734375 0.633431409375 0.7723270656250001
2 0.45418265625 0.7288690734375 0.4517112359375 0.710548784375 0.433695925 0.6949551703125 0.42221593437499993 0.689604103125 0.40380341875000003 0.6598439671875 0.3957892328125 0.677080446875 0.3972662640625 0.691133475 0.40579035625 0.7099105453125001 0.42769868593749993 0.7261879312499999 0.431478084375 0.7257907 0.44238906875 0.746502784375 0.4477882109375 0.7459353125 0.45418265625 0.7288690734375
2 0.396558215625 0.6376536484375 0.39303514375000004 0.6249086125 0.3843119921875 0.6094312953125 0.3808452703125 0.607609775 0.372149378125 0.6183602453125 0.37643868125 0.6539765656250001 0.3837693265625 0.671786128125 0.39024829687499996 0.6711051609375 0.39471032031250003 0.6564279140625 0.396558215625 0.6376536484375
2 0.30695330468750004 0.8186636765624999 0.30507815312500003 0.8112101578124999 0.2958150859375 0.7957895890625 0.284846834375 0.7849200171875 0.2770908078125 0.7474821765625 0.264929109375 0.735645096875 0.2604961796875 0.735018071875 0.253079175 0.7423552921875001 0.24100200156249998 0.7469034875 0.23543197500000002 0.7562324703125001 0.239380425 0.7886057859375 0.27063726250000003 0.815922984375 0.2895051671875 0.8292411015625 0.30422464374999997 0.834251684375 0.30695330468750004 0.8186636765624999
2 0.37711855625 0.701994634375 0.3752152265625 0.6890793578125 0.36794093125 0.6821933109375 0.3613765203125 0.68725503125 0.3592732125 0.6984055359375 0.36171645625000004 0.7112640671875 0.3704114328125 0.721279625 0.37558333906249997 0.71855015 0.37711855625 0.701994634375
4 0.532455784375 0.4036885375 0.5306660734374999 0.3918542625 0.527057559375 0.3834899828125 0.51685645625 0.3747256671875 0.5079905953125 0.37347162031250003 0.499720996875 0.3830843390625 0.49741862968749995 0.3975345984375 0.498554809375 0.4083446171875 0.50639719375 0.42063567500000004 0.5232763265625 0.4254192703125 0.5286472921875001 0.419390040625 0.5315177484375 0.41034479218750003 0.532455784375 0.4036885375
4 0.5734292437499999 0.47151634375 0.5711850609375 0.45535805937499996 0.5639962078125 0.44409125781250003 0.5489922296875 0.44676118281250005 0.5454955 0.48100996093750004 0.54847865625 0.49381174375 0.5570600156250001 0.5027463 0.5655850250000001 0.5007573421875 0.5720358203125 0.4946146171875 0.5734292437499999 0.47151634375
4 0.5786920906249999 0.3398099421875 0.5767887625 0.32689466562499997 0.572014978125 0.323024634375 0.567610221875 0.32785936875 0.56431346875 0.3380423640625 0.5643698203125 0.34896587968750004 0.5703370515625 0.3538034171875 0.5765887859375 0.350960446875 0.5786920906249999 0.3398099421875
4 0.6270752234375 0.5664287531250001 0.62486013125 0.5349661984375 0.5895384765625 0.536492765625 0.5876060546875 0.5388817593749999 0.5877478484374999 0.54542451875 0.6053932140625 0.573079396875 0.6124402734375 0.577803440625 0.6189192421875 0.5771224734375 0.6255972734374999 0.573141753125 0.6270752234375 0.5664287531250001
4 0.568422721875 0.590080478125 0.564558796875 0.5740924374999999 0.5530797234375 0.5479753421875 0.544355653125 0.553264053125 0.540859840625 0.566746803125 0.545689059375 0.6023063765625001 0.558504290625 0.6151677109375 0.5680809515624999 0.6076035 0.5715767656249999 0.59412075 0.568422721875 0.590080478125
4 0.5108528 0.551320625 0.5087504109375 0.541705103125 0.47894151406249996 0.5437452 0.47368416562500004 0.5508554328125 0.474365871875 0.5573414453125001 0.4811566046875 0.5752077546875001 0.49067599843750004 0.5774860562499999 0.5005935140625 0.573164853125 0.504145678125 0.5706056171875 0.509801146875 0.556895878125 0.5108528 0.551320625
4 0.7770222359375001 0.710238478125 0.777591240625 0.6948774609374999 0.7601440203125 0.68468885625 0.745879015625 0.6840022796875 0.7453945359375 0.7157485703125 0.7579825296875 0.7264478999999999 0.7700597 0.7218997078125 0.7770222359375001 0.710238478125
4 0.84011225 0.583383634375 0.835737503125 0.55214806875 0.8315890749999999 0.5438405375 0.8272697625 0.5442945156250001 0.8138291750000001 0.5358706828125 0.8132038171874999 0.5403081859375 0.8201645171875 0.5701790124999999 0.8265843875 0.620872615625 0.8286586015624999 0.62502638125 0.8357911046875 0.62536966875 0.8405939796874999 0.613935428125 0.84011225 0.583383634375
4 0.888708190625 0.49521226875 0.8867475953125 0.49213950312500004 0.8789333859375 0.48531020312499995 0.8698684625 0.487355909375 0.8602345328125001 0.5047626328125 0.8590119953125 0.5190993953125 0.8671388828125 0.52370994375 0.8838762234375 0.521950778125 0.88930445625 0.506079034375 0.888708190625 0.49521226875
4 0.9139677890625 0.553762228125 0.9137696468750001 0.5362959546875 0.9080014750000001 0.5281586625 0.890610603125 0.5288935734375 0.8878255906250001 0.5335580656250001 0.8864039921875 0.5511945828125 0.8893871484375 0.563996365625 0.8969741234375 0.5686636609375 0.9065789609375001 0.5665612062500001 0.9139677890625 0.553762228125
4 0.162125515625 0.578136846875 0.15510754843750002 0.5581085328125 0.1509591203125 0.549801 0.14124066562499998 0.55082245 0.1333400953125 0.569139934375 0.13257202968749998 0.58780070625 0.14146606875 0.5945165109375 0.1558165140625 0.5908223312499999 0.1613010984375 0.585874103125 0.162125515625 0.578136846875