2 0.4033203125 0.7509765625 0.40673828125 0.7607421875 0.40673828125 0.7763671875 0.404296875 0.783203125 0.40478515625 0.787109375 0.4267578125 0.775390625 0.43896484375 0.7783203125 0.451171875 0.7900390625 0.4541015625 0.787109375 0.458984375 0.7890625 0.46533203125 0.8056640625 0.46875 0.8095703125 0.49267578125 0.8095703125 0.50439453125 0.7890625 0.505859375 0.7763671875 0.5048828125 0.767578125 0.50634765625 0.7626953125 0.5205078125 0.740234375 0.5234375 0.7294921875 0.5205078125 0.705078125 0.51220703125 0.693359375 0.51806640625 0.6728515625 0.5166015625 0.6640625 0.5107421875 0.6533203125 0.50927734375 0.6220703125 0.50146484375 0.6240234375 0.49169921875 0.6162109375 0.48046875 0.591796875 0.47998046875 0.576171875 0.47509765625 0.568359375 0.466796875 0.5634765625 0.4384765625 0.5751953125 0.42626953125 0.587890625 0.4228515625 0.5947265625 0.41845703125 0.623046875 0.41162109375 0.6328125 0.40869140625 0.642578125 0.39599609375 0.6650390625 0.39111328125 0.6806640625 0.39013671875 0.6923828125 0.384765625 0.6982421875 0.38427734375 0.7099609375 0.3876953125 0.732421875 0.3974609375 0.7470703125 0.4033203125 0.7509765625
2 0.560546875 0.6494140625 0.56396484375 0.6494140625 0.58203125 0.6328125 0.587890625 0.615234375 0.587890625 0.6025390625 0.5791015625 0.587890625 0.5654296875 0.6162109375 0.5556640625 0.6220703125 0.541015625 0.6376953125 0.54052734375 0.654296875 0.5478515625 0.6689453125 0.552734375 0.6689453125 0.560546875 0.6494140625
2 0.59814453125 0.5966796875 0.60302734375 0.580078125 0.603515625 0.5478515625 0.5947265625 0.5390625 0.591796875 0.541015625 0.58544921875 0.5556640625 0.58349609375 0.5673828125 0.5869140625 0.583984375 0.59228515625 0.5966796875 0.59814453125 0.5966796875
2 0.712890625 0.71484375 0.73828125 0.6875 0.73876953125 0.658203125 0.73291015625 0.650390625 0.7216796875 0.6474609375 0.71435546875 0.6416015625 0.71044921875 0.642578125 0.70068359375 0.654296875 0.697265625 0.6884765625 0.6884765625 0.69921875 0.681640625 0.7138671875 0.6806640625 0.720703125 0.6845703125 0.734375 0.697265625 0.728515625 0.712890625 0.71484375
2 0.62158203125 0.6298828125 0.62255859375 0.6181640625 0.61962890625 0.6083984375 0.61328125 0.6044921875 0.607421875 0.611328125 0.60693359375 0.623046875 0.60986328125 0.6376953125 0.61474609375 0.6396484375 0.62158203125 0.6298828125
4 0.4501953125 0.3896484375 0.46484375 0.3837890625 0.470703125 0.3720703125 0.470703125 0.3623046875 0.46728515625 0.349609375 0.458984375 0.341796875 0.451171875 0.34375 0.44287109375 0.3525390625 0.4404296875 0.3603515625 0.43994140625 0.37109375 0.44140625 0.376953125 0.44482421875 0.384765625 0.4501953125 0.3896484375
4 0.42724609375 0.4619140625 0.43408203125 0.453125 0.435546875 0.44140625 0.42919921875 0.4111328125 0.41552734375 0.41015625 0.41015625 0.4208984375 0.40966796875 0.435546875 0.4130859375 0.4560546875 0.41943359375 0.4609375 0.42724609375 0.4619140625
4 0.40625 0.3251953125 0.4052734375 0.3154296875 0.4013671875 0.306640625 0.39697265625 0.302734375 0.39306640625 0.306640625 0.392578125 0.318359375 0.3955078125 0.328125 0.4013671875 0.330078125 0.40625 0.3251953125
4 0.384765625 0.5341796875 0.390625 0.529296875 0.40380859375 0.5029296875 0.4033203125 0.4970703125 0.4013671875 0.4951171875 0.36962890625 0.4970703125 0.37060546875 0.525390625 0.37255859375 0.53125 0.37890625 0.5341796875 0.384765625 0.5341796875
4 0.4365234375 0.5625 0.44677734375 0.5498046875 0.44775390625 0.517578125 0.443359375 0.505859375 0.43505859375 0.501953125 0.42724609375 0.5263671875 0.42529296875 0.541015625 0.4228515625 0.544921875 0.42724609375 0.556640625 0.4365234375 0.5625
4 0.484375 0.51953125 0.49365234375 0.5224609375 0.501953125 0.51953125 0.50634765625 0.5029296875 0.50634765625 0.4970703125 0.5009765625 0.4912109375 0.47412109375 0.4921875 0.47314453125 0.5009765625 0.474609375 0.505859375 0.48095703125 0.517578125 0.484375 0.51953125
4 0.27880859375 0.669921875 0.275390625 0.6416015625 0.2626953125 0.6435546875 0.248046875 0.654296875 0.25 0.66796875 0.25732421875 0.677734375 0.2685546875 0.6806640625 0.27880859375 0.669921875
4 0.19580078125 0.5966796875 0.197265625 0.5927734375 0.1982421875 0.546875 0.20166015625 0.51953125 0.20068359375 0.515625 0.189453125 0.5244140625 0.185546875 0.5244140625 0.1826171875 0.5322265625 0.181640625 0.560546875 0.18408203125 0.587890625 0.189453125 0.59765625 0.19580078125 0.5966796875
4 0.15185546875 0.509765625 0.15869140625 0.5048828125 0.15625 0.4921875 0.14599609375 0.4775390625 0.1376953125 0.4765625 0.13134765625 0.4833984375 0.1298828125 0.486328125 0.13037109375 0.49609375 0.13671875 0.509765625 0.15185546875 0.509765625
4 0.1357421875 0.5478515625 0.13720703125 0.5361328125 0.13427734375 0.5205078125 0.13134765625 0.5166015625 0.11572265625 0.517578125 0.111328125 0.525390625 0.11279296875 0.541015625 0.12060546875 0.5517578125 0.12939453125 0.552734375 0.1357421875 0.5478515625
4 0.8076171875 0.5048828125 0.81494140625 0.498046875 0.8125 0.4814453125 0.8037109375 0.4658203125 0.794921875 0.4658203125 0.7919921875 0.4736328125 0.78759765625 0.4921875 0.7890625 0.4990234375 0.79443359375 0.5029296875 0.8076171875 0.5048828125