3 0.126953125 0.5380859375 0.13232421875 0.529296875 0.1318359375 0.5146484375 0.13427734375 0.5068359375 0.14111328125 0.51171875 0.15869140625 0.509765625 0.14990234375 0.5078125 0.138671875 0.5 0.134765625 0.50390625 0.13037109375 0.5029296875 0.12548828125 0.4970703125 0.1201171875 0.5068359375 0.11181640625 0.5146484375 0.1103515625 0.521484375 0.1123046875 0.533203125 0.12353515625 0.5390625 0.126953125 0.5380859375
4 0.35693359375 0.8056640625 0.36767578125 0.810546875 0.37353515625 0.8076171875 0.376953125 0.8017578125 0.37939453125 0.7919921875 0.37841796875 0.77734375 0.36181640625 0.763671875 0.349609375 0.759765625 0.34619140625 0.763671875 0.3427734375 0.775390625 0.3427734375 0.7900390625 0.3447265625 0.794921875 0.35693359375 0.8056640625
4 0.2607421875 0.693359375 0.263671875 0.6787109375 0.2626953125 0.66796875 0.2578125 0.6552734375 0.2470703125 0.65625 0.23828125 0.6689453125 0.23681640625 0.6728515625 0.23828125 0.677734375 0.25537109375 0.6982421875 0.2607421875 0.693359375
4 0.517578125 0.44921875 0.52685546875 0.470703125 0.541015625 0.4697265625 0.54541015625 0.462890625 0.548828125 0.451171875 0.55126953125 0.431640625 0.55029296875 0.4267578125 0.5537109375 0.4169921875 0.55078125 0.4111328125 0.556640625 0.4033203125 0.54296875 0.37109375 0.53271484375 0.361328125 0.529296875 0.369140625 0.521484375 0.3701171875 0.51220703125 0.3818359375 0.5107421875 0.3876953125 0.5107421875 0.408203125 0.51318359375 0.4462890625 0.517578125 0.44921875
4 0.5986328125 0.5087890625 0.59912109375 0.5 0.5888671875 0.470703125 0.57568359375 0.4462890625 0.56787109375 0.4462890625 0.5654296875 0.4501953125 0.56494140625 0.45703125 0.560546875 0.458984375 0.55859375 0.46484375 0.55712890625 0.482421875 0.55908203125 0.5107421875 0.56884765625 0.513671875 0.5986328125 0.5087890625
4 0.63134765625 0.7294921875 0.64208984375 0.7236328125 0.63916015625 0.7158203125 0.638671875 0.697265625 0.63720703125 0.6943359375 0.6435546875 0.6806640625 0.6435546875 0.6728515625 0.6396484375 0.658203125 0.64111328125 0.654296875 0.638671875 0.6533203125 0.6328125 0.640625 0.6279296875 0.63671875 0.623046875 0.63671875 0.61572265625 0.64453125 0.6064453125 0.6484375 0.603515625 0.6533203125 0.6044921875 0.6572265625 0.5908203125 0.6845703125 0.58544921875 0.7060546875 0.5810546875 0.7158203125 0.5791015625 0.732421875 0.58544921875 0.736328125 0.607421875 0.73046875 0.63134765625 0.7294921875
4 0.666015625 0.6943359375 0.681640625 0.662109375 0.681640625 0.6552734375 0.677734375 0.646484375 0.68115234375 0.6376953125 0.67578125 0.6298828125 0.67431640625 0.62109375 0.6708984375 0.623046875 0.64599609375 0.681640625 0.6474609375 0.6923828125 0.6533203125 0.6982421875 0.662109375 0.693359375 0.666015625 0.6943359375
4 0.60205078125 0.484375 0.62109375 0.486328125 0.62744140625 0.4833984375 0.634765625 0.47265625 0.63623046875 0.458984375 0.63330078125 0.4462890625 0.634765625 0.4423828125 0.63037109375 0.435546875 0.630859375 0.4306640625 0.62890625 0.427734375 0.63134765625 0.41796875 0.62109375 0.4033203125 0.60595703125 0.400390625 0.59765625 0.404296875 0.59033203125 0.4150390625 0.5908203125 0.423828125 0.58837890625 0.443359375 0.587890625 0.4599609375 0.5908203125 0.47265625 0.59521484375 0.4736328125 0.60205078125 0.484375
4 0.64892578125 0.4423828125 0.66552734375 0.4814453125 0.66943359375 0.486328125 0.677734375 0.4873046875 0.681640625 0.4912109375 0.6884765625 0.482421875 0.69482421875 0.4794921875 0.7001953125 0.470703125 0.70166015625 0.4560546875 0.6982421875 0.4404296875 0.70068359375 0.431640625 0.69921875 0.4248046875 0.6513671875 0.3515625 0.623046875 0.3310546875 0.6123046875 0.3359375 0.6064453125 0.3447265625 0.60595703125 0.3525390625 0.60791015625 0.3603515625 0.6416015625 0.4345703125 0.64892578125 0.4423828125
4 0.69189453125 0.6015625 0.69287109375 0.6044921875 0.697265625 0.607421875 0.69970703125 0.61328125 0.69970703125 0.623046875 0.6953125 0.6396484375 0.6962890625 0.6494140625 0.72119140625 0.6552734375 0.73583984375 0.6484375 0.740234375 0.642578125 0.7373046875 0.6376953125 0.736328125 0.626953125 0.74169921875 0.62109375 0.74169921875 0.61328125 0.73388671875 0.58984375 0.73486328125 0.5791015625 0.73779296875 0.5712890625 0.7373046875 0.54296875 0.73876953125 0.5283203125 0.7373046875 0.5244140625 0.73193359375 0.51953125 0.71142578125 0.5234375 0.70361328125 0.548828125 0.69287109375 0.572265625 0.69140625 0.5859375 0.6884765625 0.591796875 0.693359375 0.599609375 0.69189453125 0.6015625
4 0.759765625 0.564453125 0.759765625 0.5751953125 0.76318359375 0.580078125 0.763671875 0.58984375 0.77197265625 0.587890625 0.77392578125 0.591796875 0.77978515625 0.58984375 0.78662109375 0.5947265625 0.79052734375 0.59375 0.79296875 0.5888671875 0.798828125 0.5869140625 0.81396484375 0.5634765625 0.81396484375 0.552734375 0.81201171875 0.5498046875 0.81103515625 0.5400390625 0.80419921875 0.5341796875 0.80517578125 0.5302734375 0.81005859375 0.53125 0.81103515625 0.5244140625 0.8076171875 0.5234375 0.802734375 0.5146484375 0.7890625 0.51171875 0.75537109375 0.517578125 0.75244140625 0.5205078125 0.75390625 0.556640625 0.755859375 0.5625 0.759765625 0.564453125