3 0.1107837609375 0.5374668984375 0.098089871875 0.5307672343750001 0.0945215234375 0.5353345109375 0.08982036875 0.53487945625 0.08398640625 0.52940206875 0.07964182656249999 0.5402583625 0.0719966546875 0.5494553484375 0.0713452890625 0.55676131875 0.0748775875 0.5687150234375 0.0873217453125 0.57338078125 0.09075621406249999 0.5719267968749999 0.0952256609375 0.5620874546875 0.0928441921875 0.54689559375 0.0943876453125 0.538447803125 0.102130646875 0.54265850625 0.12018606875 0.538377009375 0.1107837609375 0.5374668984375
4 0.36417749375 0.776812640625 0.3509661140625 0.7743056546875 0.34790624375 0.7788105 0.3458453015625 0.791450965625 0.34771829374999996 0.8067052625000001 0.35037653125 0.81154029375 0.3644619703125 0.8211659515624999 0.376272784375 0.8248771874999999 0.3819999046875 0.8210771328125 0.38481004375 0.8145383828125 0.3861037640625 0.8040566874999999 0.3832138203125 0.7889272593750001 0.36417749375 0.776812640625
4 0.2223949546875 0.6982188734375 0.224544715625 0.7031163406250001 0.2449635828125 0.7222871953125 0.2499324921875 0.7165156671874999 0.25111035937500004 0.7008867734375 0.2487198796875 0.6898251578125 0.2420118546875 0.677229096875 0.23095023750000002 0.679619578125 0.2234209203125 0.6939637624999999 0.2223949546875 0.6982188734375
4 0.5173706109375 0.4018646828125 0.5196812859375 0.39125812187500003 0.515881228125 0.385531003125 0.52098401875 0.3766461828125 0.50262609375 0.3448348578125 0.49069942656250004 0.335976421875 0.48813901875 0.344549078125 0.4801282609375 0.3465649609375 0.47196560156249995 0.3599546234375 0.47118936875 0.366243640625 0.4738115578125 0.3875996546875 0.48122371875000003 0.4269486578125 0.4861746046875 0.4294376203125 0.4985827140625 0.45062435624999997 0.5132036656250001 0.4477968453125 0.5169058921875 0.4401162765625 0.518966834375 0.427475809375 0.51901189375 0.4068245828125 0.5173706109375 0.4018646828125
4 0.53649575625 0.4315172359375 0.5321692 0.43411304062499995 0.530884490625 0.440464490625 0.531606653125 0.45895694374999996 0.537261675 0.48819884843750005 0.5478058046875 0.49000104687499996 0.578198540625 0.481107865625 0.577583221875 0.47189285312499996 0.56315923125 0.44269535781249997 0.5463087125 0.4189572265625 0.5381730874999999 0.41995615468749997 0.5361301703125 0.42433613125 0.53649575625 0.4315172359375
4 0.6459558890625 0.64621213125 0.6400150859375 0.6314573 0.64104105 0.6272021890625 0.6383738015625 0.6264974015625 0.630648825 0.6140262078125 0.62506459375 0.6105827265625 0.6199798296875 0.6112070578125001 0.6133516109375 0.620279178125 0.604190021875 0.6255332171875 0.6017634937499999 0.63099258125 0.6032799109375 0.634935528125 0.5925388203125 0.6651583390625 0.5896926328125 0.68821806875 0.58636500625 0.6989494953125 0.586453825 0.7164874296875 0.5935634828125 0.7197436125000001 0.6156957296875001 0.71083240625 0.6404862125 0.7067562328125 0.6509235 0.6992809875 0.6468737109375 0.6915199609375 0.643992778125 0.6722602875 0.64209275 0.669396728125 0.64695481875 0.6543477546875 0.6459558890625 0.64621213125
4 0.6713720046875 0.5883803375000001 0.6680624015625 0.590851275 0.6496220671875 0.6550525421875 0.6525210234375 0.6660517265625 0.6593719390625 0.671404246875 0.6679001859375 0.6651956875 0.672092865625 0.6657131765625001 0.6842435296875 0.6301558671875 0.6833694671874999 0.623037196875 0.6781778593750001 0.6143840843749999 0.6806134 0.6047944765625 0.6740212296875 0.597345615625 0.6713720046875 0.5883803375000001
4 0.60733490625 0.40733501250000004 0.601884553125 0.4007782390625 0.6017686999999999 0.395631040625 0.5993601953125001 0.3928299140625 0.6006539171874999 0.3823482171875 0.5881029171875001 0.3684050171875 0.5719655484375 0.3672895828125 0.5638209109375001 0.37241875625 0.557567290625 0.38454173593749996 0.5591995625 0.3936318796875 0.559154503125 0.41428310625 0.56076875 0.431633740625 0.56544286875 0.4444795328125 0.570144025 0.4449345875 0.5786362234375 0.45524700781250005 0.5987165390625 0.45484602343749997 0.6049521343750001 0.450983534375 0.6112057562500001 0.43886055625 0.610983059375 0.4244359140625 0.6063089421875001 0.4115901234375 0.60733490625 0.40733501250000004
4 0.6746224296875 0.4382999609375 0.679091875 0.42846061874999997 0.6787443140625 0.413019025 0.6731871203125 0.3971848078125 0.6746057078125001 0.387720065625 0.6722062156249999 0.3807886921875 0.61301055625 0.31063565625 0.58089673125 0.2929007609375 0.570334578125 0.299359053125 0.56535665625 0.3092608265625 0.5658471078125 0.31745888437500003 0.5688799421875 0.32534477812499996 0.6134546484375 0.398325325 0.622080725 0.40552445312499996 0.644363571875 0.44407984999999994 0.6490557140625001 0.44866514999999996 0.6578246812499999 0.448620740625 0.6623919578125 0.45218908906250005 0.668386834375 0.44216245 0.6746224296875 0.4382999609375
4 0.697874565625 0.6150624875 0.7245560640625001 0.61798011875 0.7389362984375001 0.6089884546875 0.7427633890625 0.6023248390625 0.7390882000000001 0.5976146734375 0.73669771875 0.58655305625 0.7415417640624999 0.579764575 0.740542834375 0.57162895 0.7294104234375001 0.54822100625 0.7290538484375 0.53690965625 0.7311057796875 0.528399434375 0.726976184375 0.49897022968750004 0.7266286234375 0.4835286359375 0.724603728125 0.47964812187500006 0.71838615625 0.4752501203125 0.6975296078125 0.481940121875 0.6926405015625 0.5093798296875 0.68445080625 0.535160228125 0.6846735015625 0.5495848703124999 0.682371840625 0.5560611875 0.688455534375 0.56357248125 0.6871798375 0.5657936875 0.6885713890625 0.5687196796875 0.6935222750000001 0.571208640625 0.6968138546875 0.5769981937499999 0.698062515625 0.5871677234375 0.6956089515625 0.6050178234375 0.697874565625 0.6150624875
4 0.7772072156250001 0.5423522984375 0.7849502171875 0.5465630015625 0.7888931640625 0.5450465828125 0.7908112140625 0.5396496515625 0.7966632 0.5368665499999999 0.8094291859375 0.5105242515625 0.8080556578125 0.49933776874999997 0.8056471546875 0.49653664218750004 0.803381540625 0.486491978125 0.795513671875 0.4812643234375 0.7960311609375 0.47707164375 0.8012407906250001 0.4774642671875 0.8013836812499999 0.47022072968749995 0.7976994796875 0.46964080781249995 0.79149091875 0.46111256093749997 0.776878978125 0.45980982812500004 0.742543296875 0.47021942812499995 0.7398670359375 0.47364488437499996 0.7460125125 0.5110848484375 0.7487956140625001 0.5169368328124999 0.753113159375 0.518471275 0.7544866859375 0.529657759375 0.7586703531250001 0.5343054921875 0.7604274906249999 0.5444125890625 0.768821859375 0.541317321875 0.7713552296875 0.5451354015625001 0.7772072156250001 0.5423522984375