3 0.54101136875 0.1497084359375 0.5502790937500001 0.13935196249999998 0.5468240265625 0.134929678125 0.5483527546875 0.130619571875 0.5548652781250001 0.12642163906249998 0.5456835515625 0.11979694062499999 0.5388338687500001 0.11046003906249999 0.532122540625 0.10813672187500001 0.5200647109375 0.1086552328125 0.5127663234375001 0.1192535109375 0.5133278359375 0.122820753125 0.52152489375 0.1293245515625 0.5363553750000001 0.13064575 0.5439304703125 0.13407463749999998 0.5381608124999999 0.140362809375 0.5379539109375 0.1583286515625 0.54101136875 0.1497084359375
4 0.2567923796875 0.33170520937500003 0.2622423328125 0.31988045781249996 0.2587268140625 0.315950509375 0.247333946875 0.31105334375 0.2325639140625 0.30923981093749997 0.22739876718750002 0.3106046375 0.21505613281249997 0.321583075 0.208802865625 0.3318099203125 0.211031459375 0.338080640625 0.216516315625 0.34225239375 0.226060746875 0.3459230859375 0.24095168125000002 0.34675195 0.2567923796875 0.33170520937500003
4 0.3638420515625 0.2169115015625 0.3587373546875 0.21778399375 0.335943521875 0.232476753125 0.3402019046875 0.23849694062500001 0.35460923125 0.2432644796875 0.365561490625 0.24360973593750002 0.3789666953125 0.2402581171875 0.3793119484375 0.229305859375 0.3675993734375 0.2188721125 0.3638420515625 0.2169115015625
4 0.57316900625 0.563457521875 0.5825925375 0.568112884375 0.5888632578124999 0.565884290625 0.5960151953125 0.5727595203125 0.6302018953124999 0.5629639281250001 0.6413180546875 0.553833925 0.6338638624999999 0.54942036875 0.633846409375 0.541422115625 0.6231789546875001 0.5306169374999999 0.6174522953125 0.5284145203125 0.59677425 0.5258755765625 0.5580699124999999 0.5236220640625 0.5545718468749999 0.5276903671875 0.5317605624999999 0.534384875 0.5309921484375 0.548783475 0.5373407718750001 0.5540607984375 0.548733640625 0.558957965625 0.5681247609375 0.5638376796875 0.57316900625 0.563457521875
4 0.5408307421874999 0.5744795875 0.5394054640625 0.5698067734375 0.53373925625 0.5671120234375 0.5161965703125 0.5634587828125001 0.48739937187500004 0.5619219578125 0.48323634374999996 0.5714059406249999 0.48447217187499997 0.6020428484375 0.493273740625 0.6036233015625 0.5240832765625 0.59691134375 0.5503321765625 0.58664086875 0.55129939375 0.5787635171875001 0.547662971875 0.5758182359374999 0.5408307421874999 0.5744795875
4 0.31348631562499996 0.62702605625 0.32873995625 0.6249009140624999 0.332497278125 0.626861525 0.333784203125 0.6245207546875 0.34731030937499996 0.62018446875 0.3518534953125 0.615744734375 0.35245800625 0.610821390625 0.34548742187500003 0.6024691578125 0.34269731718749996 0.5926311953125001 0.3381366796875 0.589072678125 0.334077103125 0.5895737390625 0.30819900625 0.572403115625 0.287201253125 0.564327590625 0.2778986234375 0.5586875609375 0.261401059375 0.5546628859375 0.2566765203125 0.5605796234375 0.25986423593749997 0.5834600859375 0.257886803125 0.6077053734375 0.262464890625 0.6192621421875 0.270704946875 0.6172753531249999 0.2894741078125 0.6190801593749999 0.292609465625 0.6179658625 0.305608965625 0.6260588390625 0.31348631562499996 0.62702605625
4 0.3618653453125 0.6644509359375 0.360319165625 0.6607627921875 0.30432204218750003 0.628399609375 0.29330933125 0.6285466890625 0.28667590625 0.633729290625 0.29051113125 0.64319581875 0.289042853125 0.6470135921875 0.3196024890625 0.6667580625 0.326495171875 0.667604378125 0.3358408 0.664753821875 0.3442796609375 0.6692882828125 0.352821971875 0.6648398203125 0.3618653453125 0.6644509359375
4 0.546956271875 0.6466969406249999 0.5543930140625 0.6431122453125 0.55925590625 0.6442090890625 0.5624517171875001 0.642602459375 0.57199615 0.6462731515625 0.5880356546875001 0.6377476609375 0.59286364375 0.6228480015625 0.5899526359375 0.6139947078125 0.5800280453125 0.60527976875 0.571105575 0.6046839828125 0.5517144546875 0.59980426875 0.5350355359375001 0.5972565984375 0.5218721359375 0.5986388781249999 0.5203434062500001 0.602948984375 0.508665734375 0.6085117421875 0.50433880625 0.62747098125 0.5065069484375 0.634234034375 0.516431540625 0.6429489734375 0.5300355484375 0.6461186046875 0.5431989500000001 0.644736328125 0.546956271875 0.6466969406249999
4 0.5021033765625 0.7026597906250001 0.5103004343750001 0.7091635875 0.5248891125 0.712454121875 0.5410669718750001 0.710942215625 0.5496267359375 0.71449200625 0.5567007703125 0.7138613171875 0.636475134375 0.6746802062499999 0.6606593421875 0.6486637562500001 0.6570659203125 0.6372278890625 0.6489293140625 0.6302317562499999 0.641112415625 0.6287722062500001 0.6329932609375 0.629774325 0.5539873078124999 0.6545568375 0.545203190625 0.6609746375000001 0.503761103125 0.672877921875 0.4983541515625 0.6762120859375 0.49634181406250005 0.6844608671875 0.49191953125000004 0.6879159359375 0.499935234375 0.6958967359375 0.5021033765625 0.7026597906250001
4 0.330589653125 0.6830998234375001 0.3215986359375 0.707483465625 0.326677784375 0.7230998109375 0.3320417375 0.728256234375 0.3373277890625 0.7259067375 0.34828004687499997 0.7262519937499999 0.3535230984375 0.7323930843750001 0.3614004484375 0.7333603 0.3859997171875 0.7283846015625 0.396710171875 0.73069919375 0.404224815625 0.7346204171874999 0.43284066250000003 0.73763424375 0.447429340625 0.7409247796875 0.45154937031250003 0.739931384375 0.45713767499999997 0.7351202171875 0.4557379453125 0.7139585625 0.43110377343749995 0.7029377578125 0.4088016453125 0.68920475 0.3951976359375 0.6860351171875 0.389652328125 0.682355696875 0.3811704671875 0.686311825 0.3793824828125 0.68459301875 0.376307575 0.6852149796875 0.372809509375 0.6892832828125 0.366599240625 0.6910195421875 0.356752553125 0.6898105218749999 0.3405572421875 0.683324175 0.330589653125 0.6830998234375001
4 0.3803173171875 0.7746640359375 0.3745476578125 0.7809522062500001 0.37504871875 0.785011784375 0.3796698078125 0.788077965625 0.38091373125 0.7942277828125001 0.4026718015625 0.8123918 0.4135031578125 0.8137217234375 0.4166989671875 0.8121150937499999 0.426666559375 0.8123394453125 0.4334208859375 0.8061721765625001 0.437238659375 0.8076404531250001 0.4356494796875 0.8124428953124999 0.442421259375 0.8142738796875 0.4438290859375 0.810948440625 0.4532956140625 0.807113215625 0.45794225156249996 0.793690559375 0.45620536093749997 0.758994071875 0.4536140609375 0.755677359375 0.4169999625 0.752680984375 0.4108501453125 0.7539249078125 0.4083972 0.7576217796875 0.39756584375 0.7562918562500001 0.3922193421875 0.7591336875 0.3823122015625 0.758417 0.383253871875 0.7670284890625 0.37907339218749997 0.76851421875 0.3803173171875 0.7746640359375