2 0.4285113890625 0.820952053125 0.40405055 0.8142857390625 0.3847483453125 0.8125960093750001 0.3726240171875 0.8153409546875 0.3686385703125 0.8194638234375 0.3759048625 0.82896358125 0.3851373546875 0.8348823828124999 0.40962471718750004 0.8430682203125001 0.4197828421875 0.8439042359375 0.433820321875 0.8345392796875 0.43470175 0.8269239515625 0.4285113890625 0.820952053125
2 0.45445182500000003 0.21503723749999998 0.4566390546875 0.2241189890625 0.46478677343749997 0.2260034234375 0.5013365750000001 0.22789875781250002 0.506362590625 0.22527771406250002 0.5052866578125 0.2217498546875 0.486865878125 0.21244479843750003 0.4655002203125 0.208764434375 0.45445182500000003 0.21503723749999998
4 0.744349315625 0.493708215625 0.74837896875 0.4921178890625 0.7703342984375 0.47146814687500005 0.7782433078125 0.45967685156250004 0.776109125 0.45363414999999996 0.7689931328124999 0.4527450328125 0.7588968953124999 0.455454578125 0.7416758234375 0.4567684984375 0.71643965 0.4637956140625 0.7064229828124999 0.47106373437500004 0.701511903125 0.48026938750000003 0.7006039515625 0.48636518906250004 0.7057714265625 0.49184828124999996 0.7169878 0.49519913750000005 0.744349315625 0.493708215625
4 0.5123380765625 0.1608272375 0.510195053125 0.15427802968749998 0.5010156078125 0.1513982796875 0.48879402812499995 0.14857163125 0.48576957812500005 0.14963774999999999 0.46984546875 0.167142240625 0.45183138125 0.181136571875 0.4579952171875 0.185588946875 0.49861003593750003 0.18791998906250001 0.5087504796875 0.1877429875 0.51579574375 0.18458003437499998 0.518510753125 0.165786121875 0.5123380765625 0.1608272375
4 0.642996025 0.2659591046875 0.6317177625 0.25906268906249996 0.6103255796875 0.2538628 0.5961024359375 0.252591078125 0.586094609375 0.26036570625 0.5861653390625 0.2644177734375 0.5892605171875 0.267403725 0.595353625 0.2678040328125 0.5984753281249999 0.2723095078125 0.6219574875 0.2810195546875 0.6300786828125 0.28138446093749997 0.6421676453125 0.2766134828125 0.642996025 0.2659591046875
4 0.6347944796875 0.43532763281250003 0.6124766625 0.435210528125 0.6004142234375001 0.44150103124999995 0.5995416375 0.44962286718750005 0.6118693109375 0.4585276171875 0.6291257453125 0.45923973125 0.6462760875 0.4538737421875 0.651284421875 0.45023968124999997 0.651196009375 0.445174596875 0.6460373765625 0.44019801249999996 0.6347944796875 0.43532763281250003
4 0.639153940625 0.5107442921875001 0.648147721875 0.5029873625 0.648041628125 0.4969092609375 0.6367722062500001 0.490519353125 0.6093930109375 0.490997259375 0.5932567125 0.49634554687500004 0.5842540890625 0.5035959671875 0.5914850171875 0.5110696921875 0.5915645875 0.51562826875 0.6088298640625001 0.516846890625 0.626059775 0.5160394796875 0.632108678125 0.5139072421875001 0.6382106249999999 0.514814059375 0.639153940625 0.5107442921875001
4 0.7043126375 0.40827438593750004 0.6900541296875 0.40497662968750003 0.68401406875 0.4076153734375 0.6831414828125 0.4157372078125 0.6935117953125001 0.4287294265625 0.7046397609375 0.4270151984375 0.726780753125 0.41700213281250004 0.72365905 0.4124966578125 0.70937401875 0.40767937656250003 0.7043126375 0.40827438593750004
4 0.7595130875 0.4326439984375 0.7564002249999999 0.42864502968749996 0.7451838515625 0.4252941734375 0.734020521875 0.42498236718750004 0.7250267390625 0.432739296875 0.7168967046875 0.4318678796875 0.6956459781250001 0.4347721265625 0.6906818515625 0.4409387296875 0.6989003 0.44687522968750004 0.741490159375 0.4461318203125 0.7535879624999999 0.44186735156249995 0.7586139796875 0.4392463078125 0.7595130875 0.4326439984375
4 0.8107696093750001 0.4054028484375 0.8036978234375001 0.4070462734375 0.7915027671875 0.40573915156249996 0.778382078125 0.4095148125 0.7733825859375 0.41365538125 0.7766015421875 0.42373245 0.79915806875 0.43752528125 0.8183983874999999 0.43566945312499994 0.8203645875 0.43208849374999997 0.81801821875 0.4138895890625 0.8107696093750001 0.4054028484375
4 0.8308817328125 0.5697171921875 0.8166674296875 0.568951978125 0.7984676796875 0.5723096328125 0.7795456421875 0.592399765625 0.7807276671875 0.6020057265625 0.7920147703125 0.6094086515625 0.8255754874999999 0.6143961375 0.830539615625 0.608229534375 0.8372047078125 0.5832867187499999 0.8360315234375 0.5741872671875 0.8308817328125 0.5697171921875
4 0.5449877140625 0.869078565625 0.5510542984375 0.8679593484374999 0.561961234375 0.853582409375 0.5505061484375 0.8365558234374999 0.5403480234375 0.8357198078125 0.525172721875 0.8380113453125 0.5161170515625 0.8422227156250001 0.5133578359375 0.8584840859374999 0.5197338593749999 0.8750926640625 0.53593204375 0.8732899359375 0.5419632640625001 0.870144684375 0.5450053968749999 0.8700915828125 0.5470865328125 0.8730952343749999 0.5449877140625 0.869078565625
4 0.43918195937500004 0.27002335624999996 0.414668071875 0.260317990625 0.39235909687500004 0.2607073953125 0.367282065625 0.27685166250000004 0.3654926875 0.2905627921875 0.370669003125 0.2965523921875 0.3788520859375 0.300462859375 0.39404506875 0.2991843375 0.415242746875 0.293241040625 0.43032963593750007 0.28588441875 0.4383270546875 0.2791582078125 0.43918195937500004 0.27002335624999996