2 0.813618453125 0.5340193906249999 0.8104335828125 0.5590189484375 0.8114385000000001 0.5782517578124999 0.8158199859374999 0.5898053609375 0.820433384375 0.5931571921875001 0.8287882218749999 0.5846895046875 0.833342878125 0.5747824453125 0.8380212281249999 0.54954634375 0.8374399218749999 0.5394321109375 0.8262712953125 0.5269122265624999 0.8186461968750001 0.52709929375 0.813618453125 0.5340193906249999
2 0.2130383875 0.592399240625 0.22168387812499998 0.5889886703125 0.22241361718750002 0.5807080499999999 0.21922569374999998 0.54447028125 0.21594807968750002 0.5398862546875 0.21262098749999997 0.5414338437499999 0.20600080781250002 0.5608537203124999 0.205329809375 0.582393228125 0.2130383875 0.592399240625
4 0.44750880156250006 0.26846570000000003 0.4453845375 0.26471962968749996 0.42200215312499995 0.24596917187499998 0.40929056875000003 0.23981744843750002 0.40363204062499997 0.2427549296875 0.40374025781249995 0.249882203125 0.40780635312499997 0.259444496875 0.4114828390625 0.2762129109375 0.4218969875 0.300079228125 0.430443521875 0.3089318921875 0.44019288593750006 0.31249089375 0.44632450312499994 0.3125403703125 0.4510121171875 0.30669477500000003 0.45276224843749996 0.29519065 0.44750880156250006 0.26846570000000003
4 0.15162020625 0.542930378125 0.14546385 0.5459467078125 0.14389615312499998 0.5553806781249999 0.1428015453125 0.567801609375 0.1442702859375 0.5706308734375 0.1637195328125 0.5838804984375 0.17999938437500002 0.5996733671875 0.18353365 0.5929898125 0.18021276875 0.5526905828124999 0.178635809375 0.5427340468749999 0.1745449765625 0.5362375593750001 0.15565229687499998 0.536167975 0.15162020625 0.542930378125
4 0.23713208749999998 0.39976659375 0.23189716875 0.41182265625000003 0.22973269218749998 0.4335987078125 0.23044695625 0.44777440312500005 0.2394913171875 0.45654821874999996 0.24347393281250002 0.455917434375 0.24598780312500002 0.452457384375 0.2455394546875 0.446404615625 0.2495468078125 0.44270802187499997 0.2548806796875 0.4183887265625 0.2541169390625 0.41034465000000003 0.2477441453125 0.3991064390625 0.23713208749999998 0.39976659375
4 0.4051408890625 0.3843835453125 0.4081123765625 0.406366771875 0.41597865 0.4173684390625 0.424101575 0.4171025234375 0.43117010312500004 0.4037354171875 0.42948492656250004 0.3866516109375 0.421825825 0.3705139796875 0.4175525578125 0.366087646875 0.41257428906250004 0.36687612812500003 0.4083845015625 0.3726428765625 0.4051408890625 0.3843835453125
4 0.47884399218749996 0.36964823125 0.4699573265625 0.36187006718750003 0.46398340468750005 0.36281624375 0.4592463140625 0.374793459375 0.4635041078125 0.4016761046875 0.47100551093750004 0.41681808125 0.47939435 0.4246750921875 0.4857578796875 0.416522796875 0.490238321875 0.4158131640625 0.48905096718749996 0.398650509375 0.48587230937500003 0.381803246875 0.48293482499999996 0.3761447171875 0.482984303125 0.3700131 0.47884399218749996 0.36964823125
4 0.368870696875 0.3197046984375 0.3675936546875 0.33419578437499997 0.371028965625 0.339775465625 0.37915188906249997 0.3395095515625 0.390518425 0.3275029671875 0.38729028906249996 0.316787321875 0.3743622671875 0.2963810546875 0.3703549140625 0.3000776484375 0.367584390625 0.31480527812500003 0.368870696875 0.3197046984375
4 0.3852464515625 0.2619970046875 0.381736925 0.26561475 0.37998679375 0.277118875 0.3812236234375 0.2881499109375 0.3901102890625 0.2959280734375 0.3903762046875 0.3040509984375 0.39617695468749997 0.32456548281250003 0.4029393578125 0.328597575 0.40765170937499995 0.31968617187500004 0.40102847500000005 0.2778687203125 0.395153509375 0.2665516625 0.3918758953125 0.2619676328125 0.3852464515625 0.2619970046875
4 0.3513169609375 0.21531876875 0.3539143125 0.22205180000000002 0.3543131859375 0.2342361875 0.359848021875 0.2466277484375 0.364619115625 0.25097523125 0.37410256406250003 0.246411309375 0.3845724015625 0.2222991875 0.3800826953125 0.2036183125 0.376282515625 0.20217894374999998 0.35867614375 0.207008778125 0.3513169609375 0.21531876875
4 0.5104298328125 0.17276705312500001 0.5116419234375 0.1868638984375 0.5174674125000001 0.20431257656250001 0.53987888125 0.2201549203125 0.5491798953125 0.21766115468749997 0.554912640625 0.20552624531250002 0.555184765625 0.17180235 0.548422365625 0.1677702578125 0.5229249796875 0.1646642359375 0.5141217953125 0.167079153125 0.5104298328125 0.17276705312500001
4 0.8449259578125 0.4127089296875 0.8429841265625001 0.40689270468750005 0.8273103203125001 0.3981482609375 0.812118865625 0.41178128125 0.8127001734375 0.4218955140625 0.817056921875 0.436514925 0.8224588 0.4448450234375 0.83886234375 0.445308846875 0.854344453125 0.43673294062499995 0.8503278359375 0.42103902812499994 0.8463946984374999 0.41553819531249997 0.8459216109375 0.41255123437499996 0.8485931796875 0.4100868390625 0.8449259578125 0.4127089296875
4 0.26932681718749996 0.5998141140625 0.26315498593750003 0.625286759375 0.2666242984375 0.6471911375 0.28599932968749997 0.6696381890625 0.2997560453125 0.6695005984375 0.3049414875 0.66357615625 0.3076625328125 0.6549801421875 0.30430143906249996 0.640203034375 0.29551372656249997 0.6201616390625 0.28617871093749997 0.6063307078125 0.2784453953125 0.5993905015625 0.26932681718749996 0.5998141140625