2 0.80029296875 0.6376953125 0.80615234375 0.62890625 0.814453125 0.60546875 0.8154296875 0.595703125 0.806640625 0.58203125 0.79931640625 0.5810546875 0.79345703125 0.5869140625 0.78662109375 0.6103515625 0.78466796875 0.62890625 0.787109375 0.640625 0.791015625 0.64453125 0.80029296875 0.6376953125
2 0.220703125 0.5419921875 0.22314453125 0.5068359375 0.220703125 0.501953125 0.21728515625 0.5029296875 0.2080078125 0.5205078125 0.2041015625 0.541015625 0.2099609375 0.5517578125 0.21875 0.5498046875 0.220703125 0.5419921875
4 0.4541015625 0.3037109375 0.4609375 0.3134765625 0.4697265625 0.318359375 0.4755859375 0.3193359375 0.48095703125 0.314453125 0.484375 0.3037109375 0.4833984375 0.27734375 0.48193359375 0.2734375 0.46240234375 0.251953125 0.451171875 0.244140625 0.4453125 0.24609375 0.4443359375 0.2529296875 0.44677734375 0.2626953125 0.44775390625 0.279296875 0.4541015625 0.3037109375
4 0.17724609375 0.5537109375 0.181640625 0.5478515625 0.1845703125 0.5087890625 0.1845703125 0.4990234375 0.181640625 0.4921875 0.16357421875 0.4892578125 0.15869140625 0.4951171875 0.15234375 0.4970703125 0.1494140625 0.505859375 0.146484375 0.517578125 0.1474609375 0.5205078125 0.1640625 0.5361328125 0.17724609375 0.5537109375
4 0.2626953125 0.4228515625 0.26318359375 0.4169921875 0.267578125 0.4140625 0.2763671875 0.3916015625 0.27685546875 0.3837890625 0.2724609375 0.3720703125 0.26220703125 0.37109375 0.25537109375 0.3818359375 0.25 0.40234375 0.24853515625 0.416015625 0.255859375 0.42578125 0.259765625 0.42578125 0.2626953125 0.4228515625
4 0.447265625 0.404296875 0.4482421875 0.3876953125 0.443359375 0.37109375 0.43994140625 0.3662109375 0.43505859375 0.3662109375 0.43017578125 0.37109375 0.42529296875 0.3818359375 0.4248046875 0.4033203125 0.4306640625 0.4150390625 0.4384765625 0.416015625 0.447265625 0.404296875
4 0.49755859375 0.4248046875 0.501953125 0.4248046875 0.50341796875 0.408203125 0.5029296875 0.3916015625 0.5009765625 0.3857421875 0.501953125 0.3798828125 0.498046875 0.37890625 0.49072265625 0.3701171875 0.48486328125 0.3701171875 0.478515625 0.380859375 0.478515625 0.4072265625 0.4833984375 0.4228515625 0.490234375 0.431640625 0.49755859375 0.4248046875
4 0.4072265625 0.3349609375 0.419921875 0.3251953125 0.41845703125 0.314453125 0.4091796875 0.29296875 0.40478515625 0.2958984375 0.39990234375 0.3095703125 0.400390625 0.314453125 0.39697265625 0.328125 0.3994140625 0.333984375 0.4072265625 0.3349609375
4 0.42578125 0.3232421875 0.431640625 0.328125 0.4375 0.3203125 0.4375 0.279296875 0.43359375 0.267578125 0.43115234375 0.2626953125 0.4248046875 0.26171875 0.4208984375 0.2646484375 0.41748046875 0.275390625 0.4169921875 0.2861328125 0.42431640625 0.294921875 0.42333984375 0.302734375 0.42578125 0.3232421875
4 0.40673828125 0.248046875 0.41650390625 0.2451171875 0.43017578125 0.2236328125 0.4287109375 0.205078125 0.42529296875 0.203125 0.40771484375 0.205078125 0.3994140625 0.2119140625 0.40087890625 0.21875 0.3994140625 0.23046875 0.40283203125 0.2431640625 0.40673828125 0.248046875
4 0.58837890625 0.244140625 0.595703125 0.2333984375 0.60107421875 0.201171875 0.59521484375 0.1962890625 0.5712890625 0.189453125 0.5625 0.1904296875 0.55810546875 0.1953125 0.55712890625 0.208984375 0.56005859375 0.2265625 0.5791015625 0.2451171875 0.58837890625 0.244140625
4 0.8310546875 0.505859375 0.84716796875 0.5 0.845703125 0.484375 0.8427734375 0.478515625 0.8427734375 0.4755859375 0.845703125 0.4736328125 0.841796875 0.4755859375 0.8408203125 0.4697265625 0.8271484375 0.458984375 0.810546875 0.4697265625 0.8095703125 0.4794921875 0.8115234375 0.494140625 0.8154296875 0.5029296875 0.8310546875 0.505859375
4 0.287109375 0.6337890625 0.291015625 0.6259765625 0.2900390625 0.611328125 0.28466796875 0.5908203125 0.27783203125 0.576171875 0.271484375 0.568359375 0.2626953125 0.5673828125 0.2529296875 0.5908203125 0.2529296875 0.6123046875 0.26806640625 0.63671875 0.28125 0.638671875 0.287109375 0.6337890625