3 0.337890625 0.3125 0.34130859375 0.298828125 0.34130859375 0.279296875 0.333984375 0.26953125 0.326171875 0.26953125 0.3125 0.2822265625 0.302734375 0.30078125 0.30419921875 0.310546875 0.31396484375 0.322265625 0.33056640625 0.3203125 0.337890625 0.3125
3 0.21826171875 0.740234375 0.21826171875 0.7275390625 0.21240234375 0.720703125 0.20703125 0.703125 0.20751953125 0.693359375 0.2001953125 0.68359375 0.1943359375 0.6650390625 0.1884765625 0.6611328125 0.18115234375 0.6650390625 0.16162109375 0.666015625 0.1923828125 0.7236328125 0.21826171875 0.740234375
3 0.21923828125 0.3994140625 0.216796875 0.3984375 0.21240234375 0.404296875 0.212890625 0.4140625 0.220703125 0.419921875 0.22119140625 0.4072265625 0.21923828125 0.3994140625
3 0.337890625 0.3125 0.34130859375 0.298828125 0.341796875 0.283203125 0.34033203125 0.2763671875 0.33544921875 0.2705078125 0.32666015625 0.26953125 0.31396484375 0.279296875 0.302734375 0.2998046875 0.302734375 0.3095703125 0.31396484375 0.3232421875 0.330078125 0.3212890625 0.337890625 0.3125
3 0.5439453125 0.240234375 0.55224609375 0.2451171875 0.56005859375 0.2578125 0.57666015625 0.2509765625 0.58349609375 0.2373046875 0.59765625 0.232421875 0.6025390625 0.224609375 0.60400390625 0.2119140625 0.607421875 0.20703125 0.61474609375 0.2109375 0.6162109375 0.21484375 0.615234375 0.220703125 0.62646484375 0.2451171875 0.6328125 0.240234375 0.64208984375 0.2412109375 0.66064453125 0.2294921875 0.673828125 0.2314453125 0.671875 0.2197265625 0.6640625 0.2158203125 0.658203125 0.2060546875 0.658203125 0.19921875 0.6630859375 0.1845703125 0.6533203125 0.1787109375 0.638671875 0.1796875 0.62646484375 0.189453125 0.6201171875 0.19921875 0.60986328125 0.203125 0.6044921875 0.19921875 0.58984375 0.1689453125 0.5732421875 0.154296875 0.564453125 0.1533203125 0.552734375 0.1591796875 0.53955078125 0.173828125 0.52978515625 0.1923828125 0.525390625 0.1923828125 0.52783203125 0.205078125 0.53466796875 0.212890625 0.53515625 0.220703125 0.5439453125 0.240234375
3 0.525390625 0.8134765625 0.53076171875 0.8212890625 0.5400390625 0.8251953125 0.54443359375 0.8232421875 0.54541015625 0.8134765625 0.54052734375 0.8017578125 0.54736328125 0.7861328125 0.54541015625 0.748046875 0.53369140625 0.734375 0.52490234375 0.7353515625 0.5166015625 0.748046875 0.51708984375 0.7724609375 0.521484375 0.7841796875 0.521484375 0.794921875 0.525390625 0.8134765625
3 0.640625 0.3701171875 0.64892578125 0.353515625 0.64990234375 0.33203125 0.64111328125 0.3125 0.625 0.3115234375 0.62109375 0.3154296875 0.61962890625 0.326171875 0.6201171875 0.345703125 0.625 0.361328125 0.6298828125 0.369140625 0.640625 0.3701171875
3 0.7900390625 0.6318359375 0.79296875 0.6318359375 0.796875 0.6240234375 0.79638671875 0.611328125 0.802734375 0.607421875 0.810546875 0.5947265625 0.81298828125 0.5751953125 0.8115234375 0.5576171875 0.80615234375 0.5498046875 0.79931640625 0.5517578125 0.79150390625 0.57421875 0.7880859375 0.591796875 0.7880859375 0.6064453125 0.7900390625 0.611328125 0.7861328125 0.623046875 0.7900390625 0.6318359375
3 0.501953125 0.662109375 0.50390625 0.6376953125 0.5009765625 0.6259765625 0.48291015625 0.6259765625 0.4755859375 0.640625 0.474609375 0.66015625 0.482421875 0.6796875 0.49658203125 0.673828125 0.501953125 0.662109375
3 0.498046875 0.8046875 0.49755859375 0.787109375 0.490234375 0.7783203125 0.48583984375 0.7783203125 0.48291015625 0.7822265625 0.47900390625 0.7939453125 0.4775390625 0.80859375 0.48583984375 0.81640625 0.4912109375 0.81640625 0.498046875 0.8046875
3 0.224609375 0.3876953125 0.2236328125 0.392578125 0.228515625 0.3994140625 0.2294921875 0.412109375 0.2314453125 0.4150390625 0.244140625 0.4228515625 0.24853515625 0.4189453125 0.25146484375 0.3955078125 0.24853515625 0.373046875 0.2490234375 0.3603515625 0.244140625 0.3447265625 0.24169921875 0.3486328125 0.2421875 0.3603515625 0.23876953125 0.3720703125 0.2333984375 0.3828125 0.224609375 0.3876953125
3 0.2177734375 0.740234375 0.2177734375 0.7275390625 0.20703125 0.7080078125 0.2080078125 0.6923828125 0.20166015625 0.685546875 0.1943359375 0.6630859375 0.1875 0.65625 0.18408203125 0.65625 0.1748046875 0.6650390625 0.16015625 0.66015625 0.15869140625 0.662109375 0.18896484375 0.720703125 0.19677734375 0.728515625 0.2177734375 0.740234375
3 0.22265625 0.3876953125 0.2197265625 0.392578125 0.22021484375 0.3974609375 0.22705078125 0.404296875 0.2294921875 0.416015625 0.2451171875 0.42578125 0.24853515625 0.4228515625 0.2509765625 0.4150390625 0.251953125 0.3779296875 0.2470703125 0.3427734375 0.24267578125 0.33984375 0.23974609375 0.34375 0.23974609375 0.359375 0.236328125 0.375 0.2314453125 0.3837890625 0.22265625 0.3876953125