3 0.8116231546874999 0.3491288328125 0.8007024312500001 0.3478887515625 0.785293203125 0.35500064375 0.7826157078125 0.37339254374999997 0.7889074171875 0.38350898906249997 0.80262271875 0.39111826875 0.8236211078125001 0.39674476875 0.836227946875 0.39169217500000003 0.8384761046874999 0.3833019390625 0.8287614265625001 0.3649618015625 0.8116231546874999 0.3491288328125
3 0.45119640156249996 0.127780075 0.4570821984375 0.12261269999999999 0.4549901671875 0.11362155468749999 0.4595606390625 0.0923646421875 0.3887632796875 0.1088030140625 0.36346763125 0.1318131421875 0.3771165828125 0.1354703671875 0.38615213437499996 0.13114696718750002 0.40659629218750004 0.13044253125 0.416954975 0.133780171875 0.4295618171875 0.1287275765625 0.45119640156249996 0.127780075
3 0.729608471875 0.2310443640625 0.7313609421875 0.228703740625 0.7263260125000001 0.2222962828125 0.7156863109375 0.22000742187500003 0.7071386375000001 0.22670970625 0.7206470796875 0.230891321875 0.729608471875 0.2310443640625
3 0.8314896562499999 0.3673789453125 0.8126730734375001 0.3494101578125 0.8021738796875001 0.3465969078125 0.784243284375 0.35471931875 0.7817062984375001 0.372586828125 0.7889074171875 0.38350898906249997 0.80262271875 0.39111826875 0.8192809203125 0.396143859375 0.8270518843750001 0.39653996406249997 0.8347564984375 0.39298401875 0.8383355937499999 0.383826328125 0.8314896562499999 0.3673789453125
3 0.8072438500000001 0.6930474609374999 0.8204712734375 0.69827785625 0.8247373031249999 0.703355209375 0.818429978125 0.710095753125 0.8138087703125001 0.7105436234375 0.8077902734375 0.70780689375 0.7783105640625 0.71283473125 0.781733534375 0.721058421875 0.7780139296875 0.7307405015625 0.7852735890625 0.754043209375 0.779379984375 0.7676390828125 0.7925410562499999 0.7689174234375 0.798988890625 0.7616524874999999 0.811174203125 0.7581730624999999 0.8185236390625 0.7601423375 0.8328673312499999 0.7696061125 0.84197704375 0.7608062671875 0.8451424171875 0.7447932500000001 0.83815596875 0.728870259375 0.829483403125 0.7192399421875 0.8282344296874999 0.7071024578125 0.8339797156250001 0.702459471875 0.8707425093750001 0.6954488578125 0.891268634375 0.6818394828125001 0.8948477296874999 0.67268179375 0.8919204484375 0.6584084890625 0.8799654234375 0.64003009375 0.86282715 0.624197121875 0.8640917375000001 0.6194776156249999 0.8497402375 0.6184423390625 0.8393737453125001 0.6235331937499999 0.8308338796875001 0.6218069828125 0.8073063171875001 0.625619496875 0.799668053125 0.633127496875 0.7837709453125 0.63786050625 0.7863430484375 0.6576590312499999 0.7990747812500001 0.6689390375 0.80024959375 0.6855529640625 0.8072438500000001 0.6930474609374999
3 0.219417815625 0.47202952187499997 0.26092671093750003 0.48090364062499996 0.27899781875 0.4722568390625 0.28047707499999996 0.46253649843750005 0.2692167890625 0.4499646484375 0.2428282953125 0.4434559109375 0.228964675 0.44479951875 0.2174155625 0.4417049421875 0.196343015625 0.440554884375 0.1863980515625 0.44407257031249997 0.1795286890625 0.45291067500000004 0.18036393906249998 0.45819283125 0.1905821140625 0.46205486249999994 0.20458624374999998 0.460186865625 0.219417815625 0.47202952187499997
3 0.6931343921875001 0.6821432953125 0.6719954953125 0.6770411843749999 0.6537916874999999 0.6777838796875 0.643987234375 0.6807771781249999 0.6398461 0.6920324250000001 0.6553060640624999 0.7057295765625 0.6781232687500001 0.7129675062499999 0.701650834375 0.7091549921875 0.7073375765625001 0.6921314578125 0.7042619765625 0.686811040625 0.6931343921875001 0.6821432953125
3 0.36976307343750003 0.8180637281250001 0.38908315 0.8215544109374999 0.3990281140625 0.818036725 0.3988954125 0.81013261875 0.37699542343750003 0.7952719078125 0.3590804421875 0.7865373296875 0.3433316515625 0.782317453125 0.3375200171875 0.7830083859375 0.3260450625 0.77543736875 0.315471709375 0.777100559375 0.31462865 0.7802468984375001 0.3219039265625 0.786692615625 0.3356933890625 0.789825453125 0.3380664390625 0.7977678187499999 0.349467234375 0.8098152796875 0.36976307343750003 0.8180637281250001
3 0.35254683125 0.432950121875 0.3547715640625 0.44984537343750003 0.3658249890625 0.4589895609375 0.391510934375 0.468120246875 0.404953025 0.4683498078125 0.4101518875 0.448947390625 0.39651074375 0.43686166875000004 0.3757933765625 0.43018638749999993 0.35254683125 0.432950121875
3 0.215362571875 0.39057131875 0.20457455000000002 0.39723534374999997 0.2030289421875 0.40300363125 0.21366083749999998 0.41372098749999997 0.23269989687499998 0.418260446875 0.24425681875 0.412926528125 0.24552140625000002 0.4082070203125 0.2421647875 0.40393538281249997 0.2306898328125 0.3963643640625 0.215362571875 0.39057131875
3 0.7001794984374999 0.25688124375 0.724534503125 0.26677938437500004 0.7495257078125 0.270103521875 0.76303415 0.2742851375 0.7812379578125 0.273542440625 0.7777408296874999 0.26979519218750003 0.7650012875 0.26694368125 0.7533858234374999 0.259897053125 0.7433823171875 0.251034190625 0.7406618968750001 0.24018855 0.7356933203125 0.237733146875 0.7269387859374999 0.24100776875 0.7130088156250001 0.23839932187500001 0.70929701875 0.2396529046875 0.6972444078125 0.2510364359375 0.7001794984374999 0.25688124375
3 0.4626128140625 0.1229705453125 0.4635963828125 0.1192998171875 0.45681679375 0.1068044875 0.466281684375 0.092479421875 0.4646033765625 0.090343603125 0.39289660625 0.10597626093750001 0.38224909375 0.11211589531249999 0.363608140625 0.1312887515625 0.3772570921875 0.134945978125 0.40134669375 0.12903590468749998 0.41786438437499995 0.1345858859375 0.4270404484375 0.12973809375 0.453296240625 0.128342725 0.4626128140625 0.1229705453125
3 0.6959798203124999 0.25575594375 0.7036766265625001 0.2606284921875 0.7432925421875 0.2723676234375 0.7824947375 0.2772514296875 0.786909084375 0.273375896875 0.7835524656249999 0.26910425937500004 0.7667537546875 0.2646030578125 0.750938615625 0.25643112968750004 0.7428944375000001 0.24865530625 0.7412239359374999 0.2380909921875 0.7368174 0.233538028125 0.7314272921875 0.23265579375 0.72211071875 0.2380279734375 0.7088091375000001 0.23727402187500002 0.6938136312500001 0.25124124062500003 0.6959798203124999 0.25575594375