3 0.3202019734375 0.7124314125 0.3299167375 0.7100950734375 0.34086895156249997 0.699227503125 0.337437553125 0.6826817703125 0.3289172171875 0.675995171875 0.3148347359375 0.6737589484375001 0.2951470953125 0.6754813937499999 0.285948553125 0.68371819375 0.2866368515625 0.6915854765625 0.300638340625 0.7042336328125 0.3202019734375 0.7124314125
3 0.6969266375000001 0.789466353125 0.69350533125 0.7957113062500001 0.698088140625 0.80274239375 0.7007932671875 0.8223244796875001 0.7561616390625 0.7862658375 0.770616146875 0.758741384375 0.7578191796875 0.7598609749999999 0.751444728125 0.7663642937499999 0.7341990546875 0.77332325 0.724312215625 0.7736927687499999 0.7151136734375 0.7819295671875001 0.6969266375000001 0.789466353125
3 0.4269807515625 0.7878146484374999 0.42621146249999997 0.790359296875 0.4325049234375 0.794267909375 0.44230572500000004 0.79291498125 0.44752372031250004 0.784530965625 0.43468373437499996 0.78515885 0.4269807515625 0.7878146484374999
3 0.2975561375 0.7030168828125001 0.319217590625 0.712517534375 0.3290614125 0.7116563109375 0.3418533328125 0.6991413796875 0.3384649546875 0.6830873546875 0.3289172171875 0.675995171875 0.3148347359375 0.6737589484375001 0.2990416046875 0.6746451984374999 0.2922799859375 0.6767231703125 0.286803878125 0.6821569546874999 0.2865938328125 0.6910937703125 0.2975561375 0.7030168828125001
3 0.2170067296875 0.41724196718749995 0.20408070625 0.4168864421875 0.198857665625 0.4138751171875 0.2021499140625 0.4061550515625 0.2059583875 0.4043354453125 0.2119507171875 0.404802121875 0.23557084218750002 0.3913398453125 0.23008968749999997 0.385378290625 0.230256715625 0.3759497703125 0.21680942499999997 0.35829843906250003 0.2176166859375 0.34485015625000004 0.2059761734375 0.34785044374999996 0.20272694375000003 0.356062215625 0.193399346875 0.36282390000000003 0.186508671875 0.36342675625 0.1713127546875 0.3598015375 0.16626683281250002 0.3701523765625 0.16854177343750001 0.384817409375 0.1794610609375 0.39624881562500003 0.189864125 0.4017797609375 0.19470504375 0.4117610796875 0.19124072187500002 0.4175143265625 0.1620154328125 0.434935271875 0.148712334375 0.4529450828125 0.1485022875 0.46188189843750005 0.1554410296875 0.4731660890625 0.1713682640625 0.48515029531250004 0.19093189531250002 0.493348075 0.19131906406250002 0.497773421875 0.2039009375 0.49419530624999997 0.21117373437500003 0.48662245625 0.21900577187499998 0.48544177343749995 0.23791907812500002 0.47486863437500004 0.24210967343749998 0.466079034375 0.25421834374999996 0.45709216250000007 0.245865034375 0.4409770421875 0.2314814234375 0.4352988796875 0.22531197343749998 0.42147004218750006 0.2170067296875 0.41724196718749995
3 0.78788755 0.4232843453125 0.749668721875 0.428609934375 0.73691981875 0.44161657187500003 0.7386785359375 0.45038114218749997 0.7522068203125001 0.45762054062499996 0.77677335625 0.454975778125 0.7881987734375 0.44951696406249997 0.7990269765625 0.44856961875 0.8173860875000001 0.4429996546875 0.8247879390625 0.4369019203125 0.8279081140625 0.4272150328125 0.8255521828125 0.42296192968749996 0.8156223234375 0.4228397421875 0.8042399250000001 0.4287902609375 0.78788755 0.4232843453125
3 0.3178768171875 0.3910755703125 0.3375214421875 0.38886141875 0.35284136875 0.3825664109375 0.3602862390625 0.37696038125000003 0.3603242109375 0.3660567453125 0.3428583984375 0.3591618359375 0.32111595625 0.360073115625 0.3022026484375 0.3706462546875 0.30263788125 0.38695864687500003 0.306919559375 0.3905478 0.3178768171875 0.3910755703125
3 0.551858878125 0.1743991375 0.53426905625 0.1774244546875 0.52686720625 0.1835221890625 0.52943823125 0.19023381875 0.5527673171874999 0.1961202890625 0.5707873265625001 0.1980120234375 0.5855530578125 0.19672019062499999 0.59030289375 0.1943227578125 0.602459628125 0.19722293125 0.6109749171875001 0.1925141890625 0.6107168046875 0.18956395937499998 0.6024976 0.1863192953125 0.5897436515625001 0.187930590625 0.58524688125 0.1818829109375 0.571761615625 0.17513521875 0.551858878125 0.1743991375
3 0.686311378125 0.49806846250000003 0.6791575437499999 0.4843257453125 0.666871753125 0.47995045625 0.6420901265625 0.4801366921875 0.630535653125 0.48412039218749997 0.6321273421875 0.5023134828125 0.6475383531250001 0.5083972265625001 0.6673120328125 0.5076581906250001 0.686311378125 0.49806846250000003
3 0.816680003125 0.49161737343749995 0.8238237421875001 0.48256940625 0.8233505375 0.47716064999999996 0.8109356906249999 0.4713102453125 0.7932598328125 0.4733521515625 0.7850456718750001 0.4815028296875 0.7854328390624999 0.485928175 0.7896284812500001 0.48853391874999996 0.8017852140624999 0.49143409218749995 0.816680003125 0.49161737343749995
3 0.4440872765625 0.7565898921875001 0.42020399375000006 0.7557065953125 0.39782131875000004 0.7606376390625 0.38498133125 0.7612655234375 0.36966140468750003 0.7675605328125 0.373814025 0.7696745671875 0.3855835921875 0.7681493953125 0.3976973078125 0.7705578656250001 0.408998715625 0.7750192765625 0.41469496250000004 0.783439359375 0.41970290937500004 0.7839921578125 0.4261633984375 0.77847225 0.438874328125 0.77636925 0.4416554 0.7741440625 0.44841197343749994 0.76067075 0.4440872765625 0.7565898921875001
3 0.688669459375 0.7971253265625 0.6889705890625 0.8005672625000001 0.6986473828124999 0.8091345609375 0.6950160296875 0.824316328125 0.69711385 0.8256191984375001 0.7535096218749999 0.789966140625 0.76069638125 0.7814098796875 0.7706591656249999 0.7592330890625 0.7578621984375 0.7603526781250001 0.739120965625 0.7728926390625 0.723284815625 0.773287184375 0.71695338125 0.7802822078125 0.694957871875 0.7896385984375 0.688669459375 0.7971253265625
3 0.44802480468750006 0.756245403125 0.4399346546875 0.7544758546875 0.4024420984375 0.756765090625 0.3674345265625 0.7647825453125 0.3648685484375 0.769466259375 0.369064190625 0.772072 0.384814303125 0.7706940437500001 0.4008655484375 0.772758025 0.41015517187499995 0.7768999765625 0.4148670375 0.7854061796875 0.42004705937500003 0.7879258 0.42492595 0.78700348125 0.431214365625 0.7795167546874999 0.44281185624999997 0.7760247609375 0.45127908124999994 0.7594289734374999 0.44802480468750006 0.756245403125