2 0.46419521250000007 0.4148922203125 0.4646755296875 0.40940216874999996 0.46185561562500005 0.4071437953125 0.414940634375 0.4030392671875 0.3876401546875 0.404674109375 0.37830711250000004 0.4078809 0.36745189843750004 0.4169895078125 0.35703333593750003 0.421107159375 0.3566840140625 0.42509992343749997 0.3703032578125 0.44188184062499997 0.3709084640625 0.44646103125 0.3676082328125 0.44969270781250004 0.36244261718750004 0.4512524375 0.3544570890625 0.45055379531249995 0.32694439062499997 0.4431175890625 0.3209552453125 0.4425936078125 0.31674415312500004 0.44473976249999997 0.31591451406250004 0.4542225765625 0.3212923484375 0.46173389687500005 0.3242371484375 0.47406151249999995 0.32692606562500004 0.47781717187500006 0.332784215625 0.47983844218750005 0.3437206515625 0.4812981703125 0.3568717984375 0.480437084375 0.3651629828125 0.47764205937500004 0.3758872015625 0.4700307375 0.3958946875 0.47127825156250003 0.40505306875 0.4700678421875 0.45180560625000005 0.45303569843749997 0.455105834375 0.4498040203125 0.4546001796875 0.421093584375 0.46419521250000007 0.4148922203125
2 0.49727533749999997 0.64611010625 0.49328868124999997 0.6341942578124999 0.48352509687499995 0.630825475 0.46946309062499997 0.630601040625 0.4410334234375 0.6336458406250001 0.3964082640625 0.649355359375 0.38659490625 0.6580522 0.377392859375 0.6597617046875001 0.3801254421875 0.6630182687499999 0.384161871875 0.6628684953125 0.40177998906249995 0.66843320625 0.41675285625 0.6697431625 0.45646828125 0.664165328125 0.4691827734375 0.668295196875 0.4775429640625 0.6992015640625 0.4707241796875 0.708160396875 0.4696264390625 0.7322043125000001 0.4642363890625 0.7478260484375 0.465534128125 0.7559862390625 0.47113028906250004 0.76100208125 0.47707576874999996 0.7620251578125 0.48332690625 0.7595545687499999 0.4886732921875 0.744431928125 0.490999765625 0.6948468078125 0.47884681249999994 0.695795225 0.4745545 0.6873730453125 0.47286988125 0.6721381875 0.49327035625000004 0.668893840625 0.49130542187500004 0.6913531390625 0.49727533749999997 0.64611010625
2 0.7605321703125 0.35029350937500003 0.7492900765625 0.35232744843749997 0.7363135921875 0.351192153125 0.7048081296875 0.34340662499999997 0.6985569921875 0.34587721562499996 0.7007655921875 0.3551229265625 0.7266687859375 0.36945914062499996 0.7347355375 0.38072611875 0.7362516015625 0.3863908328125 0.7312545375 0.3975207078125 0.75589755 0.414764165625 0.7631844359375 0.4234483359375 0.7750317328125 0.4259935875 0.780247121875 0.412368234375 0.792836728125 0.40642886093749997 0.8007410359374999 0.3965591671875 0.8033923953125001 0.3892473953125 0.7975403531249999 0.3756596 0.8014518953125 0.36544058437500004 0.79390301875 0.359750984375 0.7754613703125 0.352102559375 0.7605321703125 0.35029350937500003
2 0.3603720265625 0.5094095125 0.3549505296875 0.5023972875 0.33859259218750004 0.49392533437499997 0.32861068125 0.49305202968749995 0.315584425 0.5039823578125 0.28880181718750003 0.5111945828125 0.29568960781250003 0.5359371421875 0.2789701328125 0.5545910078125 0.2797499984375 0.557173815625 0.2878228578125 0.5568742671875 0.2821393671875 0.552856615625 0.284397740625 0.5500367046875 0.2950721859375 0.5544910078124999 0.3163835203125 0.5523321812499999 0.32562922968749997 0.5501235828125 0.334226071875 0.5438348875 0.3357106890625 0.5268656390625 0.352598715625 0.51778191875 0.3603720265625 0.5094095125
2 0.39652523125 0.5100579296875 0.3956955921875 0.51954074375 0.4052845171875 0.5249059093749999 0.42112457968749994 0.52780048125 0.427282278125 0.537894609375 0.435005815625 0.5415878265625 0.445854921875 0.544045746875 0.45705334999999997 0.5425109046875 0.46573752031250004 0.5352240171875 0.4625743953125 0.52539188125 0.44799451718750005 0.5195900671875 0.44647845156250004 0.513925353125 0.4417494875 0.5104941296875001 0.4229585171875 0.50683846875 0.4028637 0.506589146875 0.39652523125 0.5100579296875
4 0.4400379484375 0.8749583078125 0.46987802343749996 0.9132759953124999 0.48702193437499997 0.9127642296875 0.4933604015625 0.909295446875 0.49835135625 0.9097320984374999 0.5015267 0.89643118125 0.491170128125 0.8653501531250001 0.48730835937499994 0.8635035437499999 0.46248457812500005 0.859822996875 0.44217143437499995 0.862069153125 0.43769835312499994 0.8672098828125 0.4400379484375 0.8749583078125
2 0.3757580171875 0.632461225 0.3850412828125 0.64132005625 0.38573381875 0.6449010562499999 0.3897265828125 0.6452503765625 0.3884227359375 0.6486567156249999 0.3964519296875 0.6488562640625 0.4256675703125 0.6368277453125 0.419116884375 0.6312254765625 0.4176444859375 0.6250616671875 0.4100519421875 0.619871165625 0.40124288437500005 0.617088809375 0.3891772609375 0.6170390359375 0.38288245781249997 0.620008721875 0.377236525 0.627058503125 0.3757580171875 0.632461225
4 0.543353665625 0.5907973796875 0.5463045734375 0.591558465625 0.5517321796875 0.5870041625 0.5305142859374999 0.5765982703125 0.519534184375 0.5756376359375001 0.5159282968750001 0.58236298125 0.517095040625 0.5920204578125 0.5329787671874999 0.594415934375 0.543353665625 0.5907973796875
4 0.6316747984375 0.5929924046874999 0.6442146296875 0.5991186546875 0.6501164453125 0.600640828125 0.6542838718749999 0.5989937671875001 0.6663058281249999 0.5995426375 0.6748590046875 0.5937530375 0.6755576484375 0.585767509375 0.660372565625 0.5753865015625 0.6443578421875 0.5744883125 0.6307263796875 0.58083945 0.6273824859375 0.584570221875 0.6316747984375 0.5929924046874999
4 0.5894573328125 0.5696851406250001 0.605384725 0.571581521875 0.6156286265625 0.5694602515625 0.6244001296875 0.561175175 0.625834971875 0.5562715500000001 0.6154661828125 0.548323578125 0.5915095984375001 0.5462276484374999 0.5823512171874999 0.5474380578125 0.5738853703125 0.552229465625 0.5753577703125 0.5583932734375 0.5894573328125 0.5696851406250001
4 0.6683694046875 0.472485490625 0.66511895 0.46365154531249997 0.6514935953125 0.4584361546875 0.6346116765625001 0.45595334843749996 0.6194204859375 0.45713886875 0.5976724984375 0.46428865 0.5857815359375 0.4622424953125 0.5735849187500001 0.46369000781249997 0.568244640625 0.46724611875 0.5655059515625 0.47555608281249995 0.5731421578125 0.48024749062499994 0.5728365 0.48374115937499995 0.5834672796875 0.488694559375 0.5861998625 0.491951121875 0.5940980625 0.4936479578125 0.5963066609375 0.5028936671875 0.6050720546874999 0.50617511875 0.616439034375 0.514210421875 0.6333209531249999 0.5166932296875 0.6370517265625 0.520037125 0.647944496875 0.52199595 0.6600537859375 0.5215466281250001 0.670428684375 0.5179280734375 0.6802420421875001 0.5092312296875 0.678944303125 0.5010710421875 0.67261194375 0.4929732953125 0.6609393078125 0.48843166250000003 0.657208534375 0.48508776718749996 0.6600782203125 0.4752805171875 0.6683694046875 0.472485490625
4 0.710187775 0.5118511421874999 0.7140932078125 0.5131986562499999 0.733015175 0.5153570281250001 0.74717061875 0.5030167453125001 0.7399710640625 0.49333438125000006 0.7181916296875 0.47785020312500004 0.708471709375 0.473982325 0.698702015625 0.4821800703125 0.6965685296874999 0.49506922500000006 0.6999936453125 0.5019067875000001 0.71049343125 0.5083574734375 0.710187775 0.5118511421874999
4 0.59221344375 0.44620899375 0.60658110625 0.442939759375 0.6090141390625 0.43812346562500004 0.5996872078125 0.429763728125 0.577078134375 0.4237623640625 0.5649688453125 0.42421168593749997 0.5535957578125 0.4277429125 0.551986253125 0.43464291875 0.5702532406249999 0.44428772499999997 0.59221344375 0.44620899375
4 0.58073379375 0.4049713953125 0.581083115625 0.40097862968750003 0.56077608125 0.39165825781249997 0.5478432609375 0.3900238671875 0.5445866984375 0.39275645 0.542234884375 0.40814108125 0.5459656578125001 0.41148497656250005 0.562978571875 0.41247049843749994 0.58073379375 0.4049713953125
4 0.5600520984374999 0.3654432984375 0.574937634375 0.367751446875 0.5862670578125 0.3647193171875 0.5874835734375 0.36231116874999997 0.585274975 0.3530654578125 0.5766842421875 0.347787625 0.564924275 0.34424418125 0.5598459890624999 0.34480572187499997 0.5519416828125 0.354675415625 0.5512867046875 0.3621618484375 0.5600520984374999 0.3654432984375
4 0.724516975 0.4170478765625 0.724741409375 0.4029858703125 0.7096873203125 0.3911075796875 0.7117334765625001 0.3792166171875 0.7008843703125 0.3767586953125 0.6922499734375 0.3719799578125 0.6870406906250001 0.37403878281249997 0.683266253125 0.371193984375 0.6790551625 0.3733401390625 0.67519339375 0.37149353125 0.6708949734375 0.374637878125 0.6592223359375 0.37009624531249996 0.66204225 0.37235461718749996 0.653882059375 0.37365235625 0.6494963078125 0.3777948953125 0.6523974421875 0.3906216046875 0.6570827421875001 0.39455192656250004 0.6610755046875 0.39490124843749996 0.64570354375 0.4096496796875 0.6459594265625 0.41822163437500004 0.6561535546874999 0.4281659890625 0.662142703125 0.4286899703125 0.6649189484375 0.43144743906249994 0.6710390921875 0.4304741359375 0.6765479203125 0.43648816874999996 0.68652983125 0.4373614734375 0.7208613140625 0.435838846875 0.7253780609375 0.43019902187500003 0.7295018203125 0.42905105624999995 0.7298948078125 0.42455919687500004 0.724516975 0.4170478765625
4 0.8080166078125 0.5088429953125 0.8145297375 0.5033778296875 0.818703271875 0.4901642421875 0.8138494203125 0.476663775 0.7971360546875 0.48375111249999997 0.7908788078125 0.49778823125000005 0.792394871875 0.5034529437499999 0.8003367359375 0.5046506828124999 0.8080166078125 0.5088429953125
4 0.46101194999999995 0.27882646875 0.4580985984375 0.2891328140625 0.46915992187500005 0.3006617859375 0.46017009375000006 0.31144233906249996 0.4673696484375 0.3211247015625 0.47431332187499997 0.322235109375 0.4834717015625 0.32102470156249996 0.533605690625 0.311329215625 0.542389409375 0.2799110828125 0.5423081875 0.269342746875 0.5386647453125 0.2650006609375 0.5317647375 0.26339115625 0.4982567859375 0.2669974953125 0.4695214609375 0.2735359640625 0.46101194999999995 0.27882646875
4 0.5764527937499999 0.292949559375 0.5953747593750001 0.29510793125 0.6005840390625 0.29304910624999997 0.601413678125 0.283566290625 0.59829421875 0.27323505937500003 0.5856670562499999 0.2681069984375 0.57377609375 0.26606084375 0.5673939609375 0.27002872031249997 0.5652604734375 0.282917875 0.5668638687499999 0.28758439375 0.5764527937499999 0.292949559375
4 0.7330561234374999 0.273458134375 0.7399997953125 0.27456854375 0.747205459375 0.272684378125 0.7513353265625 0.25996988593750003 0.7478228796875 0.2541305140625 0.734415853125 0.2464196453125 0.7265176546875 0.2447228109375 0.7102409421875 0.24681919375 0.70854410625 0.2547173921875 0.7187382343750001 0.264661746875 0.7330561234374999 0.273458134375
4 0.48245246875000003 0.11423715625 0.4807556359375 0.12213535625000001 0.48999523749999996 0.1314932828125 0.521981015625 0.1337887609375 0.5376525265625001 0.1271131890625 0.5530244875 0.11236475625 0.5425247046874999 0.1059140703125 0.53558103125 0.10480366249999999 0.5214753609375 0.10507832343750001 0.513184175 0.1078733484375 0.508324215625 0.10593941093749999 0.4898764578125 0.1098575140625 0.48245246875000003 0.11423715625