2 0.5570263375 0.31068556875 0.5589309515625 0.299177540625 0.5586981625 0.29263013125000004 0.5557322921875001 0.288750753125 0.5441791953124999 0.281963115625 0.5382474546875 0.27420435625 0.5284038078125 0.272112025 0.52493239375 0.2757061046875 0.5236109203125 0.2819231453125 0.5226249140625 0.312037225 0.5208629499999999 0.3203266109375 0.5176893765624999 0.3250669859375 0.513402034375 0.3274046484375 0.5089595 0.32537736875 0.4962024953125 0.306420965625 0.4920578015625 0.305539984375 0.48467448125 0.31480049062500004 0.47211029375 0.32295976875 0.46598339062500005 0.331404346875 0.45589207187499997 0.3585000453125 0.4455405359375 0.4072001890625 0.4469521453125 0.41074920156249994 0.45265110000000003 0.41196055156250005 0.461886521875 0.404176709375 0.4907567234375 0.4135622234375 0.49504406718749994 0.4112245625 0.5267147515625 0.3692219171875 0.5307693062500001 0.36033684843749997 0.5356923015625 0.3397235046875 0.5467022296875 0.3312338578125 0.5520908 0.32371533124999996 0.5570263375 0.31068556875
2 0.7996241640624999 0.5322804328124999 0.80042755 0.52595326875 0.797086240625 0.5187451249999999 0.7892373453125 0.514910815625 0.7717775921875 0.51553158125 0.7471296765625 0.5092095171875 0.7359645578125 0.5133342265625 0.707302059375 0.49532895625 0.7070567296875 0.4811979671875 0.7249718625 0.4427694171875 0.7282755437499999 0.42722681875 0.72809526875 0.4076947171875 0.7294943375 0.4036601453125 0.7270465515625 0.39989088906250003 0.7224739109375 0.4086658359375 0.7106480546875 0.41589906406250005 0.680972121875 0.4561597296875 0.669106296875 0.4839612328125 0.6649866859375 0.49824741406250006 0.6653746671875 0.5091597609375 0.6761894328125 0.5168734500000001 0.723775809375 0.5248222703125001 0.7004619078125 0.5198667484375 0.710047684375 0.500244509375 0.724929546875 0.506656709375 0.73211770625 0.513599540625 0.7274024156250001 0.5255931296874999 0.7782525031249999 0.538567625 0.7951941703125 0.5378367359375 0.7996241640624999 0.5322804328124999
2 0.3677962421875 0.7296503484375 0.3688849265625 0.7168859000000001 0.3623575046875 0.7068345500000001 0.3525412859375 0.6765903640625 0.33974431250000003 0.6782022343749999 0.3344858484375 0.6749185375 0.3255882375 0.6632804 0.3191007859375 0.6326607765625 0.3104359625 0.6275700468750001 0.30600596874999997 0.6331263500000001 0.30413898125 0.6673851234375 0.301275790625 0.6808553765625 0.295744571875 0.691592546875 0.2929589765625 0.7072452703125001 0.294991353125 0.728254034375 0.29841025625 0.737644646875 0.3099508125 0.7368487046875 0.32187934687499997 0.7469651093749999 0.3300911375 0.746544603125 0.342512675 0.7416039671875 0.352408834375 0.73071160625 0.3677962421875 0.7296503484375
2 0.650712228125 0.2775327125 0.653510365625 0.2694635703125 0.651140178125 0.267876784375 0.6271130296874999 0.279014475 0.604227078125 0.264403025 0.5886570515625 0.2892511984375 0.5735800265625 0.299042334375 0.571377571875 0.3094040671875 0.5748866140625 0.32856073124999996 0.580300265625 0.336209365625 0.5911675437499999 0.3309383609375 0.605571290625 0.3166721671875 0.6231862375 0.3204163390625 0.6322014140625 0.3136686703125 0.6372921421875 0.305003846875 0.6460619890625 0.2841251890625 0.6448580828125 0.2719564234375 0.64840709375 0.2705448125 0.650712228125 0.2775327125
2 0.588895346875 0.43333924375 0.5897637875 0.42161097031250006 0.58841723125 0.412660846875 0.580115303125 0.40331530156250006 0.58208496875 0.3864061609375 0.57962464375 0.37505332343750003 0.569780996875 0.3729609921875 0.5643148328125001 0.37829704999999997 0.5583556625 0.39869014687500004 0.556243346875 0.41881793125 0.5582506390625 0.42465953437500004 0.5635091015625 0.42794323125 0.5648682 0.444476934375 0.5738308640625001 0.450713959375 0.5838822140625 0.4441865359375 0.588895346875 0.43333924375
4 0.9489483406250001 0.5889289875 0.9547648593750001 0.5717545328125 0.9252488078125 0.5297421 0.91813824375 0.524981740625 0.9115583078125 0.5279150828125 0.90300870625 0.5477575671875 0.89905683125 0.57399226875 0.899730109375 0.5784673296875 0.9279521171875 0.5985449468749999 0.9423809484375001 0.5994459140624999 0.943482175 0.594265046875 0.9489483406250001 0.5889289875
2 0.71012996875 0.41578894218749995 0.71241001875 0.40760967812500004 0.7085631671875 0.40787499218749995 0.7094441484375 0.40373029843749997 0.7060377859375 0.4019232671875 0.69995085625 0.3897995703125 0.69403165625 0.38962439375 0.6851591296875 0.39315341875 0.68021105 0.3985996 0.6765319328125 0.41081343437499995 0.6766220703125 0.420579484375 0.6795228859375 0.429859975 0.685299434375 0.43325379531249997 0.688938584375 0.44160823593750004 0.71012996875 0.41578894218749995
4 0.612890378125 0.5369914453125 0.61537813125 0.520192428125 0.6059749765625 0.5160277484375 0.598061028125 0.5175945515625 0.595638328125 0.5289924578125 0.5996004 0.55366035625 0.60588249375 0.5495807171875 0.6060251437499999 0.5463620734375 0.612890378125 0.5369914453125
4 0.5829769687499999 0.6573427406250001 0.58326226875 0.6509054562500001 0.5809445921874999 0.636333975 0.573756434375 0.6293911453125001 0.568951003125 0.6316186828125 0.5583165125 0.6434370953124999 0.5542745 0.6599057453125 0.5600761328125 0.678466728125 0.5683655187500001 0.6802286921875 0.576862609375 0.6733709 0.580023640625 0.66104694375 0.5829769687499999 0.6573427406250001
4 0.567424171875 0.603136459375 0.5704300124999999 0.5864475640625 0.5633719609375001 0.568702509375 0.5575954125 0.565308690625 0.5501344953125 0.572386728125 0.5460799390625 0.5812717968750001 0.5407940499999999 0.6061399546875 0.5456245625 0.6190795796875 0.551025675 0.6191446328125 0.5621131984375001 0.6128374562500001 0.567424171875 0.603136459375
4 0.5041376609375 0.6308380375 0.5055241875 0.619219884375 0.5032966484375 0.61441445625 0.506004646875 0.5965792640625 0.5013943796875 0.5826034671875 0.50078615625 0.5727272937500001 0.4921213328125 0.567636565625 0.49284712343750003 0.5591269328124999 0.4903993390625 0.555357675 0.48867734531250007 0.5430787875 0.48505073750000005 0.542307928125 0.48266800937500004 0.533137559375 0.47342004375 0.533337821875 0.468174125 0.53763770625 0.46294074687500003 0.549521171875 0.46133397499999995 0.5621754984375 0.4473832609375 0.581952928125 0.44148914531249994 0.5969449124999999 0.43878114687499997 0.6147801046875 0.439842403125 0.6301675125 0.44776889531249997 0.63618429375 0.4531574640625 0.628665765625 0.46395968906249996 0.6287958734375 0.4661872265625 0.6336013015625 0.46717088906250004 0.6468062406249999 0.4734004703125 0.6557112953125 0.481249365625 0.6595456046875 0.49307522031250006 0.6523123765625 0.49994045624999994 0.6429417484375 0.5041376609375 0.6308380375
4 0.47113061875 0.714793159375 0.4747971953125 0.6949957437500001 0.47464200156249997 0.690630803125 0.47101539531250003 0.6898599453125 0.46773914375 0.6772506890625001 0.4618849984375 0.6716744015625 0.44819449999999994 0.6698473828125 0.43688673125 0.677190734375 0.437792796875 0.688213203125 0.44671549062500004 0.715018503125 0.45427908749999996 0.7252900984374999 0.47113061875 0.714793159375
4 0.444742659375 0.5510679890625 0.449588059375 0.5282721765625 0.4454833359375 0.5068229203125 0.4380098765625 0.506317375 0.43092439687499995 0.5167241765624999 0.42672719218750005 0.5288278890625 0.42580624062499994 0.5535408578125 0.4313750859375 0.56555443125 0.4369964421875 0.564583309375 0.444742659375 0.5510679890625
4 0.41966914062500005 0.5110828359374999 0.4239314 0.4935780109375 0.4217038609375 0.4887725828125 0.40542292968750004 0.4863949515625 0.40165367500000004 0.48884273437500003 0.3993085703125 0.502423109375 0.40245471562499996 0.5258345890625 0.40659940937499994 0.526715571875 0.41966914062500005 0.5110828359374999
4 0.3707612921875 0.509351053125 0.3730288 0.49358820937500003 0.3724205765625 0.48371203593749995 0.3646492765625 0.4820601953125 0.35222773749999997 0.48700083125000004 0.3500903375 0.4919614515625 0.35003782499999997 0.50494614375 0.35271839531250004 0.5152628078125 0.36138321875 0.5203535390625 0.3641938984375 0.5198679796875 0.3707612921875 0.509351053125
4 0.405415896875 0.61635200625 0.40673736875 0.610134965625 0.3998345109375 0.5967548515625001 0.3912472828125 0.5938465921875 0.3715850734375 0.604829090625 0.3724660546875 0.600684396875 0.3699406765625 0.594732671875 0.357869490625 0.5878349109375 0.35232572968750003 0.5909884984375 0.34849141875 0.5988373953125 0.347079809375 0.595288384375 0.34806347031249996 0.6084933234375 0.3435558828125 0.6118671578125 0.3442291609375 0.6163422187500001 0.34075774375 0.619936296875 0.342467196875 0.6246316046875 0.3387755359375 0.6292618578125 0.3409380203125 0.6394683984375 0.34006958125 0.6511966734375 0.35272390468750003 0.6528034453125 0.36007979843750004 0.6716947953125 0.37436597968749996 0.6758144046875 0.38029771874999996 0.6835731640625 0.3849605 0.68456426875 0.38739574062500004 0.6807499421875 0.39449376406250003 0.677926721875 0.4066448875 0.6436879328125 0.4088473421875 0.6333262000000001 0.40446986249999994 0.6258978125 0.40734559375 0.6200111390624999 0.405415896875 0.61635200625
4 0.439497559375 0.779546546875 0.44074143593750004 0.7711470390625 0.43548297343750003 0.7678633406250001 0.41935723437499994 0.76985065 0.4070258328125 0.7845573359375 0.4191746140625 0.793637565625 0.433823690625 0.793502359375 0.4413622015625 0.7886067921875 0.439497559375 0.779546546875
4 0.35584649062499996 0.393550071875 0.356870121875 0.3861867359375 0.3493065265625 0.3759151390625 0.33562857031250004 0.3816717046875 0.3273916953125 0.366925046875 0.316071384375 0.3666848171875 0.30809238125 0.37365273125 0.29259995 0.400683375 0.2785967234375 0.4334454984375 0.27809117968749997 0.4409189578125 0.28135489062499996 0.44594463125 0.2920144640625 0.44929338124999996 0.326493484375 0.45012419687499994 0.3517919359375 0.402435140625 0.35584649062499996 0.393550071875
4 0.29100103125 0.50755931875 0.29466760625 0.4877619015625 0.2922072828125 0.47640906562499996 0.28798499375 0.4733456140625 0.27429449375 0.47151859687500003 0.2683102421875 0.47674453124999994 0.2667034703125 0.4893988578125 0.267984971875 0.5037500921875 0.2774657234375 0.5100972390625 0.2873093703125 0.5121895703125 0.29100103125 0.50755931875
4 0.22553245937500002 0.647427828125 0.226556090625 0.6400644921875001 0.2220884734375 0.6228700515625001 0.2151856125 0.6094899359375 0.20667598125 0.608764146875 0.199525446875 0.6245720609375 0.19879965625 0.6330816921875 0.20245134843749998 0.6490197140625 0.2072693203125 0.65437575625 0.22140030937500002 0.654130428125 0.22553245937500002 0.647427828125
4 0.1505916953125 0.38349444374999997 0.1581576359375 0.35044702031249997 0.1515526171875 0.3382132015625 0.14304298437500002 0.3374874109375 0.1363204 0.343639396875 0.12665702968749998 0.361079165625 0.1271100609375 0.3665904015625 0.12172149218749999 0.37410892812499996 0.11708379687499999 0.3882849859375 0.1160601640625 0.395648321875 0.11933641718750002 0.408257578125 0.1389986265625 0.39727507968750003 0.1505916953125 0.38349444374999997