2 0.51025390625 0.3681640625 0.5107421875 0.3876953125 0.5126953125 0.396484375 0.533203125 0.4404296875 0.53662109375 0.443359375 0.564453125 0.4404296875 0.5712890625 0.44921875 0.57666015625 0.44921875 0.57861328125 0.4462890625 0.57861328125 0.400390625 0.57470703125 0.3740234375 0.57080078125 0.365234375 0.56103515625 0.35546875 0.55615234375 0.345703125 0.55224609375 0.345703125 0.537109375 0.3603515625 0.53271484375 0.361328125 0.529296875 0.3583984375 0.52734375 0.353515625 0.52734375 0.345703125 0.5322265625 0.318359375 0.5322265625 0.3125 0.52978515625 0.30859375 0.5205078125 0.30859375 0.513671875 0.314453125 0.501953125 0.318359375 0.49853515625 0.3212890625 0.4970703125 0.3271484375 0.49658203125 0.337890625 0.49853515625 0.3505859375 0.501953125 0.3583984375 0.51025390625 0.3681640625
2 0.3017578125 0.4990234375 0.2998046875 0.4873046875 0.3076171875 0.482421875 0.322265625 0.4794921875 0.3271484375 0.4990234375 0.30517578125 0.4990234375 0.349609375 0.5009765625 0.36083984375 0.49609375 0.36328125 0.486328125 0.3623046875 0.47265625 0.35693359375 0.4453125 0.337890625 0.4033203125 0.32861328125 0.39453125 0.326171875 0.3857421875 0.3232421875 0.388671875 0.32373046875 0.392578125 0.31982421875 0.41015625 0.31982421875 0.4248046875 0.32861328125 0.462890625 0.32568359375 0.4755859375 0.29638671875 0.486328125 0.287109375 0.48046875 0.263671875 0.4814453125 0.248046875 0.4775390625 0.240234375 0.4794921875 0.23583984375 0.4853515625 0.2353515625 0.4912109375 0.23828125 0.4970703125 0.25341796875 0.5009765625 0.3017578125 0.4990234375
2 0.61767578125 0.7744140625 0.625 0.7763671875 0.6376953125 0.76953125 0.64794921875 0.7724609375 0.65283203125 0.7646484375 0.65869140625 0.74609375 0.6591796875 0.7314453125 0.65625 0.720703125 0.65625 0.7080078125 0.6611328125 0.6767578125 0.658203125 0.6708984375 0.6494140625 0.673828125 0.6376953125 0.7001953125 0.62744140625 0.708984375 0.6220703125 0.7109375 0.61083984375 0.70703125 0.59619140625 0.732421875 0.58837890625 0.740234375 0.5869140625 0.751953125 0.6005859375 0.755859375 0.607421875 0.767578125 0.61767578125 0.7744140625
2 0.42138671875 0.296875 0.42529296875 0.3173828125 0.42822265625 0.326171875 0.43505859375 0.333984375 0.45166015625 0.333984375 0.4619140625 0.349609375 0.470703125 0.3564453125 0.47705078125 0.3505859375 0.48388671875 0.333984375 0.48388671875 0.32421875 0.47216796875 0.3125 0.462890625 0.287109375 0.439453125 0.2958984375 0.419921875 0.28125 0.41748046875 0.2822265625 0.41845703125 0.2900390625 0.421875 0.2841796875 0.4248046875 0.2861328125 0.42138671875 0.296875
2 0.4638671875 0.45703125 0.46826171875 0.4423828125 0.4736328125 0.4404296875 0.4765625 0.435546875 0.478515625 0.4169921875 0.47705078125 0.3974609375 0.47314453125 0.3916015625 0.4638671875 0.3916015625 0.45947265625 0.4013671875 0.4580078125 0.4169921875 0.44873046875 0.423828125 0.44580078125 0.431640625 0.4443359375 0.4423828125 0.44677734375 0.453125 0.45458984375 0.4609375 0.4638671875 0.45703125
4 0.10693359375 0.5263671875 0.13623046875 0.513671875 0.1376953125 0.509765625 0.13916015625 0.4853515625 0.13525390625 0.4658203125 0.1298828125 0.4619140625 0.12255859375 0.46484375 0.087890625 0.4970703125 0.08984375 0.513671875 0.09375 0.51953125 0.09375 0.5244140625 0.10693359375 0.5263671875
2 0.36328125 0.421875 0.36767578125 0.4140625 0.36962890625 0.4052734375 0.36865234375 0.3935546875 0.365234375 0.3876953125 0.35791015625 0.3828125 0.3525390625 0.3818359375 0.3447265625 0.3916015625 0.34130859375 0.392578125 0.34130859375 0.396484375 0.337890625 0.3955078125 0.33837890625 0.4033203125 0.3525390625 0.4306640625 0.357421875 0.423828125 0.36328125 0.421875
4 0.41162109375 0.548828125 0.419921875 0.52734375 0.419921875 0.5166015625 0.4130859375 0.513671875 0.40380859375 0.515625 0.40283203125 0.53125 0.4072265625 0.541015625 0.40673828125 0.5439453125 0.41162109375 0.548828125
4 0.41552734375 0.6689453125 0.42333984375 0.6689453125 0.43212890625 0.6533203125 0.431640625 0.6376953125 0.42431640625 0.625 0.42041015625 0.6220703125 0.41259765625 0.626953125 0.40771484375 0.6396484375 0.40673828125 0.6455078125 0.40869140625 0.6494140625 0.4091796875 0.6611328125 0.41552734375 0.6689453125
4 0.44775390625 0.6181640625 0.45458984375 0.607421875 0.45458984375 0.583984375 0.45263671875 0.5751953125 0.447265625 0.5673828125 0.44140625 0.5693359375 0.431640625 0.583984375 0.43115234375 0.599609375 0.43408203125 0.609375 0.44287109375 0.6171875 0.44775390625 0.6181640625
4 0.498046875 0.6669921875 0.505859375 0.6650390625 0.51318359375 0.658203125 0.5166015625 0.646484375 0.51953125 0.642578125 0.529296875 0.64453125 0.53271484375 0.65234375 0.541015625 0.6484375 0.544921875 0.634765625 0.5458984375 0.6181640625 0.54345703125 0.603515625 0.53466796875 0.5830078125 0.53564453125 0.5712890625 0.533203125 0.5595703125 0.529296875 0.5546875 0.52099609375 0.552734375 0.51708984375 0.560546875 0.513671875 0.560546875 0.509765625 0.5712890625 0.5068359375 0.57421875 0.505859375 0.58203125 0.4970703125 0.5849609375 0.49462890625 0.59375 0.48779296875 0.60546875 0.48681640625 0.6220703125 0.48388671875 0.6259765625 0.48291015625 0.63671875 0.484375 0.6484375 0.48876953125 0.658203125 0.498046875 0.6669921875
4 0.53173828125 0.701171875 0.53466796875 0.69140625 0.52587890625 0.6826171875 0.51318359375 0.681640625 0.5068359375 0.685546875 0.50146484375 0.6962890625 0.498046875 0.6962890625 0.4970703125 0.7001953125 0.49658203125 0.71875 0.509765625 0.7314453125 0.5185546875 0.7236328125 0.53173828125 0.701171875
4 0.568359375 0.58203125 0.572265625 0.5595703125 0.57080078125 0.5478515625 0.56640625 0.537109375 0.5595703125 0.5361328125 0.5517578125 0.5546875 0.5517578125 0.576171875 0.55615234375 0.58984375 0.56103515625 0.591796875 0.568359375 0.58203125
4 0.60205078125 0.541015625 0.6025390625 0.5283203125 0.599609375 0.525390625 0.58447265625 0.5244140625 0.58154296875 0.5283203125 0.58203125 0.544921875 0.5908203125 0.5615234375 0.5947265625 0.5615234375 0.60205078125 0.541015625
4 0.6416015625 0.5615234375 0.64599609375 0.552734375 0.6484375 0.541015625 0.6474609375 0.5361328125 0.63720703125 0.529296875 0.6298828125 0.529296875 0.62744140625 0.5380859375 0.62646484375 0.552734375 0.63037109375 0.5634765625 0.6328125 0.564453125 0.6416015625 0.5615234375
4 0.568359375 0.6572265625 0.568359375 0.6669921875 0.57275390625 0.7001953125 0.57861328125 0.7041015625 0.580078125 0.7080078125 0.58447265625 0.7080078125 0.59130859375 0.7021484375 0.60498046875 0.701171875 0.615234375 0.685546875 0.626953125 0.6865234375 0.62841796875 0.67578125 0.63232421875 0.6669921875 0.6298828125 0.662109375 0.63232421875 0.658203125 0.6298828125 0.654296875 0.63134765625 0.650390625 0.6279296875 0.646484375 0.63134765625 0.634765625 0.62939453125 0.6376953125 0.62744140625 0.6298828125 0.623046875 0.6259765625 0.61083984375 0.6298828125 0.607421875 0.634765625 0.607421875 0.638671875 0.591796875 0.625 0.58349609375 0.6259765625 0.57470703125 0.63671875 0.57470703125 0.642578125 0.572265625 0.6455078125 0.57373046875 0.6513671875 0.568359375 0.6572265625
4 0.5283203125 0.7998046875 0.541015625 0.7939453125 0.53271484375 0.7783203125 0.5185546875 0.7734375 0.51318359375 0.775390625 0.5126953125 0.783203125 0.50927734375 0.791015625 0.51513671875 0.796875 0.5283203125 0.7998046875
4 0.708984375 0.513671875 0.71923828125 0.5126953125 0.72314453125 0.5087890625 0.72412109375 0.501953125 0.7177734375 0.4697265625 0.708984375 0.4423828125 0.703125 0.4345703125 0.69287109375 0.4326171875 0.6826171875 0.4443359375 0.67138671875 0.4365234375 0.66259765625 0.4443359375 0.662109375 0.451171875 0.6640625 0.4599609375 0.677734375 0.5078125 0.708984375 0.513671875
4 0.72021484375 0.5673828125 0.72412109375 0.5546875 0.72509765625 0.54296875 0.720703125 0.537109375 0.7080078125 0.5361328125 0.70361328125 0.5380859375 0.69921875 0.5478515625 0.69873046875 0.56640625 0.701171875 0.5712890625 0.71044921875 0.5712890625 0.72021484375 0.5673828125
4 0.75146484375 0.7109375 0.7578125 0.697265625 0.7587890625 0.689453125 0.75537109375 0.673828125 0.74755859375 0.6728515625 0.73876953125 0.68359375 0.7314453125 0.6982421875 0.73095703125 0.705078125 0.7333984375 0.7119140625 0.74609375 0.71484375 0.75146484375 0.7109375
4 0.8779296875 0.4990234375 0.87841796875 0.4921875 0.876953125 0.478515625 0.87353515625 0.470703125 0.875 0.4658203125 0.86962890625 0.4482421875 0.86474609375 0.44140625 0.85693359375 0.4404296875 0.8486328125 0.4501953125 0.84912109375 0.4814453125 0.85693359375 0.49609375 0.87255859375 0.509765625 0.8779296875 0.4990234375