2 0.36808565625 0.065059634375 0.354148615625 0.069067971875 0.3452311140625 0.07609235 0.3504956828125 0.0886492859375 0.3432006203125 0.11073901875 0.3487237265625 0.111495728125 0.38350101406250003 0.105491996875 0.3909104984375 0.10097738593750001 0.39505890312499997 0.0919414140625 0.39644710625 0.0803929734375 0.36808565625 0.065059634375
2 0.29155263593749997 0.789354303125 0.2754814859375 0.7933612906249999 0.265559534375 0.8006361078124999 0.26656128125 0.80465389375 0.28387381562499997 0.8227420406249999 0.30458884531249997 0.8202444203124999 0.314636015625 0.8134718296875001 0.3176520546875 0.8084522953125 0.31602421718749996 0.801923390625 0.3064887203125 0.793631978125 0.29155263593749997 0.789354303125
4 0.26061355625 0.2844286875 0.2475557453125 0.287684365625 0.234745671875 0.2962127140625 0.23197196875 0.31504136875 0.240884071875 0.3165534390625 0.25318787343750004 0.3145526453125 0.25821280625 0.3090322375 0.2623558125 0.3085327140625 0.26775640312500004 0.3045189765625 0.27052740625 0.2899585453125 0.26061355625 0.2844286875
4 0.1918447328125 0.64191189375 0.203272003125 0.6363955359375 0.207540228125 0.6363982359375 0.2098022578125 0.632633584375 0.22386721718749997 0.624859246875 0.215586603125 0.6173218453125 0.207678946875 0.6155593374999999 0.203538640625 0.6117906359374999 0.201409928125 0.6032528375 0.20492684218749999 0.600242196875 0.20694113593750002 0.5912048734375001 0.1922608875 0.5793951984375 0.1882484984375 0.5718604968750001 0.1944030984375 0.5665918750000001 0.1918933328125 0.565083853125 0.2013090078125 0.56433659375 0.2057051515625 0.5605732921875 0.20646456093749999 0.5507819609375 0.22530131718750002 0.540750990625 0.23987254687499998 0.526449096875 0.237621315625 0.51314085 0.23034245156250002 0.5096212359375001 0.2167837671875 0.5108680203125 0.1974488390625 0.514621871875 0.172460184375 0.5256532375 0.16516511875 0.5477429703125 0.14908586875000002 0.5645546328125 0.14141785 0.58086946875 0.146295965625 0.6089926328125 0.17690864687500002 0.6376342203124999 0.1795409328125 0.6439126890625 0.1860711875 0.6401507375000001 0.1918447328125 0.64191189375
4 0.7215315171875 0.5626570937500001 0.722290925 0.5528657609375001 0.709739390625 0.549593884375 0.70019849375 0.5498389203125 0.6915341265625 0.5535995218750001 0.6826247234375 0.547819225 0.6635402312500001 0.5525775234375 0.645705221875 0.56662628125 0.6423108281250001 0.574407371875 0.6507193578125 0.578178771875 0.6611394828125 0.577181075 0.6657833625 0.57869044375 0.6703047234375 0.5754293671874999 0.6784628171875 0.5781963203125 0.69829861875 0.5764513640625 0.7215315171875 0.5626570937500001
4 0.7349369609374999 0.4067497828125 0.7188658109375 0.4107567703125 0.7083150671875 0.41978869375 0.7075583578125 0.4253118015625 0.71609210625 0.42958542499999997 0.7273914593749999 0.42783506875 0.7469795234375 0.4208174390625 0.7510027109374999 0.41127924374999997 0.7459831765625 0.4082632015625 0.7349369609374999 0.4067497828125
4 0.40041023750000004 0.562705034375 0.3918737875 0.562699634375 0.379820425 0.565704875 0.372283021875 0.5739854875 0.3781709859375 0.593321765625 0.3963735484375 0.5935843515625 0.41169338906249997 0.5865640234375 0.4183515625 0.5790360703124999 0.41823174375 0.5699973984375 0.409197121875 0.5637148796875 0.40041023750000004 0.562705034375
4 0.6654853468749999 0.851354584375 0.6682536515625 0.8410623781250001 0.663362034375 0.8342803375000001 0.6302152859375 0.8425447500000001 0.62606958125 0.847312496875 0.6292054390625 0.8513316359375 0.627193846875 0.8561007328124999 0.639239109375 0.865900165625 0.64426134375 0.8646479812500001 0.6467738109375001 0.861887778125 0.6521717 0.8621422640624999 0.6544337312499999 0.8583776125 0.6654853468749999 0.851354584375
4 0.404175909375 0.7618076109375 0.3946323125 0.7663208734375 0.3832023421875 0.77610545625 0.38671115624999997 0.7858994890625 0.40215081562500005 0.7879178312499999 0.41006117187499996 0.7854121140625 0.42124070781249995 0.774623084375 0.4211208875 0.7655844125 0.40944858125000005 0.761559875 0.404175909375 0.7618076109375
4 0.213433590625 0.6471980640624999 0.21455245781249999 0.6645227484375 0.219822428125 0.6685432375 0.24405437187499998 0.6630349796874999 0.254351978125 0.6572668328125 0.25523930781250004 0.6437095 0.24658033906250001 0.6389336515624999 0.22523921875 0.6389201531250001 0.213433590625 0.6471980640624999
4 0.2512738390625 0.76045553125 0.2591814953125 0.7622180375000001 0.30049173749999997 0.74818413125 0.3139306046875 0.7378986734375 0.3125532015625 0.7323742156249999 0.2734013703125 0.707995453125 0.246417321875 0.698186571875 0.24139508906249998 0.6994387546875 0.2331036765625 0.70897425 0.2280814421875 0.710226434375 0.2253158375 0.716250415625 0.22857691562500002 0.720771778125 0.223176325 0.7247855140625 0.226061746875 0.72780020625 0.23120920156250002 0.7270502453125001 0.230452490625 0.732573353125 0.2512738390625 0.76045553125
4 0.6365804828125 0.5043546234375 0.619630103125 0.5091142718749999 0.6107125984375 0.5161386484375 0.6081947328124999 0.5274353015625 0.6203706125 0.5292005093750001 0.6291601984375 0.52594213125 0.6407099890625 0.5251962203125 0.6532669234374999 0.5199316484375001 0.6541488531249999 0.514910765625 0.6454925859375 0.5058666921875 0.6365804828125 0.5043546234375
4 0.2335431078125 0.4112029875 0.23053516875 0.40341784843750006 0.2172296203125 0.4014008546875 0.202916928125 0.403902521875 0.1891024078125 0.412681309375 0.1745365765625 0.418446753125 0.1692612046875 0.4229627140625 0.1706386078125 0.42848717187499996 0.19361026875 0.43076135156250006 0.1968767453125 0.426746265625 0.2133235515625 0.42424594843749996 0.2276389453125 0.41747605625000006 0.2335431078125 0.4112029875
4 0.3645336421875 0.123557190625 0.3573772953125 0.12480802499999999 0.3429339828125 0.1353439171875 0.3333930875 0.13558895625 0.3111538375 0.1662056875 0.31592293437499996 0.16821728125 0.352583896875 0.1612104515625 0.364389525 0.15293253906249998 0.3723079796875 0.1376221484375 0.3701792671875 0.1290843484375 0.3645336421875 0.123557190625
4 0.1729934578125 0.47644343906250003 0.1654614546875 0.4761876015625 0.1511487625 0.47868926875 0.1492596859375 0.488228815625 0.156280015625 0.5035486546875 0.1618004234375 0.508573590625 0.17108818125 0.5115923312499999 0.174605096875 0.5085816890625 0.17899853906250002 0.5090866140625 0.188672753125 0.4965391265625 0.1831577453125 0.48297774374999997 0.1729934578125 0.47644343906250003