2 0.09912109375 0.5498046875 0.10107421875 0.544921875 0.103515625 0.51171875 0.10107421875 0.50390625 0.09375 0.498046875 0.08349609375 0.494140625 0.06298828125 0.5166015625 0.0634765625 0.5302734375 0.06787109375 0.5400390625 0.08056640625 0.5380859375 0.09912109375 0.5498046875
2 0.7373046875 0.7666015625 0.73974609375 0.7470703125 0.73583984375 0.736328125 0.73193359375 0.732421875 0.7255859375 0.732421875 0.7158203125 0.7392578125 0.70849609375 0.751953125 0.70849609375 0.767578125 0.712890625 0.7783203125 0.716796875 0.7783203125 0.7373046875 0.7666015625
4 0.26416015625 0.6904296875 0.26513671875 0.6787109375 0.26123046875 0.6728515625 0.26171875 0.6689453125 0.25927734375 0.6630859375 0.24658203125 0.6572265625 0.2392578125 0.6650390625 0.2392578125 0.677734375 0.244140625 0.69140625 0.2607421875 0.6982421875 0.26416015625 0.6904296875
4 0.47021484375 0.8310546875 0.4833984375 0.841796875 0.51025390625 0.84375 0.54345703125 0.822265625 0.5498046875 0.8212890625 0.5478515625 0.814453125 0.55078125 0.8095703125 0.54833984375 0.7978515625 0.54931640625 0.7939453125 0.54638671875 0.791015625 0.54248046875 0.7763671875 0.53369140625 0.7822265625 0.5302734375 0.7890625 0.52587890625 0.7919921875 0.517578125 0.7919921875 0.515625 0.7880859375 0.5078125 0.7841796875 0.49365234375 0.794921875 0.48583984375 0.796875 0.482421875 0.7900390625 0.48046875 0.7919921875 0.48193359375 0.783203125 0.4794921875 0.7783203125 0.470703125 0.775390625 0.4658203125 0.755859375 0.4560546875 0.7392578125 0.443359375 0.73828125 0.4384765625 0.744140625 0.4365234375 0.7568359375 0.435546875 0.775390625 0.43994140625 0.80078125 0.45849609375 0.8125 0.47021484375 0.8310546875
4 0.59716796875 0.375 0.5986328125 0.365234375 0.60107421875 0.361328125 0.59912109375 0.3564453125 0.603515625 0.349609375 0.6064453125 0.3310546875 0.59912109375 0.306640625 0.59033203125 0.3037109375 0.58447265625 0.314453125 0.58251953125 0.3232421875 0.583984375 0.33203125 0.57666015625 0.3388671875 0.57666015625 0.357421875 0.58544921875 0.376953125 0.591796875 0.3818359375 0.59716796875 0.375
4 0.47021484375 0.2880859375 0.47607421875 0.28125 0.47705078125 0.2705078125 0.47509765625 0.2509765625 0.46728515625 0.2451171875 0.46337890625 0.2490234375 0.45947265625 0.2587890625 0.45947265625 0.2744140625 0.46533203125 0.2861328125 0.47021484375 0.2880859375
4 0.548828125 0.6279296875 0.55322265625 0.611328125 0.55029296875 0.595703125 0.544921875 0.587890625 0.53662109375 0.5859375 0.52880859375 0.5927734375 0.52587890625 0.6005859375 0.52392578125 0.6083984375 0.52392578125 0.6201171875 0.52978515625 0.62890625 0.548828125 0.6279296875
4 0.84619140625 0.4599609375 0.85791015625 0.451171875 0.85791015625 0.4462890625 0.85595703125 0.443359375 0.857421875 0.4384765625 0.8544921875 0.435546875 0.8505859375 0.423828125 0.841796875 0.4189453125 0.83447265625 0.421875 0.83447265625 0.4541015625 0.837890625 0.458984375 0.84228515625 0.45703125 0.84619140625 0.4599609375
4 0.72705078125 0.6640625 0.732421875 0.650390625 0.73193359375 0.642578125 0.724609375 0.6298828125 0.71630859375 0.6279296875 0.7099609375 0.6376953125 0.708984375 0.642578125 0.7109375 0.65234375 0.71728515625 0.6650390625 0.72705078125 0.6640625
4 0.58154296875 0.7900390625 0.58203125 0.7666015625 0.5791015625 0.755859375 0.56689453125 0.751953125 0.560546875 0.7587890625 0.5556640625 0.7783203125 0.560546875 0.791015625 0.57666015625 0.7939453125 0.58154296875 0.7900390625
4 0.62646484375 0.7958984375 0.63134765625 0.7939453125 0.6337890625 0.7998046875 0.63720703125 0.7978515625 0.6376953125 0.79296875 0.642578125 0.794921875 0.6728515625 0.7822265625 0.67626953125 0.775390625 0.6728515625 0.734375 0.66650390625 0.7197265625 0.6611328125 0.7197265625 0.6298828125 0.75 0.61474609375 0.7724609375 0.61474609375 0.77734375 0.62158203125 0.787109375 0.62158203125 0.7919921875 0.62646484375 0.7958984375
4 0.54541015625 0.3916015625 0.54443359375 0.3828125 0.54638671875 0.3720703125 0.54443359375 0.359375 0.5400390625 0.357421875 0.52978515625 0.36328125 0.5263671875 0.37109375 0.52685546875 0.3876953125 0.53125 0.3974609375 0.541015625 0.40234375 0.54541015625 0.3916015625
4 0.34521484375 0.7802734375 0.3505859375 0.7802734375 0.35791015625 0.759765625 0.35498046875 0.755859375 0.3564453125 0.740234375 0.353515625 0.7255859375 0.34912109375 0.71875 0.34130859375 0.7197265625 0.33642578125 0.7314453125 0.33544921875 0.7451171875 0.34033203125 0.759765625 0.34228515625 0.7744140625 0.34521484375 0.7802734375
4 0.142578125 0.591796875 0.1455078125 0.587890625 0.1474609375 0.552734375 0.142578125 0.5400390625 0.13037109375 0.529296875 0.1220703125 0.529296875 0.11572265625 0.533203125 0.115234375 0.5400390625 0.12158203125 0.5556640625 0.11962890625 0.564453125 0.142578125 0.591796875
4 0.421875 0.806640625 0.4267578125 0.798828125 0.4248046875 0.794921875 0.42626953125 0.791015625 0.4169921875 0.779296875 0.4033203125 0.78125 0.39501953125 0.7890625 0.39306640625 0.7958984375 0.39208984375 0.8095703125 0.400390625 0.8134765625 0.416015625 0.810546875 0.421875 0.806640625