2 0.0187990546875 0.46523362031250004 0.0177857859375 0.47988300937500006 0.021376328125 0.49080030937499997 0.035133459374999995 0.49013825781250003 0.0536049359375 0.504727590625 0.056235546875 0.4997341203125 0.062564340625 0.46456357812500004 0.0608374296875 0.4559501375 0.05368445937500001 0.4488743796875 0.0431882015625 0.4435552109375 0.0187990546875 0.46523362031250004
2 0.6807479625 0.7888193046875001 0.6789948640625 0.8054989171875 0.6824758390625 0.8174586921874999 0.686641375 0.8178965078125 0.7098252671874999 0.8076853312500001 0.7146200984375 0.78710945 0.7116598171875 0.7752044 0.7079325546875 0.7705966828124999 0.7011635578125001 0.76988523125 0.6899827359375 0.7760880234374999 0.6807479625 0.7888193046875001
4 0.19011446875 0.6434463671875 0.1886900765625 0.6569985515625001 0.1923630375 0.6721404828125 0.20929958750000002 0.6812985281249999 0.21382098125 0.6733418109375 0.2161771890625 0.66094155625 0.21266906406250002 0.6542488843750001 0.21362803125 0.650133709375 0.2116819828125 0.6436052203125 0.1988014 0.635927465625 0.19011446875 0.6434463671875
4 0.50609986875 0.8326485734375 0.5048112312499999 0.8198652281250001 0.5062908890625 0.8158047796875 0.50349544375 0.8123489890625001 0.5009734359375 0.7962740375 0.490943565625 0.8015438078124999 0.486531740625 0.8084580484374999 0.48151680625 0.811092934375 0.47266504062500003 0.8101625765625 0.471020546875 0.8057737656249999 0.46312774843750004 0.8007282312499999 0.446822421875 0.8106083843749999 0.4382722125 0.8118177046874999 0.435394346875 0.8041372843750001 0.43309244218750004 0.806003328125 0.43564063593749996 0.7967852265625 0.43358501875 0.7912992125 0.4245412671875 0.7871867015625 0.42152571875 0.7657899171875 0.41297454218749996 0.7469732890625 0.3995461171875 0.7445079125 0.393681784375 0.7502154984375 0.390174625 0.7635487765625 0.3870514359375 0.7832463625 0.38888887968749997 0.8108432750000001 0.40736035781249996 0.8254326078125 0.4177751640625 0.8465530953125 0.43062859531250003 0.8594979546875001 0.459047521875 0.8645928890624999 0.49686509531249995 0.8453798546875 0.5037436609375 0.8450488281249999 0.5024278718749999 0.8375325890624999 0.50609986875 0.8326485734375
4 0.614076225 0.3011915125 0.605032471875 0.2970790015625 0.5975789125000001 0.3078895109375 0.5945100265625001 0.317052884375 0.5950859859375 0.32659934687500003 0.5865086234375 0.3330757734375 0.5844268203125 0.3528828140625 0.5916079062499999 0.3747174140625 0.597829059375 0.38064124375 0.6043236515625 0.373945909375 0.606981415625 0.3636853328125 0.61002315 0.3597890640625 0.608488225 0.35435777812499997 0.6139414328125 0.3475529890625 0.619147390625 0.32807431249999996 0.614076225 0.3011915125
4 0.47052714843750004 0.23445829375 0.4687740515625 0.2511379046875 0.47370753125 0.2643043390625 0.4786953171875 0.266936559375 0.4857106015625 0.26029595156249996 0.487957240625 0.24893817187499998 0.48806584375 0.22786974999999998 0.48039218124999994 0.22073926250000003 0.47578837187499995 0.22447135000000001 0.47052714843750004 0.23445829375
4 0.5029922546875001 0.60676768125 0.5000329375 0.6148885796875 0.4987181140625 0.6273982890625 0.503980303125 0.6374372953125 0.5243968640625 0.6385291703125 0.5309457578125001 0.6212996234375 0.529574703125 0.60429165 0.5247236390625 0.595349846875 0.5160910109375 0.5923345375 0.5069929578125 0.5987562359374999 0.5029922546875001 0.60676768125
4 0.8690844171875 0.4544729828125 0.860259803125 0.44827551874999993 0.852120715625 0.4505820421875 0.8485049515625 0.48498374375 0.8516019531250001 0.490579209375 0.8565073171875 0.48898680156249996 0.8603441500000001 0.4925520453125 0.8738268781249999 0.484483209375 0.8743747203125001 0.4792708296875 0.87262065625 0.47592449531250003 0.8747305765625001 0.47087629687500004 0.8719351312500001 0.46742050781250005 0.8690844171875 0.4544729828125
4 0.693540340625 0.6721167453125 0.6945274218749999 0.6827604093749999 0.6998720265625 0.6970240453125001 0.7103954375 0.6970761078125001 0.7176570109375 0.68308344375 0.71801286875 0.6746889109375 0.7116268796874999 0.660315821875 0.7029942499999999 0.6573005125 0.6951295671875 0.66701381875 0.693540340625 0.6721167453125
4 0.5185955125 0.8139360703125 0.535449646875 0.8188694875 0.5410948421875 0.8152468546874999 0.54424518125 0.7902821624999999 0.542326284375 0.7784865671875 0.5297472546875001 0.7729484906249999 0.522211278125 0.779534371875 0.514812984375 0.7998366171875 0.5185955125 0.8139360703125
4 0.6393408125 0.8171409875 0.6437526375 0.8102267453125 0.644709675 0.7660596734375 0.63958420625 0.7497110859375 0.63385659375 0.749109090625 0.597135671875 0.7779233156250001 0.578474140625 0.8002037218750001 0.5779262968750001 0.8054161015625001 0.5841203 0.8166070359375001 0.58357245625 0.821819415625 0.5883411015625 0.8265365875 0.5937671609375 0.8249989062499999 0.595713209375 0.8315273953125001 0.599577190625 0.8298255328125 0.6006457265625 0.8246678812500001 0.6056335109375001 0.8273001015625001 0.6393408125 0.8171409875
4 0.5292615734375 0.36184059999999996 0.5279195984375 0.379617415625 0.5315101421875 0.3905347140625 0.541376140625 0.3968416328125 0.547267625 0.3858669421875 0.5472123578125 0.37637520625 0.55050038125 0.3651268796875 0.5498420046875 0.3513557875 0.5453749125 0.3487782921875 0.5337829671875001 0.35388388125 0.5292615734375 0.36184059999999996
4 0.301243915625 0.7130960984375 0.292803275 0.7132629421875001 0.286281528125 0.7252253828125 0.283706184375 0.7397105890625 0.287269575 0.7558949953125 0.287708815625 0.7717510390625 0.29017555625 0.77833425625 0.29590316875 0.778936253125 0.3060144921875 0.7578651640625 0.3033286140625 0.7533669 0.3066437875 0.7368514671875 0.3051631640625 0.7208859703125 0.301243915625 0.7130960984375
4 0.073171134375 0.48886621874999997 0.0718834609375 0.49610882343749996 0.076899359375 0.5134998859375 0.07383047499999999 0.522663259375 0.09523508124999999 0.5544247484375 0.09879750781249999 0.55058320625 0.1048247484375 0.5132729859375 0.10104221718749999 0.49917353125 0.0892301703125 0.48633812499999995 0.08037840625 0.4854077671875 0.073171134375 0.48886621874999997
4 0.34230003125 0.7932986859375 0.3394502828125 0.8003771078125 0.3368749375 0.814862315625 0.345288428125 0.8199625765624999 0.36227928125000003 0.8185864109375001 0.36896586249999996 0.8150732328125001 0.37504933125 0.8072806953124999 0.3734048375 0.802891884375 0.3754051875 0.7988861609375 0.3668268609375 0.785336640625 0.3520283453125 0.7858892375 0.34230003125 0.7932986859375