4 0.48169030468749996 0.723938809375 0.492644828125 0.7239657125 0.49819358593749996 0.7226149171875 0.4995149703125 0.718306584375 0.506013328125 0.71974154375 0.5117336796874999 0.715116553125 0.5198394093750001 0.7067861890625 0.520325590625 0.697509303125 0.5067796625 0.6842138359375001 0.49386874374999995 0.6797068171875 0.48944117656249997 0.680569175 0.481878825 0.6785312546875 0.4821076171875 0.6741656609375 0.476673253125 0.6733336609375 0.4430375125 0.6879868265625 0.4347029921875 0.7006827828125 0.4388445703125 0.7052774203125 0.44427893437500005 0.70610941875 0.46659420156250003 0.71931726875 0.47421375 0.720263790625 0.48169030468749996 0.723938809375
4 0.648444325 0.594236921875 0.6703247734375 0.5948364296875 0.6847286687499999 0.59176091875 0.68625024375 0.5836326921875 0.6705191312500001 0.57022270625 0.6281654140625 0.563078259375 0.6239094390625 0.5606664218749999 0.5984366249999999 0.5658978234375 0.591509284375 0.5726483499999999 0.5912232953125 0.5781053421875 0.5962858734375 0.5860314328125 0.603762428125 0.58970645 0.6135957609375 0.59022179375 0.6170165328125 0.5876650796875 0.62127250625 0.5900769171875 0.6269356609375001 0.5865433234374999 0.648444325 0.594236921875
4 0.2696468234375 0.63074638125 0.27623097812499997 0.63054424375 0.3011259796875 0.61543299375 0.30509012812499997 0.6025079953125 0.290623203125 0.5858810734375 0.273627903125 0.575688021875 0.268193540625 0.5748560203124999 0.25281728281250004 0.5964853031249999 0.250609334375 0.6177103109375001 0.2696468234375 0.63074638125
4 0.2652642078125 0.4844148296875 0.292550421875 0.48639203750000004 0.3014627546875 0.48357592499999996 0.31132468593749996 0.48354557031249995 0.3171308359375 0.47728348125000003 0.318681009375 0.46860955468750004 0.30441427499999996 0.4481627375 0.2914175609375 0.44529281718749997 0.26936551875000003 0.4479675046875 0.26781534375 0.45664143125 0.25749583125000003 0.46540297500000005 0.2523818890625 0.47936211249999994 0.2652642078125 0.4844148296875
4 0.7770772625 0.37662710625 0.7945587421875 0.377543271875 0.82003155625 0.3723118703125 0.8220393140625 0.35490675625 0.80527280625 0.3403481109375 0.7835067515625 0.33756580625 0.775772809375 0.33880208125 0.763325309375 0.34635770625 0.7578051484375 0.3471628015625 0.7620039249999999 0.3506660390625 0.7584401578125 0.35595125 0.7664945249999999 0.3695061125 0.7770772625 0.37662710625
4 0.8443779203125 0.45128992500000004 0.856453634375 0.450828390625 0.860881203125 0.44996603437499993 0.8666587531250001 0.4442496453125 0.8649597484375 0.4348582375 0.8469290562499999 0.42351652656249994 0.8382741125000001 0.4214213453125 0.82838358125 0.4219974015625 0.8169714765625 0.43070168437499995 0.8218624609375 0.44190197031249995 0.8443779203125 0.45128992500000004
4 0.48816942812499997 0.34944773281249997 0.5057367046875 0.3487268015625 0.5134992484375 0.34694482656250003 0.515856028125 0.3437851515625 0.516571 0.330142671875 0.5124580187500001 0.3250023375 0.511823009375 0.316213890625 0.504375053125 0.3119931734375 0.5010686765625 0.31236709218750003 0.49370651875 0.30650927656250004 0.4621071328125 0.3032116296875 0.43562752343750005 0.306748675 0.4200452390625 0.311404021875 0.4252508125 0.316601615625 0.4277278203125 0.332052975 0.43299059218749997 0.336159171875 0.4620902046875 0.3453449890625 0.48816942812499997 0.34944773281249997
4 0.432738459375 0.2573494453125 0.4557401 0.2574605125 0.4678730125 0.2559075796875 0.47807813125000004 0.24932883437500003 0.47876450468750004 0.2362320546875 0.46801017343750007 0.2323852546875 0.46496118593749997 0.2278478796875 0.42841945312499996 0.235235175 0.41496515624999997 0.24109644062500002 0.4209487328125 0.2523539875 0.42626870156249996 0.2553687859375 0.432738459375 0.2573494453125
4 0.390207315625 0.2326853640625 0.401133240625 0.2332579671875 0.4136665375 0.2240652453125 0.41021133125000003 0.2063738296875 0.40267757968750006 0.203790209375 0.3840177109375 0.2044538828125 0.37104959531250004 0.2010382625 0.36228025625 0.201125878125 0.35075375468750003 0.21201295781249999 0.35271014843750004 0.216493071875 0.35708051875 0.21672211406250003 0.3641280890625 0.22858261875000002 0.3685270578125 0.2282659609375 0.3727544328125 0.23122349843749998 0.387015334375 0.23087648593750001 0.390207315625 0.2326853640625
4 0.5249907406250001 0.2112947671875 0.5404586296875 0.2088222171875 0.5649532453125 0.2013507578125 0.570702196875 0.1961800671875 0.5761937578125 0.1959206703125 0.5796145296875 0.1933639546875 0.57190335 0.1732607 0.5733391296875 0.1667695703125 0.5637345875 0.161888634375 0.5550510453124999 0.160339153125 0.5253222578125001 0.1631587171875 0.49835646562499997 0.1759726484375 0.50252664375 0.180021584375 0.4989914765625 0.1847610953125 0.5020404625 0.1892984703125 0.5013826890625 0.2018495515625 0.5064738656250001 0.2092299421875 0.5249907406250001 0.2112947671875
4 0.76377705625 0.3168326890625 0.7680902265625 0.31815312812499996 0.7705614015625 0.31281065625000004 0.7590290656249999 0.30290390624999997 0.774062134375 0.287823015625 0.770692725 0.2684945015625 0.7438010625 0.23808367343749998 0.73212573125 0.2309054203125 0.7158798390625 0.22731801875 0.7099878921875 0.23521720625000003 0.70662431875 0.236682521875 0.7011899546875 0.2358505203125 0.6966479921875 0.23889567500000003 0.6970542109375 0.252049715625 0.687655696875 0.26414271562499997 0.6884909 0.26911126875 0.69786665 0.27835779843749997 0.7085637828125 0.2832959953125 0.7133117734375001 0.29722477812500003 0.719695734375 0.30084253437499997 0.7252158953125 0.3000374375 0.7305644625000001 0.3025065359375 0.7339566359374999 0.30049552031250004 0.741433190625 0.3041705375 0.7432465890625 0.311379146875 0.74100420625 0.3123560265625 0.7378408234375 0.3100014484375 0.7388476203125001 0.31169580625000004 0.7320632734375 0.3157178375 0.740775415625 0.31672161875 0.746095384375 0.3197364171875 0.75055155 0.3183283609375 0.7537435296874999 0.3201372390625 0.7502369625 0.32433105156250003 0.76377705625 0.3168326890625
4 0.5477197874999999 0.5719950359375 0.554332540625 0.5712471984375 0.56249546875 0.561825434375 0.5632390390625 0.54763725625 0.561254046875 0.543702840625 0.553691696875 0.5416649203125 0.5214631359374999 0.55037265625 0.5068590484375 0.5572680609375 0.5032952828125 0.5625532703125 0.5085866515624999 0.5661137671875001 0.51301421875 0.5652514109375 0.5205193718750001 0.568380728125 0.5477197874999999 0.5719950359375
4 0.48281034375000004 0.5144206734375001 0.50250560625 0.514905659375 0.5180878921875001 0.5102503125 0.5227156515625 0.5055680609375 0.5231732328125 0.4968368734375 0.5159254703125 0.4887962625 0.5040785453125001 0.484892203125 0.4734573578125 0.48383461250000004 0.4524407109375 0.487657959375 0.447269571875 0.5027084953125 0.4512967546875 0.5094859265625 0.46550045781250005 0.5102303109374999 0.48281034375000004 0.5144206734375001
4 0.314201503125 0.38684229062500003 0.3207856578125 0.3866401546875 0.3335763453125 0.3725361390625 0.33558410156249996 0.355131025 0.33149972031249997 0.34944499218749997 0.3174104140625 0.3465178109375 0.3051917046875 0.349707840625 0.2938367953125 0.357320725 0.28354588125 0.36553656874999996 0.28323129375 0.3715392609375 0.28625168125 0.37662233437500003 0.304482565625 0.38414415 0.314201503125 0.38684229062500003
4 0.287635521875 0.2875015828125 0.2996826375 0.2875857484375 0.31086595156249996 0.283247059375 0.33136198437500003 0.26845246875 0.325349809375 0.257740621875 0.3156880703125 0.253951084375 0.284180315625 0.26981016874999997 0.2738894 0.2780260125 0.287635521875 0.2875015828125
4 0.2164062984375 0.45504159375000003 0.22514703906250003 0.4554996765625 0.25619721093750003 0.4483717796875 0.25981817500000004 0.4419951703125 0.25567659531250003 0.43740053437500004 0.24489366562499998 0.4340994359375 0.23965949375 0.4294475390625 0.232062709375 0.4071614890625 0.2135744328125 0.40455096562500004 0.2013557234375 0.40774099531249997 0.195606771875 0.41291168593750005 0.1985699625 0.41908615937500004 0.19293540781250001 0.4220740515625 0.2003833625 0.42629476874999994 0.2028889703125 0.44120042968749995 0.21430691093749998 0.453289975 0.2164062984375 0.45504159375000003