4 0.32682591250000004 0.5358177140625 0.326326703125 0.5288444359375 0.32783740781250004 0.5251121125 0.32608363749999997 0.51303171875 0.3167293078125 0.498896978125 0.308509309375 0.49774173125 0.2998214625 0.5034238531249999 0.2947901421875 0.5076475453125 0.2949417328125 0.513585809375 0.2909375875 0.5140092218750001 0.2888074421875 0.5186406484375 0.28696480156250004 0.5282432796875 0.2889145984375 0.5354204250000001 0.28844675 0.542257790625 0.296230259375 0.5640610453125 0.29603423125 0.5689642953125 0.29935882187499996 0.573376175 0.3119149046875 0.5682376984374999 0.33049812031250003 0.5412646078125001 0.3306941484375 0.5363613578125 0.32682591250000004 0.5358177140625
4 0.44547881250000004 0.4528911578125 0.454407121875 0.431464275 0.45301665 0.42732421875000004 0.453965425 0.3889973296875 0.44488291875 0.3729284703125 0.43749406718749995 0.3728761953125 0.432342515625 0.38497226875 0.4291407609375 0.4042454859375 0.43222488906249995 0.42440212656250004 0.428160628125 0.42876173125 0.4295511 0.43290178749999997 0.4267257203125 0.4354631859375 0.42550251875 0.4441667140625 0.42745231562499997 0.4513438578125 0.43354217031250003 0.4571305296875 0.4383774640625 0.45781008593749994 0.44547881250000004 0.4528911578125
4 0.33258377656250004 0.7299142375 0.3407750203125 0.7488163171875 0.35976857500000003 0.7504995265625001 0.38136012343750003 0.7407139453125 0.38155615 0.7358106953125 0.37551073125 0.7191825109375001 0.3633911390625 0.703672978125 0.35137870000000004 0.70494321875 0.3338827734375 0.724179840625 0.33258377656250004 0.7299142375
4 0.46880053281249995 0.7184873015625 0.4670938015625 0.7271228734374999 0.4631053359375 0.734451609375 0.460191084375 0.75869603125 0.462428384375 0.77084438125 0.4755437921875 0.7687429921875 0.4849869921875 0.761194709375 0.492859371875 0.7613149406249999 0.4989623015625 0.7424494562499999 0.49865912031250004 0.7305729296875 0.4831548203125 0.71458770625 0.475282440625 0.7144674765625 0.46880053281249995 0.7184873015625
4 0.6686420281250001 0.2929397125 0.6530331781250001 0.2917321921875 0.6441048687500001 0.3131590734375 0.6419302890624999 0.3286320125 0.646373528125 0.339118065625 0.6568909421875 0.3484854703125 0.6621339703125 0.34626385000000004 0.6644915 0.35053981875 0.666138115625 0.34584043593749997 0.6748860796875 0.33622212500000004 0.6772880453125001 0.32965658124999997 0.6785556828125 0.3101115421875 0.6686420281250001 0.2929397125
4 0.5903677875 0.246437234375 0.58790570625 0.25693896875 0.592304509375 0.27826653437500004 0.601295540625 0.284460940625 0.6108746515625 0.2759456 0.6130649109374999 0.26737798281249997 0.6127016125 0.25943764687500004 0.6058250468749999 0.2417064921875 0.5978768703124999 0.2386171296875 0.5918784921875 0.2427049109375 0.5903677875 0.246437234375
4 0.65127409375 0.58141593125 0.65216535625 0.5785827109375 0.6497320296875 0.5713376109375 0.642131471875 0.5692832625 0.638323353125 0.5648034281250001 0.6262351203125001 0.5631045375 0.623062121875 0.5646309203125 0.620176625 0.571128509375 0.6165514578125 0.58639758125 0.6157072343750001 0.6099467671875 0.6188070421874999 0.6370087296875 0.6215121921875 0.6423197109375 0.6346432796875 0.6471236453125 0.6383154875 0.6525705390625001 0.6450535375 0.6397112734375 0.6526671703125 0.6171134656249999 0.655158009375 0.5888648984375 0.65127409375 0.58141593125
4 0.69514195625 0.620124428125 0.6917128156250001 0.6304902515624999 0.6878916203125 0.650662571875 0.6885267421875 0.656668790625 0.6902648328125001 0.6618438624999999 0.6991199515625001 0.6690053265625 0.7065532375 0.6582160906250001 0.7192583078125 0.6274584 0.71579780625 0.6240135796875 0.7142557421875 0.613935259375 0.7026510390625 0.6123043234375001 0.69514195625 0.620124428125
4 0.726775203125 0.714310728125 0.7259884921875 0.7023662453124999 0.7297495703125 0.6861301156249999 0.72876683125 0.6790888828125 0.7138375375 0.67304606875 0.7036389859375001 0.6824605125 0.702279875 0.6921310984375 0.7033227281250001 0.6952361421875 0.7005888234375 0.70767199375 0.702462825 0.71188000625 0.7014356515625 0.7156802843750001 0.7106383890625 0.7238767640625 0.71009474375 0.7277449984375 0.71369115625 0.7302227609374999 0.725204384375 0.7219792421875 0.726775203125 0.714310728125
4 0.793941396875 0.5521585265625 0.7912963640624999 0.5429113531249999 0.7853581000000001 0.5430629453125 0.769038334375 0.5328800734375 0.7662129546875 0.535441471875 0.76504986875 0.5402088093749999 0.7595350187500001 0.544364546875 0.748808503125 0.564552546875 0.7440045703125 0.577683634375 0.7426611375000001 0.5942595421875 0.7482674625 0.599978259375 0.7593886375000001 0.6015412390625 0.7628491375 0.604986059375 0.7676086359375 0.602696484375 0.770449696875 0.6070404078125 0.786283328125 0.5855978453125 0.793821165625 0.56003090625 0.793941396875 0.5521585265625
4 0.692159828125 0.37119306406249997 0.693398709375 0.36939485781250003 0.69941276875 0.3722123984375 0.701362565625 0.3793895421875 0.6990207140625 0.3820188953125 0.700275275 0.3871260125 0.6986286609375 0.39182539375 0.70071436875 0.39803547968749997 0.712123046875 0.4045696625 0.71463216875 0.41478389531250004 0.7211454374999999 0.4245747125 0.7253612890625 0.426153371875 0.7375697546875 0.41997988125 0.749038546875 0.422577875 0.7524833671875 0.4191173734375 0.7526793953124999 0.414214125 0.7545377156249999 0.41151681562500003 0.7624702125 0.40770085624999997 0.7620912343749999 0.3928551984375 0.75778390625 0.38140208593749997 0.73569054375 0.3526569140625 0.7193106625000001 0.3464102328125 0.703521465625 0.3570112828125 0.6967964906249999 0.34521839062500004 0.6916893749999999 0.34647295312500004 0.6921127874999999 0.35047709843749997 0.6832289140625 0.36106246875000003 0.68750488125 0.3587049375 0.6885477359375 0.3618099796875 0.6865535031250001 0.365474346875 0.68829159375 0.37064941875 0.6876878328125 0.37845384375 0.692371534375 0.3731951375 0.6936862125000001 0.3743660625 0.692159828125 0.37119306406249997
4 0.45549962187500004 0.4868427609375 0.442927859375 0.48507591562499996 0.433272953125 0.49062212499999996 0.4314904265625 0.496288565625 0.4300267625 0.5207368546875 0.43149303124999994 0.52784604375 0.4299823265625 0.5315783671875 0.43220394687499997 0.53682139375 0.43744697343750005 0.5345997734375 0.44598323124999995 0.522979390625 0.4591117140625 0.4962258453125 0.4586125046875 0.48925256875 0.45549962187500004 0.4868427609375
4 0.48549672499999996 0.5295188093750001 0.48060131562499997 0.5327754437500001 0.47386326562500003 0.5456347078125 0.470933334375 0.5629738093750001 0.4716599296875 0.5788544812499999 0.46989308437500005 0.59142624375 0.475151790625 0.5961099453125 0.48923425781249996 0.5941444687499999 0.49616833437499996 0.5763819546875 0.500457378125 0.5493722671875 0.4990512265625 0.5383268890624999 0.49323319374999997 0.5306060984375 0.48549672499999996 0.5295188093750001
4 0.5855715640625 0.7191198437499999 0.5699627140625 0.7179123234375 0.5554123984375 0.7267151671875001 0.5541134015625 0.7324495625 0.5548243171875 0.7414249140625 0.558316178125 0.758680378125 0.562260209375 0.7621931546875 0.56757903125 0.762940665625 0.5765387015625 0.755324428125 0.5851507546875 0.7466731765625 0.5900304828125 0.7365112203125 0.5898632125 0.723667634375 0.5855715640625 0.7191198437499999
4 0.6426933484374999 0.786317371875 0.65165301875 0.778701134375 0.670931471875 0.7537980703125 0.669253496875 0.744686809375 0.6608819078125 0.7375933 0.6444131546875 0.7530296437499999 0.638702278125 0.7620886296875 0.6367237265625 0.77265831875 0.6426933484374999 0.786317371875
4 0.52229715 0.8009539015625 0.5040432671875 0.7904992078124999 0.5008545890625 0.78512026875 0.49979605468750005 0.7751099046875 0.4964714640625 0.770698025 0.49026137812500004 0.7727837328125 0.47871939531249996 0.7987740859375 0.4776321046875 0.8065105546875 0.4788108703125 0.8086485390625 0.48746996249999996 0.820713253125 0.500117521875 0.8254492296875 0.5025508484375 0.8326943296874999 0.5061315796875 0.8282667703125 0.51104266875 0.8319154578125 0.51655751875 0.8277597218749999 0.5214372468749999 0.817597765625 0.52229715 0.8009539015625