2 0.5166015625 0.25390625 0.52587890625 0.2490234375 0.529296875 0.2421875 0.54052734375 0.2470703125 0.544921875 0.2353515625 0.5439453125 0.2001953125 0.541015625 0.189453125 0.53369140625 0.1796875 0.52490234375 0.1796875 0.5078125 0.1962890625 0.50390625 0.2119140625 0.5029296875 0.22265625 0.50537109375 0.2353515625 0.51123046875 0.248046875 0.5166015625 0.25390625
2 0.45849609375 0.1435546875 0.46142578125 0.125 0.458984375 0.11328125 0.455078125 0.107421875 0.43115234375 0.115234375 0.427734375 0.130859375 0.427734375 0.142578125 0.43310546875 0.1513671875 0.44873046875 0.1552734375 0.45849609375 0.1435546875
2 0.7685546875 0.4013671875 0.77978515625 0.3974609375 0.7880859375 0.3857421875 0.78857421875 0.37890625 0.78271484375 0.365234375 0.779296875 0.36328125 0.763671875 0.3388671875 0.75537109375 0.3388671875 0.751953125 0.3466796875 0.75048828125 0.3623046875 0.7529296875 0.380859375 0.76123046875 0.3994140625 0.7685546875 0.4013671875
4 0.38037109375 0.2509765625 0.38720703125 0.25 0.388671875 0.2138671875 0.38818359375 0.2080078125 0.38525390625 0.2021484375 0.375 0.1943359375 0.36474609375 0.19140625 0.36083984375 0.2001953125 0.35546875 0.205078125 0.35205078125 0.216796875 0.35693359375 0.2353515625 0.37353515625 0.244140625 0.38037109375 0.2509765625
4 0.427734375 0.3974609375 0.43603515625 0.3994140625 0.44384765625 0.39453125 0.4501953125 0.38671875 0.4541015625 0.3759765625 0.45849609375 0.3720703125 0.455078125 0.3603515625 0.439453125 0.3359375 0.4296875 0.3330078125 0.42333984375 0.33984375 0.41943359375 0.3359375 0.41748046875 0.341796875 0.4140625 0.35546875 0.41552734375 0.3720703125 0.4189453125 0.3837890625 0.427734375 0.3974609375
4 0.4345703125 0.322265625 0.439453125 0.3203125 0.4423828125 0.310546875 0.443359375 0.2958984375 0.44091796875 0.2666015625 0.43359375 0.2626953125 0.4306640625 0.255859375 0.41943359375 0.2666015625 0.416015625 0.2763671875 0.412109375 0.27734375 0.4111328125 0.287109375 0.4140625 0.294921875 0.43017578125 0.318359375 0.4345703125 0.322265625
4 0.37060546875 0.455078125 0.38330078125 0.4453125 0.38671875 0.439453125 0.38818359375 0.4189453125 0.38232421875 0.40234375 0.37548828125 0.400390625 0.359375 0.416015625 0.3564453125 0.4287109375 0.357421875 0.447265625 0.361328125 0.4462890625 0.365234375 0.453125 0.37060546875 0.455078125
4 0.62060546875 0.376953125 0.61962890625 0.3720703125 0.62109375 0.3544921875 0.61767578125 0.341796875 0.615234375 0.3388671875 0.60986328125 0.3408203125 0.6044921875 0.353515625 0.60693359375 0.369140625 0.6103515625 0.3759765625 0.6181640625 0.3798828125 0.62060546875 0.376953125
4 0.69580078125 0.4169921875 0.701171875 0.4091796875 0.69775390625 0.3740234375 0.6923828125 0.3642578125 0.685546875 0.3603515625 0.68115234375 0.36328125 0.6806640625 0.376953125 0.68603515625 0.4052734375 0.69287109375 0.4169921875 0.69580078125 0.4169921875
4 0.517578125 0.3857421875 0.525390625 0.376953125 0.525390625 0.3642578125 0.51953125 0.3466796875 0.51318359375 0.341796875 0.50341796875 0.3447265625 0.50341796875 0.36328125 0.505859375 0.375 0.51025390625 0.3837890625 0.517578125 0.3857421875
4 0.85693359375 0.525390625 0.86083984375 0.5263671875 0.86669921875 0.5166015625 0.865234375 0.5126953125 0.8701171875 0.49609375 0.8662109375 0.4833984375 0.861328125 0.478515625 0.8466796875 0.4833984375 0.8447265625 0.4912109375 0.84521484375 0.498046875 0.85302734375 0.51953125 0.85693359375 0.525390625
4 0.43505859375 0.189453125 0.44140625 0.1923828125 0.4423828125 0.197265625 0.44921875 0.205078125 0.455078125 0.2080078125 0.46240234375 0.2041015625 0.47216796875 0.2060546875 0.48095703125 0.2021484375 0.486328125 0.20703125 0.4873046875 0.205078125 0.4853515625 0.19921875 0.484375 0.205078125 0.482421875 0.201171875 0.4833984375 0.1962890625 0.4560546875 0.1611328125 0.43505859375 0.1572265625 0.43310546875 0.1611328125 0.43359375 0.17578125 0.4375 0.1875 0.43505859375 0.189453125