2 0.7956268125 0.5863887203125 0.8071229531249999 0.5877617859375001 0.8243987781250001 0.587151821875 0.8456389828124999 0.5729325765625 0.8475983593749999 0.5637144328125 0.8389780531250001 0.5538532765624999 0.828352746875 0.5483832578125 0.7916592265625 0.5395132953124999 0.77837579375 0.541507125 0.7809987046875 0.5543755499999999 0.773059540625 0.5564348265625 0.7658647515625 0.5650754078125 0.770819225 0.5720163375 0.7828420296874999 0.580994946875 0.7956268125 0.5863887203125
2 0.8629388328125 0.6831258874999999 0.8752425765625 0.6857411296875 0.892409546875 0.6856432828125001 0.9059459015625 0.6622929390625 0.9006648640625 0.656888365625 0.88890539375 0.651712528125 0.8687713406249999 0.65064444375 0.8542905109375001 0.6582715859375 0.854908421875 0.6755311453124999 0.8629388328125 0.6831258874999999
2 0.704196328125 0.2955793453125 0.72092788125 0.297529975 0.7298923578125 0.2956886359375 0.73174288125 0.286982609375 0.70959341875 0.2651463765625 0.708304775 0.26112566875 0.695256659375 0.25192912500000003 0.687970621875 0.2509156875 0.6738163546875 0.257006471875 0.6672114578125 0.2679134640625 0.6676292671875 0.276031125 0.6852596734375 0.28887795 0.704196328125 0.2955793453125
4 0.768142709375 0.7459411625000001 0.7812084328125 0.7449715703125 0.7875323890625 0.7404279421875 0.79763103125 0.738292421875 0.7968410359375 0.7268841078125 0.7909244796875 0.7143861109375 0.785425734375 0.7100057750000001 0.7793827171875 0.7081860343749999 0.7411196125 0.7016587328125 0.7385703390625 0.7086104640625 0.7442235640625 0.7173056890625 0.749750325 0.736679171875 0.768142709375 0.7459411625000001
4 0.6363729078125 0.64995500625 0.6514892546875 0.6494212859374999 0.6580765421875 0.6486804312500001 0.6548461296875 0.64371173125 0.66343841875 0.6385797390625 0.66253956875 0.6276835453125 0.6403901078125 0.6058473125 0.62884834375 0.5996472359375 0.6237674078125 0.6033845624999999 0.6116181421875 0.6050842109375 0.602000540625 0.609998265625 0.5951323109375 0.6171024890625 0.5953324125 0.6262443875 0.607727403125 0.638513646875 0.619269165625 0.644713721875 0.6363729078125 0.64995500625
4 0.7074916171875001 0.6682832953125 0.717962446875 0.669438425 0.7198585921875 0.665559409375 0.7308736921875 0.6641539421875 0.744655771875 0.6547725062499999 0.7381317140625 0.6501742328125 0.73566328125 0.6416206984375 0.7054481921875 0.632522 0.6898508046875 0.6302771859375 0.6789445609375 0.6311705328125 0.6758053937499999 0.6358558515625 0.6789269531250001 0.6413366703125 0.6999422484375 0.6634670859375 0.7074916171875001 0.6682832953125
4 0.5273664859375 0.688874771875 0.5466297046874999 0.6940398078125 0.5606118859375 0.693800271875 0.5806090687500001 0.6803873281249999 0.5800824046875 0.6727817843749999 0.563958353125 0.66293143125 0.5421002390624999 0.659891115625 0.5351863875 0.662168328125 0.5221030578125 0.673304059375 0.522956284375 0.67937324375 0.5292626312500001 0.684995753125 0.5273664859375 0.688874771875
4 0.6650159828125 0.44461682187499996 0.6808767046875001 0.4506644046875 0.69540315625 0.44786427343749996 0.6986511765625 0.4426668359375 0.6961195124999999 0.4394524296875 0.6835524375 0.43303441718749996 0.664770259375 0.4306479125 0.6598614078125 0.42853399062499997 0.6562412015625 0.430440775 0.6586007796875 0.4395064296875 0.6650159828125 0.44461682187499996
4 0.6732504859375 0.3655433328125 0.6877137062500001 0.3680823296875 0.69176933125 0.3641270671875 0.68919204375 0.3560856515625 0.680136321875 0.348272971875 0.643987071875 0.336842415625 0.6345871796875 0.3407322328125 0.6339340531250001 0.343804946875 0.6447138359375 0.35358985625 0.6732504859375 0.3655433328125
4 0.6480907453125 0.5544937046875 0.6675716734375 0.558634503125 0.6728246953125 0.5490459296875 0.669113240625 0.541298696875 0.651963878125 0.53123040625 0.638634821875 0.528397228125 0.6276653453125001 0.5346297015625 0.62808315625 0.5427473625 0.6363312750000001 0.5493178671875001 0.6480907453125 0.5544937046875
4 0.5898640281249999 0.1679726921875 0.5985019406250001 0.167667709375 0.6068941296875 0.15339381875 0.6028561125 0.1471829421875 0.5903978921874999 0.1402528109375 0.5718790453125 0.1416690765625 0.5681043609375 0.1392609734375 0.5565449890624999 0.143227034375 0.5566994671875001 0.14754192500000002 0.5619805046875 0.1529465 0.5827956984375 0.1659350140625 0.5898640281249999 0.1679726921875
4 0.8446553031249999 0.673351778125 0.8491919671874999 0.6721750484375 0.8497714546875 0.649282178125 0.8189560625000001 0.6127577796875 0.8136117953124999 0.6126923343749999 0.809945965625 0.6097721109375 0.8163155453125001 0.61005549375 0.810599090625 0.6066993968750001 0.8083307578125 0.6072877609375 0.8122599203125 0.61401075625 0.8061992953124999 0.6223571531250001 0.806072834375 0.6330354093749999 0.800338771875 0.6398454499999999 0.80210845625 0.646644690625 0.8087869921875 0.655557853125 0.81369584375 0.6576717750000001 0.8153566734375 0.664983134375 0.8179515687500001 0.6628584125 0.8293844781249999 0.66957060625 0.8446553031249999 0.673351778125