2 0.49610804062499997 0.19224628125 0.49450485781250003 0.1811133 0.48958439531250003 0.16505553125 0.470882025 0.1487003140625 0.46172961562500003 0.149179971875 0.45463556250000003 0.1597490296875 0.45217100625000006 0.17109519374999999 0.45307270156249996 0.2077581265625 0.45828844843749994 0.21972150781250002 0.46971671875 0.2140239421875 0.47364905625000003 0.22095594843750002 0.483576409375 0.22553431562499998 0.488849775 0.2191395859375 0.49425854375 0.2055996671875 0.49610804062499997 0.19224628125
2 0.5700417734375 0.1047539296875 0.5694022296875 0.09255071718749999 0.564990234375 0.0764663015625 0.5396489812499999 0.06963655937499999 0.535901015625 0.075951346875 0.5339982234375 0.088287796875 0.5380616375 0.1074496640625 0.5488705234375 0.1191199234375 0.5649282921875 0.11419946249999999 0.5700417734375 0.1047539296875
2 0.24593640625000002 0.35117824531249997 0.2435582796875 0.3349872390625 0.239572646875 0.3270382984375 0.2309287046875 0.3274913078125 0.2159901375 0.353767390625 0.21253745781250002 0.35598779375 0.20718198437500002 0.3705446453125 0.2080635203125 0.37763653750000004 0.21734700468749998 0.389386740625 0.22925493125 0.3928415828125 0.2367753484375 0.390408 0.24440667968750002 0.3706332359375 0.24593640625000002 0.35117824531249997
4 0.6529046265625 0.17791055625000002 0.6487058125 0.165893878125 0.6428461984375 0.16110233125 0.6382988015625 0.15216310156249999 0.627780878125 0.15577350625 0.6175294296875 0.1644685796875 0.614798396875 0.170730071875 0.614609703125 0.1768583265625 0.6181070281250001 0.21440495468749998 0.625278865625 0.21504882187500002 0.6320243390625 0.2075572140625 0.6488325640625 0.1974987859375 0.6529046265625 0.17791055625000002
4 0.5958972234375 0.32569948437499996 0.5915918203125 0.3116489375 0.589238178125 0.30565392187499996 0.5853836234375 0.309934840625 0.5784004828125 0.30316271875 0.5683910234375 0.306746475 0.5534524578125 0.3330225578125 0.5505327296875 0.345412303125 0.555322115625 0.3492402125 0.5599761015625 0.3602133078125 0.5670125359375 0.3680023640625 0.5754144875 0.372660675 0.5839518390625 0.3701737953125 0.5923581140625 0.3554570578125 0.5952778421875 0.3430673109375 0.5958972234375 0.32569948437499996
4 0.5952173578125 0.25435419375 0.5936674703125 0.2442381453125 0.5895464375 0.24343439218750001 0.5854542140625 0.23345158281249997 0.5731732218750001 0.22287819999999997 0.5704954843750001 0.2301566265625 0.563081659375 0.23462407812500002 0.56213818125 0.26526534687500003 0.5639545453125 0.2804660671875 0.5675383 0.2904755234375 0.5727295625 0.2922429171875 0.5770925859375 0.28793535000000003 0.5925929171875 0.2626495546875 0.5952173578125 0.25435419375
4 0.659889171875 0.4182001875 0.6598934953125 0.3988251390625 0.6561498546875 0.385764878125 0.6385177125 0.37037330156250003 0.6315057625 0.3727802375 0.6263101765625 0.39038789375 0.628954778125 0.41166357031249995 0.6328338203125 0.41757864375000003 0.64658691875 0.42705515 0.65207346875 0.42472815625000004 0.6557681375 0.41739643437499996 0.659889171875 0.4182001875
4 0.39579882187500004 0.35046238281250003 0.397488434375 0.33405819375 0.39120245625 0.321131171875 0.3855027265625 0.3193904265625 0.383120278125 0.3225744671875 0.38025384375 0.33598114687499997 0.38273856093749997 0.3542060234375 0.381988103125 0.359343990625 0.384690325 0.3622615546875 0.39261261875 0.35776745625 0.39579882187500004 0.35046238281250003
4 0.3194466421875 0.36262165 0.318192040625 0.3484112171875 0.31345595 0.3456002421875 0.306550590625 0.35004104687500004 0.301490403125 0.3605035125 0.2998497625 0.3972996828125 0.305869265625 0.405142034375 0.3089200671875 0.4049821484375 0.3153990640625 0.39240586875 0.3194466421875 0.36262165
4 0.5032740921875 0.3387114765625 0.5022614812499999 0.319389725 0.491932253125 0.3168718734375 0.48558865625000003 0.32230296406250003 0.4804463640625 0.3409275546875 0.48113920312499997 0.3541477015625 0.48975433593749995 0.36287374843750003 0.49727475156249995 0.360440165625 0.5013712984375001 0.35104792812499996 0.5032740921875 0.3387114765625
4 0.15483721718750001 0.490556575 0.152376984375 0.4825276890625 0.13685649375 0.4782424484375 0.13203829843749998 0.4835935953125 0.12866339843750002 0.497026921875 0.134654090625 0.5140483296875 0.1333418703125 0.5181960109375 0.139976428125 0.5280455828124999 0.14399087187499998 0.5268154671875 0.1477388375 0.5205006796875 0.15470181562500002 0.49770176250000003 0.15483721718750001 0.490556575
4 0.5654612453125 0.12436880624999999 0.5632141953125 0.120407659375 0.5415632875 0.12562124375 0.5150077546875 0.1637231484375 0.516291165625 0.1687545265625 0.514470478125 0.17292885468750002 0.513133771875 0.16688054375 0.5114196765625 0.173088740625 0.5125432 0.1750693125 0.5178698625 0.1696915171875 0.5272354515625 0.173279596875 0.53729820625 0.17071277499999998 0.5451383953125 0.1743807984375 0.551080115625 0.17101022500000002 0.55777229375 0.16250168125 0.5585227515625 0.1573637140625 0.5649729390625 0.1539664921875 0.5623240125 0.1520658625 0.56575220625 0.13964946875 0.5654612453125 0.12436880624999999