4 0.36884759218749996 0.3392589875 0.36184863906250003 0.3387855390625 0.3523323390625 0.34538371562500003 0.3437442171875 0.3476151609375 0.3420941234375 0.3553782359375 0.3506635296875 0.36277796875 0.3699680890625 0.36738839218749997 0.38039385000000003 0.36605466249999996 0.3862770796875 0.3622340484375 0.3902195421875 0.3580009109375 0.3908992515625 0.3500315734375 0.3829908359375 0.3442936796875 0.374257375 0.342437325 0.36884759218749996 0.3392589875
4 0.475496309375 0.41010364375 0.4580293875 0.40639093437499996 0.44985378750000005 0.4066816109375 0.43988275625 0.41064756406249997 0.43976091093749997 0.42076393124999995 0.4460379484375 0.42463372499999996 0.4674895390625 0.4286862875 0.4832828765625 0.42595790468750006 0.4852423625 0.4167392515625 0.475496309375 0.41010364375
4 0.5622638890625 0.483822021875 0.5513833984375001 0.48252352812500005 0.5361057140625001 0.48282594999999995 0.5326789062499999 0.4846331265625 0.5284270531249999 0.49032184062499995 0.5343946984375 0.4956472109375 0.5557431578124999 0.500184965625 0.5655079265625 0.4971893984375 0.5687893953125001 0.4912944203125 0.565836034375 0.48610264531249997 0.5622638890625 0.483822021875
4 0.3616435296875 0.654673584375 0.3515271609375 0.6545517390625 0.34446728437499996 0.659136475 0.34663780625 0.6727827828125 0.35597133593749997 0.681359159375 0.36557205000000004 0.6839069671875 0.382190434375 0.6772970468749999 0.38792832499999996 0.66938863125 0.3730818828125 0.6581191093750001 0.3616435296875 0.654673584375
4 0.442171503125 0.7052598171875 0.428628328125 0.7069451484375 0.4250983890625 0.7092375171875 0.423242034375 0.717970978125 0.4255344046875 0.721500915625 0.43160517968749995 0.7263410921875 0.45805403125 0.7355127625 0.463955978125 0.7220609734375001 0.4621792625 0.716105071875 0.45524123281250006 0.7105734421875 0.442171503125 0.7052598171875
4 0.4603320734375 0.6675366687500001 0.457317790625 0.667403075 0.45000944374999996 0.66838520625 0.4239778921875 0.6811081109375 0.423152846875 0.6849896484375 0.4299877453125 0.691006471875 0.4494376421875 0.699704696875 0.4602759265625 0.696430196875 0.46504343437499995 0.688315521875 0.46685758125000004 0.67500906875 0.4603320734375 0.6675366687500001
4 0.5518576125 0.6854696812500001 0.5401098671875 0.6834797359375 0.5329046515625 0.6839766734375 0.5284887453125 0.6952087640625 0.53705815 0.7026084953125 0.5502310109375 0.7074369265625 0.5602020421875 0.7034709734375 0.5603238875 0.6933546046875 0.5518576125 0.6854696812500001
4 0.637246675 0.6797853578125 0.62529266875 0.6787657953124999 0.610924446875 0.6843326640625 0.6108025984375 0.6944490328125 0.6187110140625001 0.700186925 0.636074803125 0.704384825 0.6437956734375 0.7014619265625 0.6517415203125 0.687937465625 0.6493460203125 0.6848927203125 0.637246675 0.6797853578125
4 0.605519053125 0.6000171171875001 0.5879490015625 0.5967895999999999 0.578493625 0.598329590625 0.5747574234374999 0.6015923453124999 0.5733558015625 0.612958028125 0.5782077234375 0.6139893359374999 0.5950745765625001 0.6109820218750001 0.6047362140625 0.6084716453125 0.6097521921875 0.6039595765625 0.605519053125 0.6000171171875001
4 0.45362226093749997 0.2553486078125 0.43400830937499996 0.2521937609375 0.4203620015625 0.2543642828125 0.4187541171875 0.26670035 0.43979318437500003 0.2726936828125 0.44980642031249995 0.273300721875 0.4609540984375 0.26857064531249997 0.4607665515625 0.25990985312500003 0.45362226093749997 0.2553486078125
4 0.42086849062500004 0.30924018593749997 0.40534233750000004 0.30594 0.3978277296875 0.3078925140625 0.389281815625 0.3146969515625 0.3887661609375 0.3171229125 0.3984090828125 0.3242437125 0.40821605781250003 0.3258211359375 0.42452505 0.3206667921875 0.424895365625 0.31415303125 0.42086849062500004 0.30924018593749997
4 0.456116115625 0.2340728171875 0.44773425468749994 0.235333878125 0.44393713281249997 0.24365481562500002 0.45118455468749996 0.2477308703125 0.46691696875 0.2500606703125 0.4757113515625 0.246858840625 0.476845790625 0.241521725 0.47215792187499994 0.2349470421875 0.4569411625 0.2301912796875 0.456116115625 0.2340728171875
4 0.493829715625 0.20456270000000001 0.4772300484375 0.20154144375 0.4633774796875 0.20468234999999999 0.4677981625 0.21728560312499998 0.47882399218750005 0.22267189687500002 0.4960846515625 0.227354990625 0.4993051984375 0.22651819843749998 0.5021319375 0.2179909984375 0.49719559999999996 0.20781370625 0.493829715625 0.20456270000000001
3 0.43434080937499997 0.1599697984375 0.43045927031250003 0.15914475156250002 0.4224102921875 0.1731544046875 0.41074696250000003 0.18031044062499998 0.42877174531250006 0.1861701796875 0.43843338281250005 0.18365980312500002 0.441921115625 0.17679444375 0.43341263124999996 0.1643365296875 0.43434080937499997 0.1599697984375