4 0.6911098265625 0.4182000921875 0.6922089234375 0.41037961406249995 0.6849302671874999 0.4053691921875 0.6782698500000001 0.39595975 0.6715575578124999 0.39401953125 0.665411628125 0.3951495140625 0.656604896875 0.393911809375 0.6472486156249999 0.3965843421875 0.6451709937500001 0.40426729687499996 0.6474196359375 0.409567665625 0.651625328125 0.415143078125 0.6609297328125 0.41993976406250005 0.680568940625 0.42220144218750005 0.6911098265625 0.4182000921875
4 0.5476085796875 0.42395088124999997 0.5362265546875 0.42683715 0.534921378125 0.43612396875000004 0.5487749421875 0.44405216875000003 0.5702338140625 0.44756645156249997 0.5774269624999999 0.4460852125 0.580757884375 0.43658465937499996 0.572775475 0.42948159375 0.56522204375 0.42642629374999996 0.5476085796875 0.42395088124999997
4 0.451916278125 0.465828396875 0.4412898828125 0.463338084375 0.43716969843750003 0.4642543328125 0.4326373546875 0.46810326093750004 0.4337013890625 0.4747324453125 0.44182118593749997 0.48085795 0.463348753125 0.483883453125 0.47074798281249997 0.48093587187500003 0.4687054203125 0.47416916562500006 0.4661133109375 0.471312696875 0.451916278125 0.465828396875
4 0.5708910781250001 0.69139311875 0.5590113828125001 0.6907204046875 0.5412773484375 0.6962029953125 0.5439549671874999 0.7055511234375 0.5572589828125001 0.7173895640625 0.567112934375 0.7182760140625 0.5787697328125 0.7134346265625 0.58544839375 0.7014139625 0.5804015609375 0.6947234671875 0.5708910781250001 0.69139311875
4 0.490392578125 0.717462353125 0.4782899875 0.7112755374999999 0.4642471578125 0.7117941171875 0.455869403125 0.7146041750000001 0.4521781984375 0.719568184375 0.45312166249999997 0.73415536875 0.4810012375 0.73458455 0.488331771875 0.73212575 0.4916795125 0.729605640625 0.49291599531249997 0.7208076015625 0.490392578125 0.717462353125
4 0.4770044828125 0.6707217062499999 0.4741375984375 0.6698203578124999 0.46548506874999995 0.674585534375 0.46265181875000005 0.6876450671875001 0.46435091249999993 0.696855675 0.473380540625 0.7036074828125 0.494547825 0.7020964421875 0.502994271875 0.69879760625 0.5035438203125 0.6948873671875 0.4835106953125 0.6741282656250001 0.4770044828125 0.6707217062499999
4 0.371752678125 0.659917003125 0.36842175625 0.66941755625 0.3764041640625 0.6765206187499999 0.3903782984375 0.6764908203125 0.4009191859375 0.67248946875 0.4006107796875 0.66048370625 0.394035871875 0.6575659265625 0.3823622578125 0.655426871875 0.371752678125 0.659917003125
4 0.30437321562499997 0.6210398234375 0.2913089125 0.621695925 0.28802986875 0.62372725625 0.290861690625 0.6390782671874999 0.2970931296875 0.6444399468750001 0.3147752875 0.646426578125 0.32413156718749997 0.64375404375 0.32746248906250003 0.6342534921875 0.3159094453125 0.6241564359375 0.30437321562499997 0.6210398234375
4 0.3612343203125 0.5572566125 0.35592953125000004 0.5595016796875 0.3590880046875 0.5654283484375 0.3672764953125 0.5710650734375 0.3820398921875 0.5796195765625 0.3869325203125 0.5803071906249999 0.389490996875 0.5692027765625001 0.38710496875 0.5648799703125 0.37877909062500004 0.5602208046875 0.3612343203125 0.5572566125
4 0.612541890625 0.2885307625 0.609417046875 0.296564975 0.618240596875 0.304783121875 0.6278197734375001 0.30762468906249996 0.6495534203125 0.3091838515625 0.6522492843750001 0.2971018765625 0.640215384375 0.29042628125 0.6207822562499999 0.286698265625 0.612541890625 0.2885307625
4 0.6330880750000001 0.3482398328125 0.627645896875 0.35146245781249996 0.6257743546875 0.3576790734375 0.6392844515625 0.368051175 0.649001015625 0.36991518125 0.660451734375 0.366540134375 0.660795203125 0.364096234375 0.6551133109375 0.35482431718749996 0.6487444859375 0.350440196875 0.6330880750000001 0.3482398328125
4 0.6256931296875 0.265955775 0.626242678125 0.2620455359375 0.6103801859375 0.2613115109375 0.603753403125 0.2658629515625 0.6029977734374999 0.2712395328125 0.61013904375 0.2772275140625 0.62565806875 0.2804054375 0.63382974375 0.2790617203125 0.6331091765625 0.2699886375 0.6256931296875 0.265955775
4 0.600442153125 0.22552285625000001 0.5961845828125 0.22741666249999998 0.58809841875 0.2352520421875 0.5878404609375 0.244187603125 0.5905699578125 0.24606651093749998 0.6083208078125 0.2475643625 0.6204752796874999 0.24628195625 0.628904909375 0.23600267968750002 0.617008396875 0.2283495234375 0.600442153125 0.22552285625000001
3 0.67069135625 0.20848029375000002 0.6584850078125 0.2172319203125 0.65941165625 0.22483866562500002 0.667600146875 0.23047538906249998 0.6864669109375 0.2311332015625 0.6779868296875 0.22047115625 0.6752237015625 0.204631365625 0.6713095984375 0.20408127343750002 0.67069135625 0.20848029375000002