4 0.376953125 0.365234375 0.384765625 0.3662109375 0.3896484375 0.36328125 0.39453125 0.3583984375 0.39794921875 0.3486328125 0.3974609375 0.3291015625 0.39208984375 0.3193359375 0.38427734375 0.3193359375 0.38037109375 0.3271484375 0.3720703125 0.3349609375 0.37109375 0.341796875 0.373046875 0.34765625 0.373046875 0.3564453125 0.376953125 0.365234375
4 0.43701171875 0.455078125 0.4375 0.43359375 0.43505859375 0.4267578125 0.42529296875 0.4248046875 0.41943359375 0.43359375 0.41748046875 0.44140625 0.41748046875 0.458984375 0.421875 0.4697265625 0.43115234375 0.4697265625 0.43701171875 0.455078125
4 0.48291015625 0.5634765625 0.48779296875 0.5546875 0.48779296875 0.533203125 0.48388671875 0.5263671875 0.4775390625 0.529296875 0.47509765625 0.5322265625 0.4716796875 0.546875 0.470703125 0.5576171875 0.47216796875 0.5615234375 0.4765625 0.5654296875 0.48291015625 0.5634765625
4 0.69384765625 0.423828125 0.70361328125 0.4091796875 0.703125 0.3994140625 0.69677734375 0.388671875 0.68408203125 0.3837890625 0.67822265625 0.3896484375 0.67626953125 0.3994140625 0.67724609375 0.4111328125 0.68505859375 0.427734375 0.69384765625 0.423828125
4 0.72021484375 0.51171875 0.734375 0.5087890625 0.73095703125 0.4814453125 0.7275390625 0.474609375 0.724609375 0.4716796875 0.7158203125 0.4716796875 0.712890625 0.474609375 0.70849609375 0.4873046875 0.7109375 0.5009765625 0.71484375 0.5087890625 0.72021484375 0.51171875
4 0.6962890625 0.5029296875 0.70166015625 0.4931640625 0.697265625 0.47265625 0.69287109375 0.46484375 0.68896484375 0.46484375 0.67138671875 0.4873046875 0.6689453125 0.494140625 0.66845703125 0.4970703125 0.67431640625 0.5048828125 0.6875 0.505859375 0.6962890625 0.5029296875
4 0.6884765625 0.591796875 0.6865234375 0.578125 0.68115234375 0.568359375 0.66943359375 0.5703125 0.66748046875 0.5771484375 0.6669921875 0.5888671875 0.6728515625 0.5986328125 0.6826171875 0.6005859375 0.6884765625 0.591796875
4 0.66357421875 0.6806640625 0.66796875 0.673828125 0.66748046875 0.65625 0.66357421875 0.6474609375 0.65380859375 0.6455078125 0.6455078125 0.658203125 0.64404296875 0.669921875 0.646484375 0.6826171875 0.64892578125 0.685546875 0.66357421875 0.6806640625
4 0.58642578125 0.615234375 0.5927734375 0.599609375 0.5927734375 0.5947265625 0.58154296875 0.59375 0.57763671875 0.5966796875 0.57421875 0.60546875 0.57373046875 0.623046875 0.57666015625 0.6279296875 0.58203125 0.6240234375 0.58642578125 0.615234375
4 0.291015625 0.40625 0.29248046875 0.396484375 0.291015625 0.375 0.27880859375 0.3740234375 0.27392578125 0.38671875 0.27294921875 0.40625 0.27587890625 0.4140625 0.2841796875 0.416015625 0.291015625 0.40625
4 0.35009765625 0.376953125 0.3505859375 0.3671875 0.345703125 0.3564453125 0.34326171875 0.3564453125 0.3349609375 0.36328125 0.33154296875 0.3701171875 0.33154296875 0.3857421875 0.33544921875 0.390625 0.341796875 0.3916015625 0.35009765625 0.376953125
4 0.2548828125 0.42578125 0.26025390625 0.42578125 0.26513671875 0.41796875 0.26611328125 0.40234375 0.263671875 0.39453125 0.2548828125 0.396484375 0.251953125 0.404296875 0.248046875 0.404296875 0.24951171875 0.419921875 0.2548828125 0.42578125
4 0.23583984375 0.4443359375 0.2373046875 0.44140625 0.236328125 0.423828125 0.2333984375 0.412109375 0.22216796875 0.4052734375 0.21630859375 0.41796875 0.2158203125 0.4345703125 0.21826171875 0.4384765625 0.22705078125 0.4453125 0.23583984375 0.4443359375
3 0.20703125 0.376953125 0.21142578125 0.3681640625 0.20947265625 0.349609375 0.2001953125 0.359375 0.18505859375 0.3642578125 0.18505859375 0.3681640625 0.189453125 0.3681640625 0.19970703125 0.37890625 0.20703125 0.376953125