3 0.4740568328125 0.1878224578125 0.4711932734375 0.18972248593750002 0.4698725171875 0.212594915625 0.473930665625 0.245645890625 0.4766513359375 0.2509893984375 0.48605364375000004 0.251899509375 0.499978821875 0.24760900156250001 0.5209782609375 0.23367546250000001 0.540568125 0.22507642187500002 0.548909071875 0.21734243281249999 0.549176828125 0.21111584843750003 0.5452519062500001 0.2043717765625 0.5137624093750001 0.1917216453125 0.48638513593750005 0.18734101718750001 0.4740568328125 0.1878224578125
3 0.360418040625 0.5486231921875 0.3464928640625 0.5529137000000001 0.3382143484375 0.561156165625 0.3333612921875 0.57207489375 0.338428034375 0.579711053125 0.35798185 0.58763299375 0.3835125171875 0.5937887828124999 0.3988292453125 0.5924242671875 0.411175571875 0.5836823359375 0.42486904062499997 0.5690974328125 0.4255918515625 0.55816969375 0.418865803125 0.5538341234375 0.41602026875 0.5474736609375 0.393790190625 0.5429771796875 0.3690087203125 0.5429231078125001 0.360418040625 0.5486231921875
4 0.3461775453125 0.2897198296875 0.336070446875 0.291476965625 0.3213780484375 0.297926246875 0.317997 0.304018953125 0.318933496875 0.31164610000000004 0.3275685859375 0.314714984375 0.3437774 0.31220865 0.354339553125 0.3057503578125 0.3616011140625 0.2976327578125 0.3621810359375 0.2939485546875 0.3524665609375 0.29049606093749997 0.3461775453125 0.2897198296875
4 0.6020570843749999 0.2634631953125 0.5909954671875 0.26585367656250003 0.5653663171875001 0.27571039062499997 0.5451341000000001 0.2874851546875 0.544723453125 0.3009552765625 0.5488356734375001 0.3092247796875 0.555499290625 0.3130518703125 0.5647767328125 0.312945028125 0.589950828125 0.30778947031250004 0.607756515625 0.30147406718749997 0.61831866875 0.29501577343749996 0.634340184375 0.29098401093750004 0.637078878125 0.2880670296875 0.6418070703125001 0.27613135 0.639211265625 0.27180479218750003 0.6127260796875 0.266282346875 0.6067492265625 0.268048496875 0.6020570843749999 0.2634631953125
4 0.6122806859375001 0.2374330625 0.5948051859375 0.23803035781249998 0.5852599859375001 0.244363784375 0.585366828125 0.2536412265625 0.597115209375 0.2568439890625 0.606205353125 0.2552117171875 0.6216649703125 0.2466036640625 0.6220575937499999 0.2413940328125 0.6122806859375001 0.2374330625
4 0.6154261203125 0.39756711562499997 0.5983876515625 0.401723746875 0.5866836796875 0.40728995156250003 0.5911705 0.4186103140625 0.612009025 0.42018080312499995 0.6221785546875 0.4189321421875 0.6300020140625 0.41539083125 0.6335703609375 0.410823553125 0.63275873125 0.404213359375 0.6277544234375 0.39708567499999997 0.6154261203125 0.39756711562499997
4 0.6178095421875 0.3244984 0.60153829375 0.326496259375 0.59218039375 0.33435511406249996 0.5907708171875 0.3396896125 0.5976217328125 0.3450421328125 0.6079785625 0.3453189015625 0.6285853796875001 0.33659499375 0.6319039937500001 0.32999381250000004 0.6178095421875 0.3244984
4 0.29135795781249996 0.398130865625 0.2770581828125 0.399370515625 0.2706887078125 0.40634629687499996 0.271999803125 0.4170243046875 0.28310582812499996 0.42340279062499997 0.2902245 0.422528728125 0.2947917765625 0.42609707343750003 0.2942118546875 0.42978127656250004 0.30882379531250004 0.431084009375 0.33075973125 0.42477761875000003 0.339100678125 0.41704362812499995 0.33745939375 0.41208373125 0.29135795781249996 0.398130865625
4 0.375852575 0.46414529687500006 0.3505536171875 0.46828390156250005 0.3466106703125 0.4698003203125 0.34227510156249996 0.47652636875 0.343398896875 0.48567894687499996 0.3637823671875 0.491950590625 0.383666371875 0.4941544234375 0.3952635015625 0.47931077499999997 0.3932476203125 0.47130001562499996 0.38868034375 0.46773166718750003 0.375852575 0.46414529687500006
4 0.334252078125 0.6297734593750001 0.32922974531250004 0.6309062671875 0.323814790625 0.6372487046875001 0.325456075 0.642208603125 0.33021065156249996 0.6473023812500001 0.33548271406249996 0.6482034796875 0.3550545546875 0.6478649296875 0.3689617078125 0.6518349109375 0.3988903765625 0.6517731296875 0.4094345046875 0.6535753265625 0.4300232984375 0.6531119109375 0.4605318890625 0.6493659265625 0.45674985625 0.6353783171875 0.4635743875 0.62370138125 0.4538599109375 0.6202488875000001 0.4480079265625 0.623031990625 0.43650927656249994 0.6218631343750001 0.4278561640625 0.6270547421875 0.4150283984375 0.623468371875 0.3871156109375 0.6315409109375001 0.38070172812499997 0.629747725 0.37053219843749996 0.6309963859375001 0.3660897875 0.6284449921874999 0.35388635 0.6299433859375 0.3495063734375 0.6279004671874999 0.3467052453125 0.630308971875 0.3424501359375 0.6292830078125 0.338569621875 0.6313079015625 0.334252078125 0.6297734593750001
4 0.5697397875 0.5719552343750001 0.5616665953125 0.5734626406250001 0.5489456703125 0.5791537124999999 0.5463942765625001 0.583596121875 0.5481604250000001 0.589572975 0.5455465984375001 0.5935069078125 0.551567859375 0.600509725 0.5701227453125 0.600296040625 0.597143446875 0.5933653203125 0.5986154546875 0.5885392984375 0.5932365484375001 0.57836075625 0.58015905 0.572740478125 0.5697397875 0.5719552343750001
4 0.4368864796875 0.5072332234375 0.406253021875 0.509962253125 0.39353209843750003 0.5156533265625 0.3891340953125 0.5218708984375 0.39179233281250003 0.52670593125 0.4055121875 0.529150484375 0.4315783671875 0.52285310625 0.4490718921875 0.5139953203125 0.44857242656249996 0.5099275078125001 0.4368864796875 0.5072332234375