3 0.2314453125 0.5751953125 0.23828125 0.578125 0.244140625 0.5771484375 0.25048828125 0.568359375 0.25634765625 0.548828125 0.26708984375 0.52734375 0.26953125 0.513671875 0.267578125 0.5048828125 0.26220703125 0.5029296875 0.23046875 0.5029296875 0.208984375 0.5068359375 0.20751953125 0.509765625 0.20849609375 0.521484375 0.2158203125 0.546875 0.2314453125 0.5751953125
3 0.541015625 0.4130859375 0.54736328125 0.4150390625 0.55224609375 0.4208984375 0.5625 0.4189453125 0.57470703125 0.404296875 0.58154296875 0.3916015625 0.5810546875 0.376953125 0.572265625 0.353515625 0.5625 0.3359375 0.5546875 0.33203125 0.544921875 0.337890625 0.5380859375 0.3466796875 0.53564453125 0.3603515625 0.53125 0.369140625 0.5341796875 0.392578125 0.541015625 0.4130859375
4 0.29833984375 0.390625 0.30517578125 0.3828125 0.31005859375 0.3720703125 0.310546875 0.3564453125 0.306640625 0.3486328125 0.29931640625 0.3486328125 0.2939453125 0.3525390625 0.28955078125 0.3671875 0.2890625 0.376953125 0.29052734375 0.3828125 0.294921875 0.3916015625 0.29833984375 0.390625
4 0.30615234375 0.65625 0.310546875 0.658203125 0.3212890625 0.65234375 0.32373046875 0.6494140625 0.32568359375 0.6337890625 0.33056640625 0.623046875 0.33447265625 0.60546875 0.33642578125 0.5810546875 0.33544921875 0.572265625 0.3310546875 0.56640625 0.32275390625 0.5634765625 0.31005859375 0.5654296875 0.30126953125 0.5859375 0.294921875 0.611328125 0.2939453125 0.6220703125 0.298828125 0.6259765625 0.2978515625 0.6318359375 0.30615234375 0.65625
4 0.28662109375 0.626953125 0.287109375 0.6181640625 0.28271484375 0.607421875 0.27392578125 0.6083984375 0.26904296875 0.6181640625 0.2705078125 0.634765625 0.275390625 0.6435546875 0.2802734375 0.642578125 0.28662109375 0.626953125
4 0.43701171875 0.634765625 0.44091796875 0.630859375 0.443359375 0.623046875 0.443359375 0.61328125 0.439453125 0.59375 0.42822265625 0.5908203125 0.42431640625 0.6025390625 0.42236328125 0.619140625 0.42333984375 0.630859375 0.4306640625 0.634765625 0.43701171875 0.634765625
4 0.3720703125 0.6181640625 0.37060546875 0.6083984375 0.36474609375 0.6025390625 0.35986328125 0.6044921875 0.353515625 0.6142578125 0.353515625 0.6298828125 0.3603515625 0.642578125 0.3662109375 0.638671875 0.3720703125 0.6181640625
4 0.4150390625 0.3466796875 0.41845703125 0.3251953125 0.41552734375 0.3115234375 0.412109375 0.3125 0.408203125 0.30859375 0.408203125 0.3017578125 0.40087890625 0.2919921875 0.390625 0.2919921875 0.384765625 0.298828125 0.38525390625 0.3125 0.40380859375 0.3544921875 0.40869140625 0.35546875 0.4150390625 0.3466796875
4 0.47412109375 0.4013671875 0.48681640625 0.388671875 0.482421875 0.3701171875 0.47412109375 0.3515625 0.46533203125 0.3515625 0.45947265625 0.3564453125 0.45849609375 0.3603515625 0.45751953125 0.384765625 0.46240234375 0.396484375 0.46630859375 0.400390625 0.47412109375 0.4013671875
4 0.611328125 0.337890625 0.609375 0.3408203125 0.61181640625 0.3447265625 0.61181640625 0.3564453125 0.61474609375 0.3603515625 0.61474609375 0.3701171875 0.6171875 0.3759765625 0.61279296875 0.4033203125 0.61767578125 0.4150390625 0.61376953125 0.423828125 0.6162109375 0.4345703125 0.6142578125 0.4404296875 0.61865234375 0.44921875 0.62890625 0.44140625 0.642578125 0.443359375 0.642578125 0.4140625 0.640625 0.39453125 0.6376953125 0.384765625 0.63427734375 0.3564453125 0.62890625 0.34375 0.626953125 0.3251953125 0.62548828125 0.3203125 0.6201171875 0.31640625 0.615234375 0.3154296875 0.60986328125 0.3212890625 0.609375 0.326171875 0.611328125 0.330078125 0.60986328125 0.333984375 0.611328125 0.337890625
4 0.60107421875 0.5810546875 0.60546875 0.5791015625 0.60888671875 0.552734375 0.60693359375 0.53515625 0.599609375 0.5302734375 0.59619140625 0.533203125 0.59033203125 0.5322265625 0.58642578125 0.53515625 0.58251953125 0.5478515625 0.58203125 0.5556640625 0.583984375 0.5654296875 0.5908203125 0.5771484375 0.60107421875 0.5810546875
4 0.51953125 0.4306640625 0.5224609375 0.4052734375 0.5185546875 0.392578125 0.513671875 0.390625 0.50830078125 0.3955078125 0.50439453125 0.408203125 0.50537109375 0.4375 0.50927734375 0.4482421875 0.51318359375 0.4482421875 0.51953125 0.4306640625