3 0.45050401874999996 0.2861131546875 0.45961243749999997 0.2828848140625 0.46099138125000005 0.2769130875 0.4568439953125 0.243135340625 0.449874915625 0.220781384375 0.44656228281250004 0.21960564843750002 0.4342050390625 0.2221779125 0.40811160312499994 0.2332941640625 0.3799816546875 0.2536278328125 0.3777537234375 0.26128627656250003 0.3795598 0.2673944234375 0.3897529203125 0.2730002609375 0.4113266875 0.2766812421875 0.4356193234375 0.28530330625 0.45050401874999996 0.2861131546875
3 0.6368688765625 0.599770359375 0.660690084375 0.587350625 0.67814125 0.5746580515625 0.6812819734375 0.5658325453125 0.6737634265625 0.5562058671875 0.6635065 0.55008036875 0.6486218046875 0.54927051875 0.6386839078125 0.5457433125 0.6140970296875 0.5519271531250001 0.5931418125000001 0.56188501875 0.5918904796875 0.568896059375 0.586286109375 0.5748591109375 0.5897068437499999 0.5855164312500001 0.6069080640625 0.5965916874999999 0.621326609375 0.602206203125 0.6368688765625 0.599770359375
4 0.625361103125 0.2910180078125 0.609180778125 0.2882572734375 0.598712925 0.28901507187500003 0.5926619125 0.29134051875 0.5838725234375 0.2971671484375 0.5853595703125001 0.3006770078125 0.594576090625 0.3069302484375 0.606658603125 0.310721625 0.6233688859375001 0.3091973515625 0.6311816765625 0.304018125 0.6302245875 0.296223259375 0.625361103125 0.2910180078125
4 0.3611921609375 0.367235715625 0.387457503125 0.3661207046875 0.396693534375 0.363931678125 0.40236170937500004 0.3584882875 0.4043982234375 0.3492708703125 0.40065845937500005 0.3360152609375 0.3776614515625 0.32934408125000003 0.34978145 0.32590991874999997 0.3382093859375 0.3262758046875 0.3346858265625 0.3319833640625 0.3283157859375 0.331710521875 0.3033903671875 0.34373834375 0.3018838109375 0.3486707546875 0.30952997187500003 0.35933675 0.31297021406250003 0.3615518015625 0.32987191562499996 0.3615865015625 0.34195442656249997 0.3653778765625 0.3611921609375 0.367235715625
4 0.3128958546875 0.30933921875000003 0.31457431874999997 0.3144080484375 0.33205027343750004 0.31911966875000003 0.341477721875 0.318489615625 0.3523479203125 0.3124074953125 0.350159009375 0.3031814015625 0.3391169015625 0.29926228125 0.3216214375 0.30299292968749997 0.3128958546875 0.30933921875000003
4 0.3760536671875 0.46246949062500003 0.3581115625 0.46256253437500006 0.345754315625 0.46513479999999996 0.3425497859375 0.473440646875 0.3433792640625 0.48019619531249996 0.34805132968749997 0.483842475 0.35669359843750004 0.485418796875 0.3670976453125 0.484141340625 0.38739529375 0.4774291671875 0.389048971875 0.4650938046875 0.3760536671875 0.46246949062500003
4 0.32503849375 0.3996319078125 0.3299657828125 0.4053568171875 0.35257995468750003 0.40891004999999997 0.36279258593749997 0.4060736203125 0.36826934218749996 0.39907125468750004 0.3655504734375 0.39413016875 0.3543169484375 0.388652075 0.337670471875 0.39069600625 0.32503849375 0.3996319078125
4 0.7038396984374999 0.3969028078125 0.7024997734375 0.385989996875 0.6944512703125 0.3806483234375 0.679949409375 0.382956421875 0.6376366296875 0.408196475 0.6372342828125 0.41352079843749995 0.647427403125 0.4191266359375 0.6707629500000001 0.4199538359375 0.6849457828125 0.41504745156249995 0.6834587359375 0.41153759218749997 0.68710990625 0.4068693484375 0.694392740625 0.40597512968749994 0.7038396984374999 0.3969028078125
4 0.638540465625 0.46716460781249997 0.612402734375 0.46931893437500005 0.6005559375 0.47604845781250005 0.596904765625 0.480716703125 0.5968852546875001 0.4891589703125 0.612069471875 0.5010093765625 0.631262909375 0.493905290625 0.6499459 0.48264394218750006 0.6487973921875 0.473290103125 0.642829696875 0.467692940625 0.638540465625 0.46716460781249997
4 0.6426309203125 0.6380972828125 0.6129253328125001 0.636997240625 0.6010785359375 0.6437267640625 0.5912044453124999 0.6407192140625 0.5800790218749999 0.644722703125 0.5735813703125 0.643410546875 0.5647919796875 0.649237178125 0.5744551421875 0.6591280234375 0.5741609000000001 0.6739339296875 0.6053730421875 0.670101559375 0.6259259140625 0.6654680171875 0.6359471265625001 0.6610726140625001 0.6656722234375 0.6537303859375 0.6784956203125 0.646353459375 0.6980080859375 0.6418476609375 0.70301869375 0.6396499609374999 0.706478446875 0.63342274375 0.7068807921875 0.6280984203125 0.699936496875 0.6231486609375 0.6946706687499999 0.62326773125 0.690764271875 0.62585734375 0.6864112359375001 0.6248093546875 0.682441034375 0.626879309375 0.679064596875 0.625183915625 0.6752220062500001 0.6282931875 0.66273715 0.629826134375 0.6589583671875 0.6334550625 0.64855431875 0.63473251875 0.6426309203125 0.6380972828125
4 0.47265682968749995 0.6299554125 0.4690251671875 0.6261813875 0.45498945781250005 0.6236848203124999 0.44660241406249995 0.6241871265625 0.43645359062500005 0.6275432140625 0.42486201562500003 0.6363513703125 0.42204032187499996 0.6477751640625 0.424695384375 0.6521965921875 0.45323295625000004 0.6523850609374999 0.4717050171875 0.648007009375 0.47594995156250003 0.6395734156249999 0.4723820953125 0.6363190515625 0.47265682968749995 0.6299554125
4 0.562473859375 0.52714365 0.551539853125 0.5327061140625 0.5520503015625 0.536863375 0.5716070656250001 0.541319503125 0.599040425 0.5411160625 0.6120552390625 0.5352981078125 0.6134979890625 0.5298460390625 0.6075941 0.5247685328125 0.5935583906249999 0.522271965625 0.562473859375 0.52714365