4 0.3759765625 0.7001953125 0.38232421875 0.6884765625 0.384765625 0.677734375 0.3828125 0.6650390625 0.37060546875 0.64453125 0.3583984375 0.650390625 0.35302734375 0.662109375 0.35107421875 0.6748046875 0.3505859375 0.6806640625 0.353515625 0.693359375 0.3681640625 0.7021484375 0.3759765625 0.7001953125
4 0.32568359375 0.5244140625 0.35693359375 0.5341796875 0.3681640625 0.533203125 0.37158203125 0.529296875 0.37158203125 0.51171875 0.365234375 0.48828125 0.35693359375 0.4814453125 0.34716796875 0.4599609375 0.33447265625 0.4638671875 0.328125 0.478515625 0.328125 0.4892578125 0.32177734375 0.51171875 0.322265625 0.5185546875 0.32568359375 0.5244140625
4 0.3134765625 0.5224609375 0.31689453125 0.5146484375 0.31884765625 0.494140625 0.31689453125 0.4853515625 0.3095703125 0.4794921875 0.29931640625 0.48828125 0.29443359375 0.50390625 0.29345703125 0.5146484375 0.294921875 0.5244140625 0.30810546875 0.5263671875 0.3134765625 0.5224609375
4 0.18115234375 0.5126953125 0.18212890625 0.4970703125 0.1787109375 0.4912109375 0.17333984375 0.48828125 0.1650390625 0.49609375 0.16259765625 0.5087890625 0.16259765625 0.5283203125 0.16552734375 0.537109375 0.169921875 0.5380859375 0.18115234375 0.5126953125
4 0.22900390625 0.6005859375 0.23193359375 0.583984375 0.22900390625 0.5634765625 0.2236328125 0.560546875 0.21728515625 0.564453125 0.21240234375 0.576171875 0.2099609375 0.5859375 0.21142578125 0.5986328125 0.22509765625 0.6103515625 0.22900390625 0.6005859375
4 0.25146484375 0.576171875 0.25439453125 0.556640625 0.25244140625 0.5498046875 0.2470703125 0.5458984375 0.240234375 0.5556640625 0.240234375 0.5712890625 0.2421875 0.580078125 0.248046875 0.5810546875 0.25146484375 0.576171875
4 0.27294921875 0.552734375 0.26953125 0.537109375 0.26318359375 0.5361328125 0.2587890625 0.55078125 0.25830078125 0.5576171875 0.26611328125 0.568359375 0.27197265625 0.5634765625 0.27294921875 0.552734375
4 0.29833984375 0.62890625 0.3017578125 0.611328125 0.2978515625 0.595703125 0.2939453125 0.5908203125 0.28662109375 0.5888671875 0.28369140625 0.59375 0.2802734375 0.61328125 0.27978515625 0.626953125 0.28125 0.630859375 0.2919921875 0.6357421875 0.29833984375 0.62890625
4 0.28369140625 0.6767578125 0.287109375 0.671875 0.287109375 0.6494140625 0.28271484375 0.6396484375 0.27490234375 0.638671875 0.27099609375 0.6484375 0.26953125 0.6640625 0.27294921875 0.6748046875 0.275390625 0.677734375 0.28369140625 0.6767578125
4 0.255859375 0.7001953125 0.259765625 0.693359375 0.259765625 0.669921875 0.25537109375 0.662109375 0.251953125 0.6630859375 0.24951171875 0.6689453125 0.24853515625 0.6826171875 0.25 0.6962890625 0.25244140625 0.7001953125 0.255859375 0.7001953125
4 0.23974609375 0.6318359375 0.236328125 0.625 0.2333984375 0.6259765625 0.2255859375 0.6435546875 0.224609375 0.6533203125 0.23583984375 0.6591796875 0.240234375 0.6474609375 0.23974609375 0.6318359375
4 0.2109375 0.681640625 0.21533203125 0.669921875 0.21435546875 0.6591796875 0.208984375 0.6484375 0.201171875 0.6474609375 0.19775390625 0.6533203125 0.19580078125 0.6728515625 0.19873046875 0.6826171875 0.2041015625 0.6884765625 0.2109375 0.681640625
4 0.48046875 0.4423828125 0.48193359375 0.423828125 0.486328125 0.412109375 0.48828125 0.3955078125 0.48583984375 0.3896484375 0.47998046875 0.3876953125 0.4716796875 0.3896484375 0.46875 0.39453125 0.46826171875 0.435546875 0.4697265625 0.4462890625 0.47509765625 0.451171875 0.48046875 0.4423828125
4 0.54248046875 0.3798828125 0.54248046875 0.3623046875 0.54052734375 0.349609375 0.533203125 0.3408203125 0.5263671875 0.341796875 0.52001953125 0.3525390625 0.51708984375 0.3720703125 0.51708984375 0.3837890625 0.521484375 0.392578125 0.53662109375 0.392578125 0.54248046875 0.3798828125
4 0.71337890625 0.4404296875 0.7109375 0.419921875 0.70556640625 0.4140625 0.6923828125 0.412109375 0.68701171875 0.4189453125 0.6875 0.4287109375 0.69384765625 0.4453125 0.705078125 0.4482421875 0.71337890625 0.4404296875
4 0.56396484375 0.6142578125 0.56591796875 0.6044921875 0.56396484375 0.5888671875 0.55615234375 0.5859375 0.552734375 0.5888671875 0.5498046875 0.5966796875 0.54931640625 0.6123046875 0.5517578125 0.6181640625 0.55712890625 0.62109375 0.56396484375 0.6142578125
4 0.455078125 0.6767578125 0.45458984375 0.6533203125 0.44677734375 0.6396484375 0.43310546875 0.6376953125 0.42919921875 0.640625 0.42626953125 0.6494140625 0.4296875 0.677734375 0.43359375 0.6845703125 0.443359375 0.685546875 0.455078125 0.6767578125
4 0.47705078125 0.828125 0.4873046875 0.818359375 0.494140625 0.810546875 0.49560546875 0.802734375 0.494140625 0.794921875 0.4873046875 0.7822265625 0.4873046875 0.7783203125 0.47021484375 0.76171875 0.46533203125 0.767578125 0.4638671875 0.791015625 0.4609375 0.7978515625 0.4599609375 0.8076171875 0.45947265625 0.826171875 0.4619140625 0.8291015625 0.47021484375 0.8291015625 0.47705078125 0.828125
4 0.3505859375 0.2783203125 0.34521484375 0.2734375 0.3369140625 0.2744140625 0.33203125 0.27734375 0.3291015625 0.283203125 0.32958984375 0.30859375 0.33740234375 0.3115234375 0.34716796875 0.30078125 0.3505859375 0.2783203125
4 0.3154296875 0.306640625 0.3203125 0.298828125 0.31884765625 0.2939453125 0.3193359375 0.28125 0.31103515625 0.2744140625 0.306640625 0.2783203125 0.30224609375 0.2744140625 0.30078125 0.27734375 0.27734375 0.2861328125 0.27294921875 0.291015625 0.28271484375 0.302734375 0.29052734375 0.3076171875 0.3154296875 0.306640625
4 0.3828125 0.302734375 0.38330078125 0.2958984375 0.38037109375 0.2890625 0.376953125 0.2861328125 0.37255859375 0.2861328125 0.37109375 0.2890625 0.37060546875 0.298828125 0.373046875 0.3056640625 0.37841796875 0.3076171875 0.3828125 0.302734375
4 0.3623046875 0.4287109375 0.369140625 0.421875 0.37060546875 0.4091796875 0.3662109375 0.3984375 0.35888671875 0.396484375 0.35107421875 0.400390625 0.349609375 0.4033203125 0.3505859375 0.416015625 0.35693359375 0.4296875 0.3623046875 0.4287109375
4 0.1201171875 0.45703125 0.12255859375 0.4697265625 0.1337890625 0.46875 0.1376953125 0.451171875 0.1337890625 0.435546875 0.12353515625 0.4267578125 0.11865234375 0.427734375 0.11962890625 0.431640625 0.11767578125 0.4345703125 0.12060546875 0.439453125 0.1201171875 0.45703125