4 0.36140800624999997 0.673605221875 0.3598679921875 0.686640959375 0.3595787703125 0.6926427328125 0.36302076250000004 0.7055044968749999 0.37828025468750004 0.713959134375 0.3861818078125 0.71168598125 0.3922404625 0.6994910609375 0.3943483375 0.6884327171875 0.3919027453125 0.6755361578125 0.3787163 0.65502578125 0.3664702578125 0.6614450953125 0.36140800624999997 0.673605221875
4 0.35895009375 0.4889477734375 0.348219821875 0.4673530125 0.33540591875 0.4717949328125 0.32945175625 0.48698204062499995 0.32983488437499997 0.4979533984375 0.32415936093750003 0.521119675 0.32490136875000003 0.52808405 0.32859775625 0.53394664375 0.3608309046875 0.542807159375 0.37225469375000003 0.5414096203125001 0.3756027796875 0.537298253125 0.3749758421875 0.5193451234375 0.367663315625 0.4956337875 0.35895009375 0.4889477734375
4 0.2959814765625 0.5141147703125 0.295368203125 0.5251209218749999 0.2972111046875 0.535042690625 0.310732184375 0.5365677484375 0.316073075 0.5323867890625 0.3192818421875 0.5242858390625 0.32054321875 0.50327093125 0.31823694687500004 0.49436395781250003 0.31055495624999996 0.48864054531249995 0.30040620625000003 0.4979824578125 0.2959814765625 0.5141147703125
4 0.162338003125 0.5437470109375 0.1656406765625 0.552619190625 0.1701593140625 0.5534600078125 0.1807123578125 0.5271275671875 0.1811514796875 0.5111344359375 0.1774550953125 0.5052718421875 0.17187039843750002 0.5024710265625 0.1636796234375 0.510745953125 0.16164140625 0.5237990906250001 0.162338003125 0.5437470109375
4 0.2127184421875 0.6009058140625 0.2146658328125 0.6138197703125 0.22903341406250002 0.625301390625 0.23267072187500001 0.61518825 0.23506781875 0.59812813125 0.2313471875 0.5772872015625 0.2257624890625 0.5744863859375 0.21942519843750002 0.5787021375 0.214861146875 0.590844865625 0.2127184421875 0.6009058140625
4 0.245390715625 0.5937731984375 0.25140395625 0.594561825 0.2547172125 0.5894530609374999 0.2570098203125 0.5694007562500001 0.25477320937500003 0.5624885734375 0.24915367968750002 0.5586903624999999 0.2425271671875 0.5689078875 0.2430844453125 0.5848662250000001 0.245390715625 0.5937731984375
4 0.275188859375 0.575756215625 0.27580213124999997 0.564750065625 0.2717574484375 0.5489135109375 0.265246009375 0.5481422828125 0.2612846484375 0.5632598015625 0.26103025625 0.5702589703125 0.26938459843749996 0.5809519671875 0.275188859375 0.575756215625
4 0.28543459375 0.6263276546875 0.2854240125 0.640308596875 0.28705793281249997 0.6442459890625 0.29819249999999997 0.6488502234375 0.304425303125 0.6416422828125 0.3072857703125 0.6235673703125 0.3027428875 0.6077482140625 0.29858313124999997 0.6029004140625001 0.291040459375 0.6011665859375 0.2882254046875 0.6062579515625 0.28543459375 0.6263276546875
4 0.276285328125 0.6785749953125 0.2801558609375 0.68942456875 0.28275135625000003 0.69232976875 0.29118594062500003 0.6910366140625 0.29449919687500004 0.6859278515625 0.2936981109375 0.66298774375 0.2888660046875 0.6531703609374999 0.2808599609375 0.652451325 0.277222653125 0.662564465625 0.276285328125 0.6785749953125
4 0.2555244609375 0.6982736140625 0.25750667968749996 0.712184965625 0.2601370046875 0.7160875625 0.263624409375 0.7159657796875 0.2673662078125 0.7088448281249999 0.266530290625 0.684907321875 0.26176784531249997 0.6770847328125 0.25831526875 0.6782039109375 0.2560332453125 0.684275275 0.2555244609375 0.6982736140625
4 0.245801171875 0.662663115625 0.24474569375000002 0.646722178125 0.2410144796875 0.6398621875 0.2380601046875 0.6409639687500001 0.230715828125 0.6591954578125 0.230067725 0.6692042140625001 0.2417353234375 0.674788446875 0.245801171875 0.662663115625
4 0.201370475 0.690178590625 0.204707978125 0.7000481640625 0.21039716562500002 0.7058411687499999 0.21712816875000002 0.6986158312499999 0.22119401718749998 0.6864905 0.21981448750000002 0.6755539390624999 0.21395114999999998 0.66477395625 0.20594510625 0.6640549203125 0.20266668124999998 0.6701610796875 0.201370475 0.690178590625
4 0.47275327968749997 0.391104121875 0.46993822500000004 0.3961954875 0.47090287656249996 0.4381035171875 0.4727806078125 0.44902268125000006 0.478434965625 0.45381828906250005 0.48360170625 0.44465035156250005 0.484434540625 0.4256476328125 0.48850039062499995 0.413522303125 0.4899010875 0.39649697968750003 0.487201103125 0.3905995921875 0.481153034375 0.3888135703125 0.47275327968749997 0.391104121875
4 0.51845901875 0.3715330203125 0.5188769765625 0.3835017734375 0.5236742515625 0.392321759375 0.5391184765625 0.391782434375 0.5446440984375001 0.3786075140625 0.5440171609375 0.3606543859375 0.5415715703124999 0.347757828125 0.533785090625 0.3390422265625 0.5268451093750001 0.3402831890625 0.5207516265625001 0.3514807140625 0.51845901875 0.3715330203125
4 0.70141995 0.44003980781249996 0.7129830578125 0.44263185156249996 0.7211738328124999 0.434356925 0.7179514015625 0.4134985953125 0.7122622140625 0.40770559375 0.6987411328124999 0.4061805359375 0.6935047328125 0.41335368125 0.69435123125 0.4233102421875 0.70141995 0.44003980781249996
4 0.5599084125 0.6157442046875 0.5626083953125 0.6216415953125 0.5681930937499999 0.6244424078125 0.5749240953125 0.6172170718750001 0.5765686 0.6071735203124999 0.5740185203125 0.5912847734375 0.5659428171875 0.588570946875 0.5625599015625 0.5916849171874999 0.5598493343750001 0.599768471875 0.5599084125 0.6157442046875
4 0.44018281249999996 0.6868321421875 0.4444122265625 0.6936747343749999 0.4544110734375 0.694324178125 0.46605442343750003 0.684930071875 0.4647203078125 0.661009965625 0.4562614765625 0.64732478125 0.44224219375 0.6458171218750001 0.4383610765625 0.648948490625 0.435685340625 0.658029440625 0.44018281249999996 0.6868321421875
4 0.5025579812500001 0.787511021875 0.48452884531249996 0.771164203125 0.4797558171875 0.7773225546875 0.4790971296875 0.801312253125 0.476351734375 0.8083984109375001 0.4757036296875 0.8184071656249999 0.475867196875 0.8373750875000001 0.47846269062499996 0.8402802890625001 0.486932103125 0.8399845296875 0.4938720859375 0.8387435671875 0.5039860046875 0.828404259375 0.5106821765625 0.820181525 0.5118981406249999 0.8121501640625001 0.5101249 0.8042231875000001 0.5026973 0.79150060625 0.5025579812500001 0.787511021875
4 0.33296166875 0.3160967671875 0.3425425578125 0.3047774578125 0.345228878125 0.2817155671875 0.33957451875 0.27691996093750004 0.3311399359375 0.27821311406250004 0.32626241718750004 0.281379278125 0.323482190625 0.2874680390625 0.3248859671875 0.3133829390625 0.33296166875 0.3160967671875
4 0.295767678125 0.279448340625 0.29437756406250004 0.282492721875 0.27077739375 0.29230436875 0.2664677359375 0.29744792656249996 0.2768497109375 0.309068728125 0.2849950734375 0.313777346875 0.310368484375 0.31189267656249997 0.31507185312499997 0.30373953125 0.3134031015625 0.2988047453125 0.31344851406249996 0.2858211984375 0.3047352921875 0.27913518437499996 0.3003908046875 0.283281346875 0.295767678125 0.279448340625
4 0.3663865375 0.3019475828125 0.36912135 0.30884236875000004 0.37467121875 0.3106457875 0.3789808765625 0.30550222968749996 0.37923526875 0.298503059375 0.37600225468750004 0.2916256734375 0.372410359375 0.2887552671875 0.3679265515625 0.2889118453125 0.366536440625 0.29195622656250003 0.3663865375 0.3019475828125
4 0.34869069375 0.40941705468749995 0.350139884375 0.4223484078125 0.35710411249999996 0.436085784375 0.3625494921875 0.434897015625 0.36928049375 0.42767167656250005 0.370322309375 0.4146533359375 0.3654553734375 0.4038385578125 0.3579127015625 0.40210472968750005 0.3500808078125 0.4063726734375 0.34869069375 0.40941705468749995
4 0.11391245624999999 0.442581 0.11504817812499998 0.4465357890625 0.1131598640625 0.449597565625 0.11632321875 0.4544801609375 0.1164519546875 0.4724506875 0.11939574687500001 0.48532984843750004 0.1308195359375 0.483932309375 0.1341782046875 0.46584000000000003 0.1296353203125 0.45002084375000007 0.1188596359375 0.441409628125 0.11391245624999999 0.442581