4 0.70957759375 0.643897934375 0.7234408515624999 0.643350115625 0.7297542140625 0.6426596546875001 0.7426121578125 0.636939934375 0.748915453125 0.6196127484375 0.7452360046875001 0.611740253125 0.7315034328125 0.6074320828124999 0.7196105859374999 0.6070601609375 0.7065515796875 0.6117454999999999 0.6873199640625 0.6289020390625 0.696046084375 0.64062414375 0.70957759375 0.643897934375
4 0.5172110734375 0.6769963453125001 0.49644132812499997 0.6917682078125 0.5031970375 0.7044100546875 0.5200360234375 0.7081143984375 0.5314262125 0.7059003703125 0.5565489718750001 0.7079945109375 0.56369674375 0.7060683937500001 0.5692058531249999 0.7012404109375 0.5731265453125001 0.6661274781250001 0.569778846875 0.6544333765625 0.5649332390625 0.6516181453125001 0.5462947484375 0.6552411015625 0.5227503390625 0.6667951828125 0.5172110734375 0.6769963453125001
4 0.55389496875 0.7385673703125 0.565486221875 0.737387721875 0.57553934375 0.7338233984375 0.574895934375 0.7194567109375 0.5696481999999999 0.7145727171875 0.5606607046875001 0.7125625890625 0.538513671875 0.714720609375 0.5295965515625001 0.7186008484374999 0.5248916953125 0.7275663531250001 0.53632210625 0.736615871875 0.55389496875 0.7385673703125
4 0.606925296875 0.8731768671875001 0.6156413515625 0.8682622484375001 0.6157720390625 0.8634062609375001 0.5865375484375 0.856744040625 0.5697689375 0.858930065625 0.564259828125 0.86375805 0.5622592609375 0.87005096875 0.572252071875 0.8772330015625001 0.5862158625 0.8772023734375001 0.606925296875 0.8731768671875001
4 0.6582665609375 0.8111341671875 0.6714260984375 0.806966015625 0.6810368734375001 0.790069384375 0.669877903125 0.7879446156250001 0.6516716953125 0.7882631531250001 0.6305299796875 0.7955930765625 0.6285294125 0.8018859953125 0.633978209375 0.80780436875 0.6474091859375 0.8105609671874999 0.6582665609375 0.8111341671875
4 0.64541864375 0.7782072578125 0.6452477375 0.7717997000000001 0.63936665625 0.76918574375 0.618054034375 0.7701081078125 0.6112078578125 0.7735857968750001 0.60817181875 0.780079990625 0.619933978125 0.7853079015625 0.6365015265625 0.782087496875 0.64541864375 0.7782072578125
4 0.6216831968750001 0.7500803296874999 0.6100919453125 0.751259978125 0.5942281203124999 0.758100715625 0.5944995578125 0.7650254640624999 0.6109364187499999 0.7666610484375 0.6182852515625 0.7657693109375 0.6280669343749999 0.7552802375 0.6216831968750001 0.7500803296874999
4 0.6727832171875 0.731023053125 0.687380353125 0.7287223890625001 0.69122064375 0.7263657171875 0.6941863078125 0.7139811546875 0.685631096875 0.708666609375 0.6662888828125 0.70866923125 0.6505255890625 0.716027159375 0.6461524828125 0.7211710578125 0.6455895140625 0.7293314640624999 0.6513700625000001 0.731428228125 0.6727832171875 0.731023053125
4 0.7288394421875 0.731934925 0.739525909375 0.7261005640625 0.7421296671875 0.7229107875 0.73938515625 0.7143198265625 0.733504078125 0.711705871875 0.709688228125 0.7163352046875 0.7002382953125 0.72300266875 0.7008113296875 0.7314789890625 0.7119702984375 0.7336037578125 0.7288394421875 0.731934925
4 0.7528362640624999 0.7503498765625001 0.767031271875 0.74598045 0.7706705015625 0.7425893984374999 0.7699667796874999 0.7389690671875 0.7619142265625001 0.7362404703125 0.7370629046875 0.741071078125 0.729683915625 0.7473359937499999 0.7314231078125 0.75075505 0.7381385953125 0.7521333515624999 0.7528362640624999 0.7503498765625001
4 0.7172683203125 0.766388021875 0.700801303125 0.7701256187500001 0.6942567234375 0.7751548765625 0.695895384375 0.77805674375 0.71614238125 0.7827088328125 0.7266981609375 0.7817304593750001 0.730598765625 0.76862743125 0.7172683203125 0.766388021875
4 0.753338959375 0.8082191812499999 0.7630904875 0.8031032874999999 0.7681974703125001 0.7962065421875 0.7595417265625 0.790374803125 0.74621128125 0.7881353953125 0.73502215625 0.7913838046875 0.7247378140625 0.7992869265625 0.7253108484374999 0.8077632453125 0.7322274 0.8101759265625 0.753338959375 0.8082191812499999
4 0.3962518046875 0.5743765046875 0.4020323515625 0.5764732687499999 0.44562269531250004 0.568536896875 0.45671129062500004 0.5647712968749999 0.46078279999999994 0.558075828125 0.45035770781249995 0.5541982125 0.4303821515625 0.556470871875 0.41705170625 0.5542314640625 0.3990465609375 0.55558438125 0.3933363875 0.5593779859375 0.3924718234375 0.56598681875 0.3962518046875 0.5743765046875
4 0.3682638734375 0.5299007609374999 0.38068953437499997 0.5274854578125 0.3891039953125 0.52101926875 0.385987515625 0.50498636875 0.3713200046875 0.5013966640625 0.3526815125 0.5050196203125 0.33962250781250003 0.509704959375 0.3318112359375 0.5192742921875 0.33425414999999997 0.52631368125 0.34695125 0.5308231265625001 0.3682638734375 0.5299007609374999
4 0.40953180937500006 0.3275822265625 0.41032599843749995 0.3150830234375 0.4003331859375 0.307900990625 0.3790909390625 0.314713725 0.37398395624999997 0.32161046875 0.3746273671875 0.33597715781250004 0.382981515625 0.34025732343750004 0.3932357015625 0.3377273796875 0.40953180937500006 0.3275822265625
4 0.616354828125 0.4462524765625 0.622065 0.4424588734375 0.6240655687500001 0.436165953125 0.6154098234375 0.43033421718750003 0.6046529796875 0.43027820781250004 0.5884875593750001 0.43556737500000003 0.58698965 0.44444624531250004 0.5907997875000001 0.44746275156250004 0.5996867484374999 0.44895569062499996 0.616354828125 0.4462524765625
4 0.7103616781250001 0.559478653125 0.7168057265625001 0.553932203125 0.7158305671875 0.543387121875 0.7040985625 0.5327860328125 0.6793477734375 0.5381338312499999 0.666459675 0.5492267296875 0.6672036171875 0.564110609375 0.671114284375 0.5676443046874999 0.6810367203125 0.56893596875 0.7103616781250001 0.559478653125
4 0.8051525343750001 0.477718840625 0.7910681203125 0.49924218125 0.7982862671875 0.5032064328125 0.823439184375 0.499927396875 0.831290675 0.5016216109375 0.8418464546875001 0.5006432375000001 0.86162095 0.49733619687499997 0.8642247078124999 0.4941464203125 0.8625156703125001 0.48535418437500005 0.8600727546875 0.4783147953125 0.847606875 0.4694665515625 0.837915659375 0.4638360921875 0.829330290625 0.46389472343750005 0.8213481109374999 0.467056496875 0.809294421875 0.47691373906249995 0.8051525343750001 0.477718840625
4 0.3410602609375 0.7327058609375 0.32765943750000004 0.724576084375 0.30313986718749997 0.7255850828125 0.2990683578125 0.7322805531250001 0.301812865625 0.7408715140625 0.3059245984375 0.7454395890625001 0.3127406171875 0.7473350796875 0.33956235 0.74158473125 0.3410602609375 0.7327058609375
4 0.30895060937499996 0.7775920234375 0.3123586203125 0.77853976875 0.3265033828125 0.8015534265625 0.3325855265625 0.8052017609375 0.3430005546875 0.7924426515625 0.3465694078125 0.7831612296875 0.3404068234375 0.7569858015625 0.3311177328125 0.7534240999999999 0.3262419703125 0.7559820484374999 0.31268030625 0.7580814359375 0.30714104062500003 0.7682825984375 0.3121877125 0.7721322109375001 0.30895060937499996 0.7775920234375
4 0.3207629765625 0.7001535 0.32750862187499996 0.6961586203125 0.32847371718749996 0.6900669765624999 0.32239157343749997 0.686418640625 0.315042740625 0.6873103781250001 0.3083976296875 0.691822446875 0.305994934375 0.69604660625 0.30689971875 0.7007013171875001 0.3103077296875 0.7016490625 0.3207629765625 0.7001535
4 0.435881309375 0.7008562234375 0.4491413796875 0.6972052640624999 0.4623310734375 0.6876639359375 0.460189753125 0.68217611875 0.451534009375 0.6763443812500001 0.43777128125000003 0.6774093890625 0.427285878125 0.6842781312499999 0.4267229078125 0.692438534375 0.4324733 0.699908478125 0.435881309375 0.7008562234375
4 0.50931955625 0.9404553515625 0.513260378125 0.9386158703125 0.5167689203125 0.9400808046875 0.5213430890625 0.9359712874999999 0.5400821109375 0.932865521875 0.5530405843749999 0.9276629906249999 0.5496928875 0.9159688890625001 0.5302501421875 0.9154543234375 0.5144868484375 0.92281225 0.5072787671875 0.9354847234375001 0.50931955625 0.9404553515625