3 0.607862903125 0.707661290625 0.604838709375 0.70614919375 0.5887096781250001 0.70614919375 0.5756048390624999 0.7086693546875 0.5635080640625 0.7147177421875 0.56552419375 0.72530241875 0.5745967734375 0.7273185484375 0.59375 0.7273185484375 0.6068548390624999 0.723286290625 0.6098790328125 0.7132056453125 0.607862903125 0.707661290625
4 0.7237903218749999 0.54032258125 0.7338709671875 0.546875 0.75302419375 0.5478830640625 0.7620967734375 0.5463709671875 0.7852822578125 0.535786290625 0.7993951609375001 0.51864919375 0.7933467734375 0.501512096875 0.7852822578125 0.4974798390625 0.7741935484375 0.498487903125 0.770161290625 0.5005040328125 0.7520161296875 0.4979838703125 0.7439516125 0.501512096875 0.738911290625 0.508064515625 0.74092741875 0.517137096875 0.7379032265625 0.5252016125 0.7237903218749999 0.5367943546875 0.7237903218749999 0.54032258125
4 0.329637096875 0.292338709375 0.32560483906250004 0.3009072578125 0.33064516093749996 0.307963709375 0.3508064515625 0.3069556453125 0.36290322656249996 0.296875 0.357862903125 0.29183467812499997 0.3427419359375 0.28729838750000003 0.33467741875 0.28780241875 0.329637096875 0.292338709375
4 0.45665322656249996 0.560987903125 0.4677419359375 0.5619959671875 0.4727822578125 0.5604838703125 0.47983870937499995 0.5660282265625 0.485887096875 0.55947580625 0.482862903125 0.554435484375 0.47580645156249995 0.5519153218749999 0.454637096875 0.5524193546875 0.43145161249999997 0.5433467734375 0.4052419359375 0.5443548390624999 0.38709677343750004 0.5372983875 0.37802419375 0.5372983875 0.36592741875 0.5428427421875 0.363911290625 0.546875 0.3760080640625 0.5539314515625 0.4163306453125 0.564012096875 0.442540321875 0.5650201609375001 0.4526209671875 0.5635080640625 0.45665322656249996 0.560987903125
4 0.710685484375 0.5740927421875 0.70967741875 0.5660282265625 0.7137096781250001 0.5599798390624999 0.7086693546875 0.5458669359375 0.710685484375 0.5372983875 0.704637096875 0.532762096875 0.6925403218749999 0.529737903125 0.6713709671875 0.53125 0.6552419359375 0.5413306453125 0.66532258125 0.5614919359375 0.65927419375 0.56552419375 0.6582661296875 0.573588709375 0.667338709375 0.58114919375 0.6814516125 0.58467741875 0.6945564515625 0.5841733875 0.704637096875 0.58114919375 0.710685484375 0.5740927421875
4 0.701612903125 0.6209677421875 0.70967741875 0.6144153218749999 0.710685484375 0.6103830640625 0.6995967734375 0.598286290625 0.68447580625 0.5897177421875 0.670362903125 0.5897177421875 0.6522177421875 0.5947580640625 0.6411290328125 0.5997983875 0.6290322578125 0.609375 0.63407258125 0.6144153218749999 0.65625 0.6189516125 0.6693548390624999 0.6260080640625 0.68447580625 0.626512096875 0.6935483875 0.6239919359375 0.701612903125 0.6209677421875
4 0.6129032265625 0.5720766125 0.6199596781250001 0.5599798390624999 0.616935484375 0.5529233875 0.6088709671875 0.5478830640625 0.579637096875 0.546875 0.5645161296875 0.55342741875 0.5584677421875 0.5619959671875 0.5473790328125 0.5685483875 0.54032258125 0.5771169359375 0.5433467734375 0.5841733875 0.55947580625 0.59072580625 0.5745967734375 0.5917338703125 0.5917338703125 0.5866935484375 0.6129032265625 0.5720766125
4 0.604838709375 0.5120967734375 0.5987903218749999 0.5095766125 0.5866935484375 0.50907258125 0.5635080640625 0.514112903125 0.5554435484375 0.5196572578125 0.5574596781250001 0.5252016125 0.5725806453125 0.5307459671875 0.5866935484375 0.53125 0.5997983875 0.5287298390624999 0.6058467734375 0.52469758125 0.6068548390624999 0.520161290625 0.604838709375 0.5120967734375
4 0.3135080640625 0.7197580640625 0.3145161296875 0.7167338703125 0.30947580625 0.710685484375 0.3145161296875 0.6990927421875 0.3114919359375 0.6925403218749999 0.29032258125 0.6814516125 0.28629032187500003 0.679939515625 0.27822580625 0.6804435484375 0.267137096875 0.6869959671875 0.2661290328125 0.695060484375 0.270161290625 0.7021169359375 0.27822580625 0.71219758125 0.2822580640625 0.7132056453125 0.29032258125 0.710685484375 0.298387096875 0.71572580625 0.3135080640625 0.7197580640625
4 0.4848790328125 0.63155241875 0.47782258125 0.6300403218749999 0.4677419359375 0.632560484375 0.45967741875 0.6365927421875 0.4556451609375 0.6426411296875 0.4586693546875 0.654737903125 0.463709678125 0.654737903125 0.4788306453125 0.6597782265625 0.4838709671875 0.6582661296875 0.48790322656249996 0.6512096781250001 0.4848790328125 0.63155241875
4 0.59375 0.7560483875 0.5725806453125 0.7570564515625 0.5584677421875 0.7631048390624999 0.5554435484375 0.7762096781250001 0.5604838703125 0.78125 0.57157258125 0.785786290625 0.579637096875 0.7852822578125 0.5927419359375 0.7807459671875 0.6068548390624999 0.7716733875 0.604838709375 0.7615927421875 0.59375 0.7560483875
4 0.71572580625 0.61239919375 0.7147177421875 0.61844758125 0.72177419375 0.62197580625 0.735887096875 0.6224798390624999 0.7449596781250001 0.6154233875 0.7520161296875 0.6033266125 0.7479838703125 0.5972782265625 0.74092741875 0.5972782265625 0.71572580625 0.61239919375