3 0.71630859375 0.431640625 0.7265625 0.4296875 0.728515625 0.4208984375 0.728515625 0.40234375 0.724609375 0.3896484375 0.71484375 0.38671875 0.70947265625 0.388671875 0.7080078125 0.3916015625 0.7080078125 0.4072265625 0.71044921875 0.419921875 0.71630859375 0.431640625
4 0.50634765625 0.2490234375 0.509765625 0.2568359375 0.51611328125 0.26171875 0.52490234375 0.259765625 0.53271484375 0.2626953125 0.5439453125 0.2763671875 0.54736328125 0.2763671875 0.5537109375 0.2666015625 0.5546875 0.248046875 0.55322265625 0.2392578125 0.54296875 0.216796875 0.5263671875 0.203125 0.509765625 0.208984375 0.505859375 0.216796875 0.5068359375 0.2275390625 0.5087890625 0.2314453125 0.50634765625 0.2490234375
4 0.322265625 0.6572265625 0.3212890625 0.6376953125 0.3115234375 0.6259765625 0.306640625 0.630859375 0.30224609375 0.6455078125 0.302734375 0.6533203125 0.30712890625 0.658203125 0.3154296875 0.662109375 0.322265625 0.6572265625
4 0.5498046875 0.623046875 0.5537109375 0.625 0.560546875 0.61328125 0.5703125 0.57421875 0.5712890625 0.548828125 0.56982421875 0.5390625 0.5673828125 0.53515625 0.568359375 0.5244140625 0.56689453125 0.51953125 0.572265625 0.5126953125 0.56591796875 0.5068359375 0.56103515625 0.509765625 0.55859375 0.5166015625 0.55908203125 0.537109375 0.55029296875 0.5595703125 0.55126953125 0.5849609375 0.54443359375 0.6025390625 0.54443359375 0.611328125 0.5498046875 0.623046875
4 0.57177734375 0.3388671875 0.57958984375 0.33984375 0.5869140625 0.3310546875 0.59033203125 0.3173828125 0.58984375 0.3046875 0.5869140625 0.294921875 0.580078125 0.2890625 0.572265625 0.2900390625 0.56640625 0.2861328125 0.552734375 0.291015625 0.54443359375 0.2890625 0.5400390625 0.294921875 0.537109375 0.306640625 0.53857421875 0.3271484375 0.54833984375 0.3427734375 0.56787109375 0.3330078125 0.57177734375 0.3388671875
4 0.6142578125 0.3681640625 0.619140625 0.36328125 0.62353515625 0.341796875 0.63037109375 0.3291015625 0.630859375 0.314453125 0.62841796875 0.3056640625 0.62548828125 0.2978515625 0.619140625 0.2900390625 0.615234375 0.2890625 0.603515625 0.2998046875 0.59521484375 0.314453125 0.59521484375 0.328125 0.60009765625 0.345703125 0.60498046875 0.3564453125 0.6142578125 0.3681640625
4 0.57470703125 0.447265625 0.5830078125 0.4541015625 0.58984375 0.451171875 0.59619140625 0.435546875 0.59716796875 0.4208984375 0.59228515625 0.404296875 0.578125 0.3837890625 0.56640625 0.376953125 0.5595703125 0.3798828125 0.5546875 0.3876953125 0.5537109375 0.416015625 0.56005859375 0.4306640625 0.568359375 0.4365234375 0.57470703125 0.447265625
4 0.53271484375 0.4375 0.5380859375 0.4228515625 0.53857421875 0.4091796875 0.5361328125 0.396484375 0.5322265625 0.390625 0.52783203125 0.3896484375 0.52001953125 0.3916015625 0.517578125 0.3974609375 0.51708984375 0.4091796875 0.52197265625 0.431640625 0.52734375 0.439453125 0.53271484375 0.4375
4 0.697265625 0.7197265625 0.7041015625 0.7158203125 0.7138671875 0.7080078125 0.71484375 0.7041015625 0.71240234375 0.6962890625 0.71728515625 0.6884765625 0.72119140625 0.673828125 0.71826171875 0.6728515625 0.71240234375 0.677734375 0.701171875 0.6728515625 0.69482421875 0.67578125 0.68408203125 0.6962890625 0.6826171875 0.7001953125 0.68310546875 0.7080078125 0.689453125 0.71875 0.697265625 0.7197265625
4 0.646484375 0.5361328125 0.658203125 0.533203125 0.658203125 0.5283203125 0.6630859375 0.513671875 0.66162109375 0.5087890625 0.65478515625 0.5048828125 0.6357421875 0.5078125 0.63427734375 0.5146484375 0.63671875 0.5244140625 0.640625 0.5322265625 0.646484375 0.5361328125
4 0.78076171875 0.4345703125 0.78515625 0.423828125 0.78466796875 0.416015625 0.7802734375 0.4033203125 0.771484375 0.3896484375 0.76171875 0.3916015625 0.75634765625 0.40234375 0.75732421875 0.4228515625 0.76318359375 0.4365234375 0.77587890625 0.439453125 0.78076171875 0.4345703125
4 0.62646484375 0.2783203125 0.626953125 0.2646484375 0.6201171875 0.255859375 0.6083984375 0.2490234375 0.6025390625 0.2529296875 0.6025390625 0.259765625 0.6171875 0.2841796875 0.623046875 0.28515625 0.62646484375 0.2783203125