3 0.627360846875 0.2876244984375 0.6304108390625001 0.2862942046875 0.632677809375 0.280949175 0.6302249062499999 0.2708863734375 0.6175534359375 0.266248590625 0.5987300624999999 0.2652621 0.5897098875 0.266776221875 0.5871833109375 0.277074771875 0.5987602359374999 0.283642040625 0.611509584375 0.28679376875 0.627360846875 0.2876244984375
4 0.7939492828125 0.5019939921875001 0.8020825968749999 0.4984465421875 0.8089094703124999 0.48191609843750005 0.795922265625 0.46434724374999997 0.7736812421875 0.45275067968749994 0.7648427890625 0.45079733906249997 0.74596749375 0.45080155 0.7357229703125 0.45672192031250003 0.7355412484375 0.460189384375 0.748814015625 0.47230936718749994 0.7513707625 0.4803907609375 0.7489220703125 0.4892032546875 0.75353810625 0.4959024328125 0.761282015625 0.49978526093750003 0.7792444859375001 0.498243071875 0.7831034609375 0.5004321625 0.7939492828125 0.5019939921875001
4 0.3403051546875 0.6848518984374999 0.3482048265625 0.6857626171875 0.36329902812500003 0.6820832578125 0.36851215000000004 0.6773893421875 0.357142909375 0.6668592546875 0.33738075312500004 0.6648301390625 0.3320637875 0.6715054640625 0.335585278125 0.6801341296875 0.3403051546875 0.6848518984374999
4 0.42286822031250004 0.43635219843749995 0.4485746 0.4386928375 0.4718280765625 0.4309706765625 0.49260689687500003 0.43255635937500003 0.49967162500000006 0.4304430453125 0.502903340625 0.4256452859375 0.49729660156250005 0.4188941875 0.490076109375 0.423979615625 0.485200471875 0.42223395625000004 0.47425080781249995 0.4226535328125 0.47041779375 0.4199690921875 0.4605886359375 0.4179638296875 0.43477841406250006 0.41760459843750003 0.3946310515625 0.4254348140625 0.3823791609375 0.43174669374999997 0.38415288593749997 0.4358133515625 0.39575576875 0.44188526875 0.4046721046875 0.4423525546875 0.42286822031250004 0.43635219843749995
4 0.6837390812499999 0.462938384375 0.704465984375 0.46551477343750003 0.7165101921875 0.46316570781250005 0.7226880578125 0.4590190640625 0.7211479749999999 0.450494240625 0.7268283828125 0.4368839890625 0.723177090625 0.43073208281250003 0.7245831593750001 0.422858371875 0.7190023796875 0.41561192187499996 0.709251103125 0.412120603125 0.6963979124999999 0.410950284375 0.6823463359375 0.41369085937500005 0.6730405968750001 0.420653853125 0.6736159359375 0.42863140624999996 0.6793524765625001 0.43290574375 0.668407025 0.4522006171875 0.6837390812499999 0.462938384375
4 0.6857597734375 0.40542563749999994 0.6996296265625 0.406152525 0.7149315109375001 0.39851035156250003 0.7264523015625 0.38719303125 0.725669278125 0.3831782953125 0.7180811312500001 0.37632335625 0.7103112625 0.3729358796875 0.701524728125 0.3699918328125 0.6866382093750001 0.3697083765625 0.6733956156249999 0.3759683359375 0.6513664875 0.3792842515625 0.6461533640625 0.3839781671875 0.657548565625 0.3940129015625 0.6681867046875001 0.399537546875 0.6857597734375 0.40542563749999994
4 0.5943897953125 0.44285769999999997 0.6231721296875 0.44337269375000005 0.6313573640625 0.43883453906250003 0.6346929203125 0.4320553734375 0.6283810390625 0.41980348125000005 0.60832910625 0.40434794375000005 0.5917467421875 0.3985117734375 0.5768342640624999 0.39872366875 0.56064551875 0.404332515625 0.5573099625 0.41111167968749995 0.5638035640625 0.41989610781250003 0.5743638234375 0.426906809375 0.579866721875 0.435639315625 0.5943897953125 0.44285769999999997
4 0.5993777015624999 0.480372540625 0.6112921078125 0.4805002359375 0.6173661328125 0.47833500000000007 0.61976290625 0.47051320937499996 0.6190058453125 0.46600312187500004 0.6132693031249999 0.46172878281249996 0.6005199546875 0.4585770546875 0.5866241390625 0.45834551875 0.5714780171875 0.46301558125 0.569211046875 0.4683606109375 0.5768511140625 0.47422484843749996 0.5993777015624999 0.480372540625
4 0.312948478125 0.29697589375 0.316989175 0.29569752031249996 0.338365084375 0.28589010937500003 0.341674678125 0.2796062953125 0.3373182453125 0.26795359687500003 0.3425832890625 0.26226897656250003 0.341748346875 0.25924494375 0.32668010625 0.2624289515625 0.318494871875 0.26696710625 0.3106990421875 0.2640749828125 0.30668430625 0.26485800312499996 0.29823946874999996 0.274349678125 0.293913209375 0.2810769234375 0.2944885484375 0.28905447500000003 0.3050488078125 0.29606517656250003 0.312948478125 0.29697589375
4 0.49861215000000003 0.3558806484375 0.505624959375 0.3547580375 0.5096095218750001 0.3355950734375 0.50601015 0.3284524625 0.5011345125 0.326706803125 0.48601435000000004 0.3308815140625 0.48106083125000004 0.33062191093750004 0.477465671875 0.34235459687500003 0.4811169640625 0.348506503125 0.48883491250000005 0.35288468281249996 0.49861215000000003 0.3558806484375
4 0.5982803125 0.23593249218749998 0.6190331734375001 0.23801352968749998 0.6302164796875 0.23313578437500002 0.63271709375 0.2233325859375 0.619314525 0.21368936249999998 0.606669015625 0.2085562265625 0.59876934375 0.2076455109375 0.5876379593750001 0.2115325515625 0.5824248359374999 0.21622646875 0.58472198125 0.22926138125 0.5982803125 0.23593249218749998
4 0.7554984499999999 0.4016298 0.7624333765625 0.40199324531249997 0.7667077171875001 0.396256703125 0.7603958375000001 0.3840048125 0.7518429453125 0.3766026 0.73794713125 0.37637106249999996 0.7308304796875 0.37947508281250003 0.7315096609375 0.3854712265625 0.7554984499999999 0.4016298