0 0.6962250015625 0.39551213281250003 0.6979119125000001 0.38757584375 0.6879701015624999 0.3636886578125 0.6748548359375001 0.34742178749999997 0.6671374515624999 0.34474455000000004 0.6493936812500001 0.3575627 0.63908264375 0.3719607265625 0.63718486875 0.38088905156249997 0.6381864 0.3883599296875 0.6450603296875 0.39500531250000004 0.659177128125 0.4187430609375 0.6707953484375 0.42743373125 0.6792191109375 0.42922425625000005 0.6873477218749999 0.42265719375 0.6904368921875 0.4056872546875 0.6962250015625 0.39551213281250003
0 0.6984080031250001 0.290216771875 0.6998102625 0.281183121875 0.6969637453125 0.2702095109375 0.6882553296875 0.2673216234375 0.6829204468750001 0.29729335625000003 0.6885924812499999 0.304720125 0.6931891968749999 0.302586615625 0.6984080031250001 0.290216771875
0 0.36626388906249996 0.41039897343750004 0.3696272109375 0.38726616875 0.36664361875 0.37937398906249997 0.36246862968750004 0.379523425 0.3390633265625 0.39217503593749997 0.3319257453125 0.3989527484375 0.32254245 0.4187322578125 0.3202229484375 0.429644653125 0.3185675375 0.4593616265625 0.32713887812500003 0.465330946875 0.33003818281249997 0.46387349999999994 0.3533486984375 0.4346120359375 0.36626388906249996 0.41039897343750004
0 0.7871131874999999 0.7549199734375 0.78191566875 0.733078075 0.7785736359375 0.7219991390625 0.772195221875 0.7154590828125 0.7665336890625001 0.7152925421874999 0.759469896875 0.724159653125 0.7482521140625 0.7476966546875 0.7416838375 0.756669090625 0.73857366875 0.759118571875 0.7300761171875 0.75523865 0.7231493999999999 0.7610243265625 0.6999969593750001 0.8017248125 0.6939874859375 0.8056317421875001 0.6815995984375001 0.8029986156250001 0.6708458328125 0.8048602578124999 0.666828921875 0.8164487171875001 0.6655847390625 0.8369213890625 0.669127134375 0.8397480625 0.6830648578125 0.8375263343749999 0.697772246875 0.8292470625 0.7066072375 0.8217932890625 0.7268813734374999 0.7970707046875 0.747250296875 0.7889579734375001 0.7646989140625 0.767782234375 0.7857742171875 0.7587827921875 0.7871131874999999 0.7549199734375
0 0.6301499859375 0.8501266328125 0.6321848359375 0.8381168734375001 0.62926453125 0.8250538640625 0.6160226875 0.8191286546875001 0.6088851078124999 0.8259063687499999 0.6051633468750001 0.8458524140625 0.6284525765625 0.8508026937500001 0.6301499859375 0.8501266328125
0 0.46869650937499996 0.7764080859375 0.4705942828125 0.7674797609375 0.46789534218749995 0.7606849437500001 0.45954536562500004 0.7609838140625 0.4524815734375 0.769850925 0.453493603125 0.78458203125 0.44635602343749997 0.7913597453125 0.44069448906249997 0.7911932046875 0.43445315000000007 0.7815717140625 0.41209166562500005 0.7820029171875 0.4067990703125 0.7922833640625 0.4021600671875 0.8141081578125 0.41164864999999995 0.8181987312500001 0.43067860312499995 0.8139488203124999 0.45417869531250005 0.8179070625 0.4590495625 0.8096106875 0.461643215625 0.7925354234374999 0.4637623546875 0.7898752906250001 0.46241288281250004 0.7864778828125 0.46869650937499996 0.7764080859375
0 0.5703319890625 0.44444327812499995 0.574201325 0.428676025 0.571628959375 0.411539546875 0.5666000171875 0.4083968984375 0.5588193453125 0.4108904921875 0.550975384375 0.41855491562499997 0.5453453500000001 0.44016905937499995 0.547991503125 0.4593949359375 0.5511859593749999 0.46629507812500004 0.55465456875 0.467032353125 0.5703319890625 0.44444327812499995
4 0.5135903578125001 0.40438734375 0.5138645093750001 0.398224478125 0.5107966296875001 0.38098267343750003 0.506474065625 0.3769533140625 0.48616842968749996 0.3798952140625 0.47750201406250004 0.40604823906250004 0.474707996875 0.4313757671875 0.486041565625 0.438969075 0.49742792343750003 0.4341313234375 0.508445340625 0.41884658437500005 0.5135903578125001 0.40438734375
4 0.6941041375 0.69056545625 0.6984584890625001 0.6676433015625001 0.69298681875 0.6519642703125 0.6817270390625 0.646460359375 0.6776258375 0.6486991921875 0.6640042671875 0.673798965625 0.6623911453125 0.6838246515625 0.66298145 0.7005398296875 0.6701505296875 0.7155427999999999 0.6760967156250001 0.7168067015624999 0.68260170625 0.713005096875 0.6941041375 0.69056545625
4 0.6985422015625 0.7744573234375001 0.69944894375 0.7653183484375 0.6982998375 0.753668675 0.6924697281250001 0.734802884375 0.6797339 0.736243228125 0.6750738968750001 0.743547565625 0.6698760906250001 0.7704378671875001 0.6705296828125 0.7819822140625 0.674936534375 0.7953611984375 0.6838558124999999 0.79725705 0.69318631875 0.7899086 0.6985422015625 0.7744573234375001
4 0.39292492343749996 0.7406020625 0.3944009703125 0.7336578109375 0.392872425 0.7043009234375 0.3844381609375 0.6952501703125 0.370795590625 0.7058294875 0.36064262812500003 0.7316665375 0.3627194796875 0.7486976890625 0.36689446718749996 0.7485482546875 0.3726402890625 0.75806441875 0.3766044125 0.7589070203125 0.3848068140625 0.754429353125 0.39292492343749996 0.7406020625
4 0.32430228437499997 0.5590819609375 0.3280978328125 0.5412253109375 0.3237014828125 0.535106553125 0.3157837328125 0.54068158125 0.31335894375 0.527723896875 0.304566240625 0.515486384375 0.2962162640625 0.5157852562499999 0.292336428125 0.5242922812499999 0.2877079265625 0.553377303125 0.287307196875 0.56988183125 0.2904383671875 0.581952803125 0.29639505312500003 0.5904769328125 0.304534165625 0.591170096875 0.316479325 0.581266840625 0.319083478125 0.571451803125 0.3194209171875 0.56011810625 0.32430228437499997 0.5590819609375
4 0.2600853453125 0.5858696359375 0.2610658765625 0.5788200578125 0.25379150781250004 0.53994700625 0.24670671562500002 0.5342936609375 0.2404230890625 0.5443634562499999 0.2338863109375 0.5751165765625 0.23702797968749997 0.5944477765625 0.2445345015625 0.5981170515625001 0.254086371875 0.59703679375 0.2600853453125 0.5858696359375
4 0.7955372406250001 0.7079783015625 0.7935869656250001 0.6806054859375 0.7900973578125 0.6653477546875 0.7846466859375 0.6641891796875 0.7660594609375 0.680975475 0.7619159734375 0.70290559375 0.7660381734375 0.7151872171875 0.783381215625 0.7188735953125 0.7925746453125 0.7146065796875 0.7955372406250001 0.7079783015625
4 0.272557234375 0.6465845859375 0.27543553906249996 0.6306066828125 0.2727893859375 0.6113808078125 0.2677604421875 0.608238159375 0.25990598125000003 0.6086423546875 0.25616322187499996 0.614067946875 0.2517245828125 0.6276404765625 0.253084553125 0.6382981140624999 0.26852982187499996 0.6509128171875 0.272557234375 0.6465845859375