0 0.65763695625 0.3227097234375 0.658522790625 0.3142815734375 0.6455720828125 0.2905521 0.630155259375 0.275084684375 0.6218378375 0.2731453296875 0.6047901437500001 0.288396059375 0.5956438421875 0.30447725625 0.594647278125 0.31395892812500004 0.5965059703125 0.321610384375 0.6043804749999999 0.3277638140625 0.621655990625 0.35088268437500003 0.6346873609375 0.358643278125 0.643642271875 0.359584478125 0.6513759796875 0.3518760671875 0.6527316187500001 0.33391088125 0.65763695625 0.3227097234375
0 0.6483877265625 0.21309156875 0.64885753125 0.2035545328125 0.6446972296875 0.19246569687499998 0.6353262875000001 0.190415615625 0.6330579281250001 0.2221319125 0.639768184375 0.2292281328125 0.6443144484375 0.2265104921875 0.6483877265625 0.21309156875
0 0.3161719234375 0.3741631828125 0.31713841875000004 0.3497661515625 0.3131726890625 0.3418932390625 0.3088478828125 0.342503840625 0.28589510625000003 0.3581990765625 0.27921491875000004 0.366018215625 0.2716220078125 0.38758846875 0.270403984375 0.39917717812500003 0.271933671875 0.430227509375 0.2814991828125 0.4354935125 0.2843544390625 0.4336632984375 0.30539156875 0.4007242046875 0.3161719234375 0.3741631828125
0 0.7914610578125 0.686146725 0.7836672140625 0.6640244171874999 0.7789801515625 0.6528802171875 0.77163240625 0.6467821515625001 0.7657273234375 0.647226659375 0.759352434375 0.6572082015625 0.7502630890625 0.6828818015625 0.744414959375 0.6929187078125 0.7414489750000001 0.6958024421875 0.7321887625 0.692698840625 0.7256193046875 0.6994644625 0.7059979484375 0.7442690859375001 0.7001767078125 0.7489830343749999 0.6870077203125 0.7475989171874999 0.6760296125 0.7507056999999999 0.6731205828125 0.7631818328125 0.6740665531250001 0.7845844 0.678059171875 0.78713435625 0.6923085640625 0.7833062421875 0.7066955734375 0.77310165 0.7150667703125 0.764395084375 0.733443215625 0.7365021281249999 0.7537353078125 0.725853028125 0.7695617984374999 0.701952690625 0.7904913812500001 0.6903054359375 0.7914610578125 0.686146725
0 0.6386661203124999 0.80216680625 0.6394681125 0.7894692140624999 0.6350025109375 0.7762179765624999 0.6205854328125 0.771507209375 0.6139052453125 0.7793263500000001 0.61221741875 0.80045209375 0.6369751124999999 0.8030542328125 0.6386661203124999 0.80216680625
0 0.46272209374999995 0.7431983765625 0.46371865625 0.73371670625 0.46016895625 0.7269526734375 0.45151934687499995 0.7281738765625 0.4451444578125 0.7381554203125 0.447808325 0.753347603125 0.4411281359375 0.76116674375 0.4352230515625 0.7616112515625 0.427680734375 0.752297265625 0.40447642968749997 0.7551841796875001 0.40009785156250005 0.7664407 0.39766180625 0.78961811875 0.40797553750000004 0.7928324484375 0.42729795312499996 0.786342059375 0.452166378125 0.7878906796875 0.4563235 0.778741196875 0.4571523796875 0.7607206453125 0.45906484531249997 0.7577261828124999 0.45728999375 0.7543441671875 0.46272209374999995 0.7431983765625
0 0.5320863546875 0.38727029062499996 0.5343847828125 0.3704693515625 0.5298353375 0.35294867343749997 0.5242624421875 0.3502326234375 0.5164448921875 0.35367159375 0.5091272140624999 0.3624888890625 0.5056376499999999 0.3855555765625 0.5104923968749999 0.405238659375 0.5145688578125001 0.412058053125 0.5182561734375 0.41244560625000004 0.5320863546875 0.38727029062499996
4 0.46870435156249995 0.35184933281249997 0.46831520781249997 0.345417490625 0.4632390046875 0.3278414453125 0.458303596875 0.3241272421875 0.43751163125000003 0.3293980171875 0.43136138281249997 0.3575108421875 0.43122694843750004 0.38412563906249997 0.44384228906249995 0.39077734999999997 0.45515258437500006 0.384510009375 0.4649363734375 0.36743065937499997 0.46870435156249995 0.35184933281249997
4 0.6877099640625 0.6294402906250001 0.689729978125 0.6051539906250001 0.682325278125 0.5894635265625 0.6700152390625 0.5849742171875 0.665995734375 0.5877472218750001 0.6545778921875 0.6153063984375 0.6539973578125 0.625896953125 0.6564397640624999 0.6431961734375 0.6655354734375 0.6579992125 0.6718565875 0.6586635890625 0.6782045890624999 0.65400500625 0.6877099640625 0.6294402906250001
4 0.7015022765625 0.7161024874999999 0.701445321875 0.7065100875 0.6989760281249999 0.6945338265625 0.690849996875 0.6755720765625 0.6777648515625 0.6784574 0.6737184593750001 0.6865533640625 0.6712555296875 0.7150537406249999 0.6731980640625 0.7269746375 0.6792439453125 0.74039196875 0.6887256140625 0.7413885328125 0.6976235703125 0.73273733125 0.7015022765625 0.7161024874999999
4 0.3800176734375 0.7142678078125 0.3807927796875 0.7068931734375 0.3759918078125 0.6765641734375001 0.3662317234375 0.668082246875 0.3532035328125 0.680559971875 0.34547300625 0.7085066999999999 0.3494956921875 0.725972015625 0.353820496875 0.7253614140625 0.3608360546875 0.7346200359374999 0.3650501296875 0.735062953125 0.3730891390625 0.72951694375 0.3800176734375 0.7142678078125
4 0.2888058796875 0.5331907703125001 0.29079900625 0.5142274296875 0.28555830000000004 0.5083508250000001 0.2779353203125 0.5150057171875 0.2739964765625 0.5018098421875 0.2635150625 0.49005662968749997 0.254865453125 0.49127783437500006 0.25176185 0.500538046875 0.25013097812499996 0.5312561890625 0.25151986718749997 0.54844468125 0.2560961984375 0.5606424 0.2632224859375 0.568847503125 0.2717613671875 0.56867981875 0.28309854843750004 0.5570895203124999 0.2847326015625 0.5466096953124999 0.28384358593750003 0.5347995265625001 0.2888058796875 0.5331907703125001
4 0.22496361562499997 0.5680218046875 0.2252119609375 0.5605918078125 0.2133954328125 0.5210041859375 0.205410196875 0.515904275 0.1999781 0.5270500671875 0.19654549062499999 0.5597091546875 0.20192699531249997 0.5794476015625001 0.2101336890625 0.5824404734375 0.219947546875 0.5802764796875 0.22496361562499997 0.5680218046875
4 0.79508505625 0.6364652390625001 0.7900626265625 0.6082432765625 0.7847649624999999 0.5927742703125001 0.778970609375 0.592165259375 0.761479996875 0.6116300640625 0.7595707125 0.6348628453125 0.7652005640625 0.64717129375 0.7836371453125001 0.6491090578125001 0.792729671875 0.6436737781249999 0.79508505625 0.6364652390625001
4 0.2445739890625 0.629731734375 0.2458188984375 0.612820065625 0.24096415312500002 0.593136984375 0.2353912578125 0.5904209359375 0.22726840625000003 0.591697503125 0.223970234375 0.59774179375 0.22083974374999998 0.6123249671875 0.2234197671875 0.623247709375 0.2408597859375 0.634667140625 0.2445739890625 0.629731734375