0 0.36083984375 0.3955078125 0.369140625 0.3955078125 0.3818359375 0.3896484375 0.39990234375 0.3701171875 0.40771484375 0.365234375 0.41015625 0.3583984375 0.41015625 0.349609375 0.4033203125 0.333984375 0.38916015625 0.318359375 0.38134765625 0.3193359375 0.36572265625 0.33203125 0.3515625 0.3525390625 0.3515625 0.3603515625 0.35498046875 0.37109375 0.3544921875 0.3876953125 0.36083984375 0.3955078125
0 0.3837890625 0.2705078125 0.384765625 0.2412109375 0.3759765625 0.2421875 0.37109375 0.251953125 0.37060546875 0.2607421875 0.373046875 0.2734375 0.376953125 0.2763671875 0.3837890625 0.2705078125
0 0.685546875 0.5 0.69482421875 0.49609375 0.69921875 0.4677734375 0.69921875 0.45703125 0.6943359375 0.4365234375 0.68896484375 0.4287109375 0.66943359375 0.412109375 0.66552734375 0.4111328125 0.6611328125 0.41796875 0.65966796875 0.4404296875 0.6669921875 0.4658203125 0.68310546875 0.498046875 0.685546875 0.5
0 0.224609375 0.720703125 0.2421875 0.732421875 0.25634765625 0.759765625 0.26318359375 0.7685546875 0.275390625 0.779296875 0.2880859375 0.7841796875 0.2919921875 0.7822265625 0.294921875 0.7626953125 0.29345703125 0.7509765625 0.28369140625 0.7470703125 0.271484375 0.7470703125 0.2666015625 0.7421875 0.2529296875 0.69921875 0.24755859375 0.6923828125 0.23876953125 0.6943359375 0.236328125 0.69140625 0.23193359375 0.681640625 0.22607421875 0.6572265625 0.22119140625 0.6474609375 0.2158203125 0.646484375 0.20849609375 0.6513671875 0.203125 0.6611328125 0.19384765625 0.6806640625 0.1943359375 0.6845703125 0.21240234375 0.697265625 0.224609375 0.720703125
0 0.34765625 0.783203125 0.34228515625 0.775390625 0.32861328125 0.7783203125 0.3232421875 0.7900390625 0.32275390625 0.8017578125 0.32421875 0.802734375 0.34716796875 0.802734375 0.34765625 0.783203125
0 0.4931640625 0.78125 0.4921875 0.7978515625 0.4951171875 0.806640625 0.51806640625 0.8076171875 0.53515625 0.8154296875 0.544921875 0.8134765625 0.544921875 0.7919921875 0.5419921875 0.78125 0.52099609375 0.7763671875 0.51318359375 0.7841796875 0.5078125 0.783203125 0.50244140625 0.775390625 0.50634765625 0.76171875 0.50146484375 0.751953125 0.49365234375 0.75 0.48974609375 0.755859375 0.48974609375 0.7646484375 0.49365234375 0.775390625 0.49169921875 0.7783203125 0.4931640625 0.78125
0 0.478515625 0.4501953125 0.48486328125 0.4326171875 0.48388671875 0.4111328125 0.47802734375 0.40234375 0.47119140625 0.3984375 0.4658203125 0.400390625 0.4599609375 0.416015625 0.46044921875 0.431640625 0.470703125 0.4560546875 0.47412109375 0.4560546875 0.478515625 0.4501953125
4 0.541015625 0.443359375 0.55322265625 0.4384765625 0.5556640625 0.4140625 0.552734375 0.3876953125 0.5341796875 0.380859375 0.529296875 0.3837890625 0.52294921875 0.3994140625 0.52197265625 0.4052734375 0.52392578125 0.419921875 0.53125 0.4365234375 0.541015625 0.443359375
4 0.31201171875 0.6669921875 0.32177734375 0.654296875 0.32568359375 0.638671875 0.326171875 0.62890625 0.318359375 0.6025390625 0.31494140625 0.599609375 0.30322265625 0.6025390625 0.294921875 0.6162109375 0.29443359375 0.638671875 0.30078125 0.662109375 0.30615234375 0.6669921875 0.31201171875 0.6669921875
4 0.29150390625 0.7412109375 0.29833984375 0.7294921875 0.30126953125 0.71875 0.3017578125 0.6923828125 0.298828125 0.6845703125 0.287109375 0.6806640625 0.27783203125 0.697265625 0.2744140625 0.7080078125 0.2734375 0.716796875 0.275390625 0.732421875 0.28271484375 0.7412109375 0.29150390625 0.7412109375
4 0.583984375 0.7666015625 0.59130859375 0.7587890625 0.59521484375 0.759765625 0.6005859375 0.744140625 0.59619140625 0.7177734375 0.58544921875 0.705078125 0.57568359375 0.7119140625 0.568359375 0.7392578125 0.568359375 0.74609375 0.5732421875 0.7607421875 0.580078125 0.7666015625 0.583984375 0.7666015625
4 0.67236328125 0.611328125 0.681640625 0.623046875 0.689453125 0.6240234375 0.69677734375 0.6171875 0.7021484375 0.6064453125 0.705078125 0.5908203125 0.70654296875 0.5625 0.70458984375 0.5537109375 0.69677734375 0.5517578125 0.68603515625 0.5615234375 0.68115234375 0.5732421875 0.6748046875 0.56640625 0.66943359375 0.5712890625 0.66943359375 0.5888671875 0.673828125 0.5908203125 0.671875 0.6015625 0.67236328125 0.611328125
4 0.74462890625 0.6396484375 0.75146484375 0.6220703125 0.75146484375 0.591796875 0.74755859375 0.5810546875 0.73974609375 0.5849609375 0.72509765625 0.6201171875 0.724609375 0.626953125 0.72802734375 0.638671875 0.73681640625 0.6416015625 0.74462890625 0.6396484375
4 0.2216796875 0.6474609375 0.22802734375 0.63671875 0.228515625 0.615234375 0.21435546875 0.595703125 0.208984375 0.595703125 0.20263671875 0.609375 0.1953125 0.634765625 0.19677734375 0.6416015625 0.20458984375 0.6474609375 0.2216796875 0.6474609375
4 0.72412109375 0.66796875 0.72265625 0.654296875 0.72021484375 0.6484375 0.712890625 0.646484375 0.70751953125 0.6484375 0.701171875 0.666015625 0.70068359375 0.681640625 0.70361328125 0.6865234375 0.720703125 0.677734375 0.72412109375 0.66796875