4 0.3059602359375 0.5670159625 0.30079501406250003 0.5586396171875 0.28037549687499996 0.54839028125 0.2664059109375 0.552868740625 0.262356121875 0.560629765625 0.27158915625 0.569505575 0.2816338203125 0.5717711890625 0.299938975 0.5740187796875 0.3059602359375 0.5670159625
4 0.3543594296875 0.383018259375 0.3826648390625 0.39630043125 0.4012197265625 0.396514115625 0.410809334375 0.394078575 0.41531417812500004 0.391018703125 0.41338711406249995 0.381491528125 0.405171034375 0.37274058593750004 0.3944840140625 0.3672992453125 0.37414495468750003 0.3648019234375 0.3554652015625 0.365605190625 0.3513529796875 0.37387469375000004 0.3543594296875 0.383018259375
4 0.479086775 0.3508477578125 0.49681200781249996 0.34941114687499997 0.5087476890625 0.34468295625 0.5108884375 0.33565524375 0.5078195531249999 0.32702015625 0.47401037187500006 0.32493347968749997 0.4569899265625 0.3290373390625 0.4506565 0.3385825390625 0.45988953437499996 0.3474583484375 0.479086775 0.3508477578125
4 0.457277009375 0.40236479843749995 0.443860959375 0.42755691718750005 0.44437844687499994 0.4317495953125 0.4490886140625 0.43542478593749995 0.4607301515625 0.44149946562500003 0.4678488234375 0.4423735296875 0.47222880156249997 0.44033061093750003 0.4814438109375 0.4409459296875 0.49026620000000004 0.43635161875 0.50139025 0.438233621875 0.5064209421875 0.41407648124999996 0.504056846875 0.40810864062499996 0.48122882499999997 0.4006604328125 0.457277009375 0.40236479843749995
4 0.60329533125 0.2556441921875 0.6201284765625 0.2530657625 0.630092684375 0.2475793625 0.6310735890625 0.231183246875 0.6164436234374999 0.224225490625 0.5978887390625001 0.22401180625 0.577755 0.22824954375 0.5797000890625 0.246037209375 0.590262240625 0.252495503125 0.60329533125 0.2556441921875
4 0.4557303015625 0.24681604687499997 0.4740354546875 0.2490636375 0.49176068749999996 0.24762702656250002 0.49994072031250003 0.2398569875 0.5010020828124999 0.2312128875 0.4958368609375 0.2228365421875 0.48033283281249994 0.22299745624999998 0.45772815937500005 0.23054479843750003 0.45062751093750003 0.237931225 0.45102013437500005 0.2431408578125 0.4557303015625 0.24681604687499997
4 0.34279574375 0.2670148203125 0.3600034890625 0.2613855296875 0.3698428296875 0.256916084375 0.370841759375 0.24878045937499998 0.34878095781249996 0.2434910234375 0.32781756562500003 0.246078465625 0.319887265625 0.25181459687499996 0.31805868125000003 0.2582999265625 0.32639962968749997 0.266033915625 0.34279574375 0.2670148203125
4 0.4733377265625 0.16226605624999998 0.480375940625 0.1553881046875 0.46034904687499995 0.1503484 0.45474679062499995 0.145531390625 0.445843946875 0.1423736890625 0.4031859921875 0.1619107828125 0.39863673906249997 0.173739621875 0.409823221875 0.1751131484375 0.4254701390625 0.1821957703125 0.4423657203125 0.179108865625 0.45164316250000003 0.17921570625 0.45552367499999996 0.1812406015625 0.4713398671875 0.1785373046875 0.47578227812499996 0.175985909375 0.47615687656250005 0.17293505 0.47227636406249995 0.17091015625 0.4733377265625 0.16226605624999998
4 0.6366977734375 0.42078190156249995 0.6507297921874999 0.41579496718750003 0.6607384078125 0.4015396015625 0.6476248609375 0.3906388984375 0.6286773515624999 0.3852155828125 0.6124865609375 0.3909697390625 0.6076251421875 0.405340959375 0.6129152312499999 0.41270035 0.6226477296875 0.41750834687499994 0.6366977734375 0.42078190156249995
4 0.4044785125 0.5213045453125 0.408840465625 0.5110011375 0.40523606875 0.48991287968749997 0.38217633906250004 0.49275906562499994 0.36922370625 0.49736239062500004 0.3670385484375 0.51515906875 0.3772885359375 0.5241597437500001 0.39254283125 0.5260327359375 0.4044785125 0.5213045453125
4 0.6525165687500001 0.5357593765625001 0.6374051625 0.541129921875 0.6388951953124999 0.5542164328125 0.6404296375 0.558533978125 0.6475483093750001 0.5594080406249999 0.6561209640625 0.5568476328124999 0.6694037875000001 0.5579624171875001 0.6830612078125 0.556026340625 0.6899121218750001 0.5506738203125 0.691410515625 0.5384703843749999 0.678002828125 0.538372553125 0.6598225390625 0.5351080109375 0.6525165687500001 0.5357593765625001
4 0.779190303125 0.5802169265625 0.791661496875 0.587941903125 0.8078703125000001 0.5904482390625 0.8125180453124999 0.5946319046874999 0.817977409375 0.5922053765624999 0.825488703125 0.5982890703125 0.8382540359374999 0.5952111765625 0.8387618625 0.565853415625 0.8314378671875 0.5582442921874999 0.82170536875 0.5534362953125 0.779011365625 0.5564524093750001 0.7680926390625 0.561305465625 0.769127615625 0.569690821875 0.779190303125 0.5802169265625
4 0.7712806296875 0.71189431875 0.7697822375000001 0.7240977546875 0.7740109625 0.740101246875 0.7778290421875 0.7426346171875 0.799060190625 0.746273759375 0.8058042640625 0.75019868125 0.8125303109375 0.7458631140625 0.819095446875 0.7260235171875 0.8166328703125 0.7040431734375 0.8093269 0.7046945390625 0.8043670015625001 0.70305325625 0.795856778125 0.7051051859374999 0.7837782078125 0.7025898390624999 0.7712806296875 0.71189431875
4 0.689648271875 0.7209683906250001 0.692181640625 0.7171503125 0.68764075 0.7036892015625 0.674607659375 0.7005405125 0.6586666 0.7042607624999999 0.6543670796875001 0.71405569375 0.658827515625 0.719764790625 0.678149621875 0.722137246875 0.689648271875 0.7209683906250001
4 0.40888041875000003 0.704043271875 0.42768503750000003 0.7022230515625 0.43673913437499995 0.6873343421875 0.4354544234375 0.6809828921875 0.42731879843750004 0.6799839624999999 0.408389315625 0.6828211390625001 0.38800584531250004 0.6890927812500001 0.3831888375 0.6946950359375 0.38771170312500003 0.6998956546875 0.40888041875000003 0.704043271875
4 0.2992464546875 0.7225827390624999 0.3033322890625 0.73134269375 0.3121102671875 0.7355173484375 0.329273603125 0.7386570265625 0.34388554375 0.7373542921875 0.3737961890625 0.729155584375 0.3754374734375 0.7241956859374999 0.3639208 0.71710405 0.34943372500000003 0.71738983125 0.3282025796875 0.7137506890624999 0.3219135609375 0.7145269203125 0.30705188906249997 0.7178635609375 0.2992464546875 0.7225827390624999
4 0.3382845921875 0.79137766875 0.3425841125 0.7815827375 0.3329764796875 0.7757577859375 0.31423429375 0.77706953125 0.304394953125 0.7815389796875001 0.3086680890625 0.7887735046875 0.313503121875 0.791431740625 0.32857011875 0.7948301625 0.3382845921875 0.79137766875
4 0.39518119218750003 0.8324290859374999 0.39605525468749997 0.8253104140625 0.3905778671875 0.819476453125 0.371960546875 0.8197712453125 0.3599000015625 0.8255163890624999 0.36238896249999997 0.8304672765625 0.3740305015625 0.8365419578125 0.3862339390625 0.8380403515625 0.39518119218750003 0.8324290859374999
4 0.451710253125 0.79240103125 0.45768710468749996 0.7941671796875001 0.47109479218750006 0.7942650109375 0.48379769218749996 0.7916955921875 0.48633106406250004 0.7878775109375 0.4827002828125 0.7838187109375 0.4825573921875 0.7765751734374999 0.474029146875 0.7703666140625 0.4575081671875 0.7704026625 0.4541451421875 0.7725704453125 0.451710253125 0.79240103125
4 0.6021581687500001 0.8702300796875001 0.5413282875000001 0.86121268125 0.5247448718750001 0.8617572062500001 0.5145309328125001 0.8692775125000001 0.5288043234375001 0.8875466187500001 0.5340139546875 0.887153996875 0.5500354703125 0.8911857609375 0.56242620625 0.8911587234375 0.5657448203125 0.8977599078124999 0.5779926671875 0.890489334375 0.5971094515625001 0.8861267296875001 0.6167437234375 0.8859568031249999 0.620294046875 0.8822635890624999 0.61240815625 0.8792307562499999 0.6021581687500001 0.8702300796875001
4 0.2655370546875 0.7953489515625 0.2691317875 0.782886771875 0.26251257968749997 0.777944896875 0.23708875625 0.77482324375 0.23424321875 0.78118370625 0.23654488125 0.7876600234375 0.24978329375000002 0.797543771875 0.25791891875 0.7985427015625 0.2655370546875 0.7953489515625
4 0.6585250125 0.755857609375 0.6679273218749999 0.7549475 0.6769550328125 0.7570882484375 0.6793455140625 0.74602663125 0.67202151875 0.7384175078124999 0.658988428125 0.7352688171875 0.6400589453125 0.7381059921875 0.6372134078125 0.7444664546875 0.6486676484375 0.7520665671875 0.6585250125 0.755857609375