4 0.30081406093749996 0.5138982640624999 0.2944354359375 0.5056423609375 0.2717549453125 0.497101909375 0.2575129671875 0.503368965625 0.254101 0.51199694375 0.2648267875 0.5203287249999999 0.2756757484375 0.5216040359375 0.2952379859375 0.521945496875 0.30081406093749996 0.5138982640624999
4 0.331470528125 0.31462009687500003 0.362807446875 0.32548353125 0.3824075828125 0.32365376874999996 0.3922550234375 0.3200248609375 0.3966685109375 0.316301103125 0.39357868125 0.3064736953125 0.383939684375 0.29816088125 0.37206078125 0.29360976875 0.3503249609375 0.29323036875 0.330705875 0.2961457421875 0.3272844328125 0.305316525 0.331470528125 0.31462009687500003
4 0.45949674375000005 0.266901484375 0.47803851406250003 0.26342433593750003 0.49010691093750003 0.25711934062499997 0.491364246875 0.24736781093750002 0.4871686765625 0.23860704375 0.4512666765625 0.24015225468749998 0.433764325 0.24636240156250003 0.4281408765625 0.2571236609375 0.438866665625 0.26545544374999996 0.45949674375000005 0.266901484375
4 0.442200034375 0.323611509375 0.4308394421875 0.3516476953125 0.431850434375 0.3560091078125 0.4372275421875 0.3593607921875 0.4501837609375 0.3644736796875 0.457791296875 0.3646064703125 0.46218583437499994 0.3619683234375 0.47197642812499996 0.3615962484375 0.48077497812500003 0.355777146875 0.49272020312500003 0.35652862343749997 0.495348571875 0.33051189999999997 0.4921924203125 0.32448412968749996 0.4672815 0.3191625703125 0.442200034375 0.323611509375
4 0.579984546875 0.1528088421875 0.597458475 0.1482271125 0.6073627640625 0.1413413703125 0.6065791640625 0.12395262656249999 0.5903720453125 0.118240021875 0.570771909375 0.1200697828125 0.5499997109375 0.126765825 0.554024734375 0.145297090625 0.5658846890625 0.1509338140625 0.579984546875 0.1528088421875
4 0.4233161015625 0.159847659375 0.4428783390625 0.16018911875 0.461420109375 0.1567119703125 0.469188715625 0.14761706875 0.46934978593750004 0.13838937499999998 0.46297116093749996 0.13013347343749998 0.446631396875 0.13202014374999999 0.42361929218750005 0.142477884375 0.4169469515625 0.151048953125 0.4179389953125 0.1564959765625 0.4233161015625 0.159847659375
4 0.3064041375 0.19364303125 0.32393491406249997 0.18580446875 0.3338202546875 0.1800043375 0.33397185 0.1713194515625 0.31010982187499997 0.1681880828125 0.28827925468750004 0.1732367375 0.280548546875 0.18016041875 0.279338584375 0.1871979203125 0.28899653125 0.1944251203125 0.3064041375 0.19364303125
4 0.4325153890625 0.06878912968749999 0.43917825625000007 0.0607608671875 0.41748981093750004 0.057667439062500006 0.4110448625 0.053211175 0.40130164218750003 0.0508692234375 0.3584620078125 0.07618405624999999 0.3549742421875 0.089154478125 0.36692894374999996 0.0893631484375 0.38422285 0.095094721875 0.40170625312499997 0.08997018749999999 0.41150632187499997 0.08905530625 0.4158250609375 0.090759603125 0.43221219843750003 0.08615890468750001 0.43661621093749997 0.0829779515625 0.436673059375 0.0797211171875 0.43235431875 0.078016821875 0.4325153890625 0.06878912968749999
4 0.6335415703125 0.32315059375 0.6477930234375 0.31634073125 0.6567715921875 0.3002083265625 0.6417270625 0.2901722484375 0.6211348828125 0.28655498437500004 0.604690896875 0.2944125171875 0.601155759375 0.310096965625 0.6075533328125 0.31726725624999996 0.6183549187499999 0.3212565953125 0.6335415703125 0.32315059375
4 0.399686415625 0.4548113515625 0.4031457578125 0.4434693453125 0.397004 0.42164330625 0.3729903765625 0.4271968265625 0.3598351875 0.433482853125 0.3595035734375 0.4524810453125 0.371316153125 0.460831796875 0.38761801875 0.461116346875 0.399686415625 0.4548113515625
4 0.6629835468749999 0.44257512343750005 0.6476358265625 0.4499088203125 0.6506593328125 0.46353586562500004 0.6527571171875 0.46791625000000003 0.6603646546874999 0.46804904062499997 0.6691253046875001 0.4644011625 0.6832630625 0.464104965625 0.6974576671875 0.4605519375 0.7040921109375 0.45415209218749997 0.704319503125 0.44112476093749997 0.6901627953125 0.44250656718750003 0.6706195078125 0.4410794953125 0.6629835468749999 0.44257512343750005
4 0.8015622078125 0.47540039062500006 0.81557679375 0.4821606671875 0.832955975 0.48300699218750004 0.8383236078125 0.48690147968749997 0.8438144109374999 0.48373949843749997 0.8524139906249999 0.4893193125 0.8655407546875 0.484661703125 0.862820440625 0.45366488125000004 0.854249284375 0.4464566484375 0.843447696875 0.4424673109375 0.798737671875 0.45037442812500006 0.787756065625 0.45669839375 0.7897780515624999 0.46542122187499996 0.8015622078125 0.47540039062500006
4 0.8078215375 0.615053159375 0.8075941453125 0.628080490625 0.8138306500000001 0.644478475 0.8181399125000001 0.646725578125 0.840943575 0.648209559375 0.8484942625 0.65159918125 0.8551097562500001 0.646284946875 0.8598359078125 0.6246486078125 0.854799890625 0.6017559265625 0.8471639296875001 0.603251553125 0.8417489249999999 0.6020710921875 0.83299775 0.605176165625 0.81997520625 0.6038629140625 0.8078215375 0.615053159375
4 0.7227012765625 0.6336573015625 0.72495065625 0.629352796875 0.718666778125 0.6156688406249999 0.7045669203125 0.6137938125 0.6881608328125 0.6194801234375 0.6847109671875 0.630279325 0.690050175 0.635802228125 0.710699203125 0.6361626593749999 0.7227012765625 0.6336573015625
4 0.424598409375 0.6469149046875 0.4442364453125 0.642913921875 0.4521376984375 0.6262197421875 0.4500778125 0.6196681359375 0.441383484375 0.619516375 0.4217265 0.624602971875 0.400916403125 0.633470234375 0.3964555421875 0.6399080203125 0.40180422499999996 0.64488811875 0.424598409375 0.6469149046875
4 0.3109847171875 0.678595965625 0.3162670765625 0.6873757015625 0.3259913484375 0.6908032656249999 0.3444478453125 0.6922113671875 0.3597197671875 0.6892201140624999 0.3903678328125 0.677266746875 0.39154937031250003 0.6718576625 0.3786121 0.6656591640625 0.36335912812500004 0.6675648046875 0.3405554671875 0.6660808234375 0.334006296875 0.6675954203125001 0.318696475 0.6727578953125 0.3109847171875 0.678595965625
4 0.35980223906250003 0.7467764640625 0.36325210625 0.735977265625 0.35246946874999996 0.7309023156250001 0.3328409078125 0.73436049375 0.3229555671875 0.740160625 0.3282663515625 0.7473119453125 0.3336624078125 0.7495780171875001 0.34993584843750003 0.751490984375 0.35980223906250003 0.7467764640625
4 0.4243843671875 0.7837398265625 0.42451701249999996 0.77614055 0.41809101406250004 0.770598675 0.398481403125 0.7729712421875 0.38639405625 0.7803618484375 0.38956915625 0.7853040078125 0.402525375 0.7904168984375 0.4155668671875 0.7906445375 0.4243843671875 0.7837398265625
4 0.4795861125 0.735293028125 0.486087909375 0.736492459375 0.5002446171875 0.735110653125 0.51336190625 0.73099585 0.5156112859374999 0.7266913453125 0.51133044375 0.722815828125 0.5103762984375 0.71519758125 0.500689928125 0.7095987953125 0.48326337343750003 0.711466496875 0.4799556265625 0.7141236140625 0.4795861125 0.735293028125
4 0.6469491234375 0.8006560109375 0.5817700890624999 0.7978893921875 0.5643340593749999 0.8002999015625001 0.5543918718749999 0.8093568640625 0.5714773359375 0.8270301578125 0.576930240625 0.8260393984375 0.594280996875 0.8285141390625 0.6073509125000001 0.8271133640624999 0.6115843812499999 0.8337029093749999 0.6237001515625 0.8246838859375 0.643385559375 0.817968875 0.6640819609374999 0.815615278125 0.6674181328125 0.81132974375 0.6587617031249999 0.8090067624999999 0.6469491234375 0.8006560109375
4 0.283490003125 0.7590187015625001 0.2859004515625 0.745486503125 0.2783687125 0.7410112703125 0.2511989390625 0.7405370203125 0.2489021875 0.74755555 0.2520488625 0.754126128125 0.267112340625 0.7630765937499999 0.27580666875 0.7632283546874999 0.283490003125 0.7590187015625001
4 0.6937341078125 0.6738744921875 0.7035531265625 0.6718740000000001 0.7133152968750001 0.6731303421875 0.71461053125 0.661207590625 0.7060393734375 0.653999359375 0.6919395140625 0.6521243328125 0.6722825296875 0.657210928125 0.669985778125 0.6642294578125 0.6829135734375 0.670970765625 0.6937341078125 0.6738744921875