4 0.4501953125 0.31640625 0.4443359375 0.3037109375 0.4365234375 0.30078125 0.42919921875 0.310546875 0.42822265625 0.3203125 0.42822265625 0.337890625 0.435546875 0.3427734375 0.44287109375 0.3369140625 0.4501953125 0.31640625
4 0.62353515625 0.4228515625 0.630859375 0.4140625 0.634765625 0.4033203125 0.634765625 0.3837890625 0.6318359375 0.3662109375 0.62353515625 0.36328125 0.615234375 0.3671875 0.60595703125 0.3955078125 0.60791015625 0.4130859375 0.611328125 0.421875 0.61474609375 0.42578125 0.62353515625 0.4228515625
4 0.67822265625 0.509765625 0.68603515625 0.505859375 0.68408203125 0.4736328125 0.67822265625 0.4580078125 0.66845703125 0.453125 0.6611328125 0.462890625 0.66015625 0.4814453125 0.66357421875 0.498046875 0.66943359375 0.5087890625 0.67822265625 0.509765625
4 0.5751953125 0.494140625 0.58056640625 0.501953125 0.580078125 0.5126953125 0.603515625 0.5146484375 0.60888671875 0.51171875 0.61328125 0.4892578125 0.60888671875 0.466796875 0.58349609375 0.45703125 0.57958984375 0.4580078125 0.57666015625 0.462890625 0.572265625 0.474609375 0.572265625 0.4814453125 0.57470703125 0.4853515625 0.5751953125 0.494140625
4 0.791015625 0.611328125 0.7958984375 0.5966796875 0.7939453125 0.5791015625 0.78759765625 0.560546875 0.77099609375 0.564453125 0.76611328125 0.5751953125 0.7646484375 0.587890625 0.76904296875 0.603515625 0.775390625 0.6123046875 0.791015625 0.611328125
4 0.77587890625 0.48828125 0.783203125 0.482421875 0.78125 0.4677734375 0.771484375 0.447265625 0.763671875 0.44140625 0.7587890625 0.4423828125 0.755859375 0.447265625 0.755859375 0.46484375 0.75927734375 0.4814453125 0.767578125 0.48828125 0.77587890625 0.48828125
4 0.744140625 0.3671875 0.74658203125 0.345703125 0.74169921875 0.326171875 0.7353515625 0.3193359375 0.72900390625 0.318359375 0.72265625 0.3271484375 0.7236328125 0.3427734375 0.73095703125 0.3583984375 0.736328125 0.3671875 0.744140625 0.3671875
4 0.8193359375 0.435546875 0.81787109375 0.439453125 0.822265625 0.4541015625 0.8251953125 0.4580078125 0.828125 0.4580078125 0.82958984375 0.4541015625 0.837890625 0.4541015625 0.84521484375 0.4599609375 0.84765625 0.4404296875 0.8515625 0.4345703125 0.853515625 0.42578125 0.830078125 0.3876953125 0.818359375 0.384765625 0.818359375 0.3955078125 0.8134765625 0.4111328125 0.818359375 0.4267578125 0.8193359375 0.435546875
4 0.64208984375 0.6455078125 0.64501953125 0.626953125 0.6376953125 0.6123046875 0.62353515625 0.609375 0.6171875 0.615234375 0.61376953125 0.625 0.6123046875 0.638671875 0.61865234375 0.6513671875 0.63330078125 0.6591796875 0.64208984375 0.6455078125
4 0.52001953125 0.427734375 0.5146484375 0.40625 0.5087890625 0.39453125 0.49169921875 0.39453125 0.484375 0.4052734375 0.484375 0.419921875 0.490234375 0.4306640625 0.50048828125 0.43359375 0.52001953125 0.427734375
4 0.486328125 0.685546875 0.48974609375 0.6982421875 0.49560546875 0.7041015625 0.50732421875 0.7041015625 0.505859375 0.69140625 0.5068359375 0.673828125 0.50537109375 0.6669921875 0.49853515625 0.6533203125 0.486328125 0.65625 0.482421875 0.658203125 0.482421875 0.6650390625 0.48583984375 0.6728515625 0.486328125 0.685546875
4 0.49853515625 0.8466796875 0.5048828125 0.8388671875 0.50830078125 0.8291015625 0.50048828125 0.7890625 0.49462890625 0.779296875 0.48681640625 0.78125 0.47802734375 0.7919921875 0.47216796875 0.8046875 0.4716796875 0.8203125 0.46826171875 0.8251953125 0.47119140625 0.830078125 0.46630859375 0.837890625 0.470703125 0.849609375 0.49853515625 0.8466796875
4 0.3447265625 0.8466796875 0.365234375 0.841796875 0.36376953125 0.8349609375 0.36474609375 0.830078125 0.36181640625 0.822265625 0.36279296875 0.810546875 0.3525390625 0.7998046875 0.3408203125 0.7998046875 0.326171875 0.8056640625 0.32421875 0.8095703125 0.3232421875 0.830078125 0.3203125 0.8369140625 0.3251953125 0.8427734375 0.3447265625 0.8466796875
4 0.3505859375 0.7197265625 0.35205078125 0.70703125 0.3466796875 0.6923828125 0.3369140625 0.689453125 0.33203125 0.6943359375 0.33203125 0.712890625 0.33447265625 0.7236328125 0.33837890625 0.7255859375 0.3505859375 0.7197265625
4 0.3427734375 0.478515625 0.3427734375 0.470703125 0.337890625 0.453125 0.32958984375 0.4345703125 0.32373046875 0.4306640625 0.3193359375 0.435546875 0.31787109375 0.4560546875 0.32177734375 0.4736328125 0.3369140625 0.48046875 0.3427734375 0.478515625
4 0.294921875 0.4267578125 0.30029296875 0.4150390625 0.29833984375 0.4013671875 0.29931640625 0.380859375 0.2978515625 0.375 0.29296875 0.361328125 0.28759765625 0.3544921875 0.27978515625 0.359375 0.27685546875 0.3681640625 0.27587890625 0.384765625 0.27880859375 0.3984375 0.2900390625 0.42578125 0.294921875 0.4267578125
4 0.2412109375 0.392578125 0.23779296875 0.375 0.232421875 0.3662109375 0.22607421875 0.37109375 0.22412109375 0.3759765625 0.22265625 0.390625 0.22705078125 0.3994140625 0.23681640625 0.40234375 0.2412109375 0.392578125
4 0.20654296875 0.4521484375 0.2041015625 0.4345703125 0.197265625 0.423828125 0.19287109375 0.4267578125 0.1884765625 0.4384765625 0.1884765625 0.4501953125 0.19482421875 0.4580078125 0.20166015625 0.4580078125 0.20654296875 0.4521484375
4 0.24755859375 0.5390625 0.2509765625 0.53515625 0.2578125 0.5341796875 0.2626953125 0.525390625 0.2607421875 0.509765625 0.25830078125 0.5068359375 0.2392578125 0.5068359375 0.23828125 0.5126953125 0.23974609375 0.525390625 0.24365234375 0.537109375 0.24755859375 0.5390625
4 0.15283203125 0.626953125 0.1611328125 0.6376953125 0.16748046875 0.6552734375 0.169921875 0.673828125 0.173828125 0.6767578125 0.17578125 0.6689453125 0.18310546875 0.658203125 0.1845703125 0.599609375 0.18212890625 0.583984375 0.173828125 0.5751953125 0.158203125 0.5908203125 0.1591796875 0.595703125 0.1572265625 0.611328125 0.15869140625 0.623046875 0.15283203125 0.626953125
4 0.23095703125 0.326171875 0.23095703125 0.3017578125 0.224609375 0.2998046875 0.21875 0.302734375 0.2109375 0.31640625 0.2109375 0.32421875 0.21484375 0.3310546875 0.22705078125 0.3330078125 0.23095703125 0.326171875
4 0.3095703125 0.716796875 0.31591796875 0.708984375 0.3173828125 0.6962890625 0.3125 0.6787109375 0.30615234375 0.6767578125 0.30029296875 0.6884765625 0.2978515625 0.6982421875 0.2998046875 0.70703125 0.298828125 0.7158203125 0.3095703125 0.716796875