4 0.1409589765625 0.66565515 0.14310616874999998 0.6520702140625 0.140856275 0.634658971875 0.1359557921875 0.62363375 0.13148679375 0.6187790265625 0.130973115625 0.6188149468749999 0.12113102499999999 0.62570384375 0.1138470453125 0.639647978125 0.11705238281250001 0.6559589640625 0.1240178609375 0.6596056703125 0.12467536718750001 0.661626584375 0.12180903750000001 0.6649273531250001 0.1257746390625 0.6625831609375 0.13023335625000002 0.67467271875 0.1367673515625 0.672148928125 0.1409589765625 0.66565515
4 0.15888638125000001 0.6488998640625 0.1578590234375 0.6489717046875 0.14970179687500001 0.657809675 0.14859224375 0.664087934375 0.1498250609375 0.6743361796875 0.156482321875 0.6883388906250001 0.1680606265625 0.6988971546875 0.1721700578125 0.6986097953125 0.17894035625 0.6847015828125 0.17983416875 0.675338075 0.1679784875 0.6534313093749999 0.15888638125000001 0.6488998640625
4 0.10571055 0.478999478125 0.10468319374999999 0.47907131718749996 0.10166275312499999 0.4875500890625 0.09718347187500001 0.48993020156249995 0.092313778125 0.5088727390625001 0.09603279375 0.525147803125 0.103655778125 0.5308154234375 0.11210066249999999 0.5260911187499999 0.1148231640625 0.5207335171875 0.11852167499999999 0.4998059875 0.11780253593750001 0.48952182187500004 0.10571055 0.478999478125
4 0.090074053125 0.58757119375 0.0837558 0.593180234375 0.078742278125 0.610065940625 0.0798312671875 0.6182573515625001 0.08348865 0.626269165625 0.0948512140625 0.6337421796875 0.09757371718749999 0.6283845765625 0.09890929375 0.61795673125 0.0976867578125 0.60047365 0.09264244687499999 0.5873915937499999 0.090074053125 0.58757119375
4 0.25240703125 0.3622965984375 0.2541535296875 0.3725089234375 0.2638825796875 0.393530953125 0.26886525781250004 0.39834975625 0.28435781250000003 0.3910657390625 0.29293624218750003 0.395633103125 0.3015968671875 0.39399405 0.3048433296875 0.3813656921875 0.310493796875 0.380970571875 0.3122608546875 0.376713225 0.31555866875 0.37958295625 0.317983234375 0.3773465234375 0.316308653125 0.3681626140625 0.31228141875 0.36224355468749997 0.312445809375 0.349830715625 0.3063022265625 0.335792084375 0.30199761875000003 0.318524521875 0.30229555625 0.315403353125 0.3081001296875 0.30983023125 0.30231611875 0.30093368125 0.3057783234375 0.2913905734375 0.301823003125 0.28649992968750004 0.29748755 0.290936875 0.2956588578125 0.28693096875 0.291549428125 0.287218328125 0.29030632968750003 0.28420491718749996 0.28201555625 0.2837512203125 0.281501878125 0.283787140625 0.2764986359375 0.29343800781249996 0.27341656406250003 0.293653528125 0.2748034921875 0.29872377031249997 0.27266658125 0.30507386875 0.2627422953125 0.3181691859375 0.2585609515625 0.317428128125 0.25009550625 0.3366221046875 0.24912978125000002 0.344957196875 0.2494790703125 0.357334115625 0.25240703125 0.3622965984375
4 0.3232226671875 0.4596557671875 0.3206542734375 0.45983536562499994 0.3090554046875 0.463746775 0.3029528921875 0.472441065625 0.30367203125 0.48272523125 0.3124456390625 0.5048475156250001 0.3141921359375 0.5150598421875 0.3277635234375 0.5172111734375 0.3299723484375 0.5118894921875 0.3304655203125 0.47465097656250005 0.329006678125 0.4685523171875 0.3232226671875 0.4596557671875
4 0.5632443953124999 0.24548376875 0.5565665734375 0.24595072812500002 0.5516558078125 0.2421603421875 0.5501147734375 0.24226810156249998 0.546149171875 0.24461229218749997 0.5454813828125 0.24982621562500001 0.5496216 0.279506615625 0.553648834375 0.2854256765625 0.5670763953125 0.285520175 0.570456403125 0.2821834859375 0.56958315625 0.277077321875 0.5741549140625 0.26125595625 0.5732816656249999 0.2561497921875 0.5632443953124999 0.24548376875
4 0.5718227671875 0.30172340000000003 0.557141828125 0.3058503265625 0.5529502015625 0.31234410625 0.554604221875 0.3359976859375 0.5666859234375 0.35375486562499997 0.577473178125 0.35300054687500004 0.5825483328125001 0.344378096875 0.58317505 0.31643125 0.5799594328125 0.3073551015625 0.5743911609375 0.3015438015625 0.5718227671875 0.30172340000000003
4 0.6439843734374999 0.2780753546875 0.6567441453125 0.28338377656249997 0.6585728375000001 0.28738968125 0.665538315625 0.29103638906249996 0.670675103125 0.2906771890625 0.66987376875 0.28659944375 0.67956175 0.2848885484375 0.6819144015624999 0.28162370000000003 0.6817192234375 0.264068778125 0.6794590484375 0.2538923734375 0.6526244906249999 0.2392337046875 0.62181405 0.23415406249999998 0.61924565625 0.2343336625 0.6166772625 0.2345132625 0.6128452078125 0.2461491234375 0.6091775421875 0.2453721453125 0.609752853125 0.25359947968749996 0.617797040625 0.272672434375 0.6244645828125 0.2794403109375 0.6281938796875 0.288480540625 0.6367825890625001 0.28581306875 0.63796405625 0.2805632265625 0.6439843734374999 0.2780753546875
4 0.5856613609375 0.2191135359375 0.569747603125 0.21299221875000002 0.5669223703124999 0.213189778125 0.5626280140625 0.2145235125 0.5631930453125 0.22998568125 0.5582719984375 0.23343012968750002 0.5631108499999999 0.2361921015625 0.5636861609375 0.2444194328125 0.573579603125 0.253028621875 0.5774013765625 0.24862759687499997 0.5749870921875 0.24362919375 0.57799725 0.2423852578125 0.5856613609375 0.2191135359375
4 0.7613594781249999 0.7090819203125001 0.7688591984375 0.6982230375 0.7814443546875001 0.671506865625 0.7785163921875 0.6665443828125001 0.7827080171875 0.6600506046875 0.775167228125 0.6481765640625 0.7703283765625 0.64541459375 0.768787340625 0.645522353125 0.7629108515625 0.650067059375 0.757465846875 0.6607822640625 0.752914653125 0.662133959375 0.7426102328125 0.6845568656250001 0.7351105140625 0.6954157484375 0.7357577390625 0.704671496875 0.7435245515625 0.7123959515625 0.753284446875 0.7117134734375 0.7556370984375 0.7084486234375 0.7613594781249999 0.7090819203125001
4 0.8342301093750001 0.5479360765625 0.8239668171875 0.5414196390625 0.8144945781249999 0.546215784375 0.8114947000000001 0.5402248843749999 0.8109810218750001 0.5402608046874999 0.8118542703125 0.5453669671875 0.8066969187499999 0.5601958375 0.806162678125 0.5747014296875 0.8079913703124999 0.5787073359375 0.8088543359375 0.591048334375 0.81537805 0.595759378125 0.8306548656249999 0.5853901125000001 0.8373635343749999 0.56321864375 0.8374457296875001 0.5570122265624999 0.8342301093750001 0.5479360765625
4 0.35438205625 0.7871459265625 0.34427287500000003 0.7754514859375 0.33847858125 0.7737897734375 0.3348828296875 0.7740412125 0.3083050828125 0.7852007171875 0.29076809375 0.7853935765625 0.288415440625 0.7886584265625001 0.2888366421875 0.8020637609374999 0.2947644828125 0.81301714375 0.3058393921875 0.8163764921875 0.35705315312499997 0.8179625046875 0.3630118375 0.8072113796875 0.36265226875 0.8020692953124999 0.35438205625 0.7871459265625
4 0.3958153609375 0.8038840890625 0.42971815468749996 0.8015133734375001 0.43734114062499996 0.8071809953125 0.443803221875 0.8036287859375 0.44990573281249996 0.7949344953125 0.4485188078125 0.7898642515625001 0.452052925 0.781349559375 0.45265908125000004 0.767872384375 0.45061464687499997 0.7607812296875001 0.4464333046875 0.760040171875 0.442190328125 0.7510358625 0.44167664999999995 0.7510717828125 0.4355022234375 0.75873765625 0.43007778124999996 0.7549831890625 0.421858921875 0.7555579078125 0.40202063125 0.7745137062499999 0.3992364953125 0.7716080546875 0.3949010421875 0.7760450015625 0.390206021875 0.7753398640625 0.38403159531250003 0.7830057390625 0.38312750156250003 0.7996040843750001 0.3958153609375 0.8038840890625
4 0.2544818578125 0.76106138125 0.25207785625 0.7488281421874999 0.24323233437499997 0.725677440625 0.2402530203125 0.70521686875 0.236143590625 0.705504228125 0.21270954999999997 0.724711465625 0.211004121875 0.7372320640625001 0.20592896718749998 0.7458545156249999 0.20540500781249998 0.7531252703125 0.2137574125 0.7618422218750001 0.2331128140625 0.7728901031250001 0.2464478953125 0.7864258578125 0.25004364843750004 0.7861744171875 0.253577765625 0.777659725 0.2544818578125 0.76106138125
4 0.65927090625 0.77719391875 0.6694109328125 0.7671838531249999 0.6831980625 0.7724204343750001 0.699348125 0.76715733125 0.7097038953125 0.7602325140625 0.7335797015625001 0.7399609390624999 0.73088804375 0.7236140343749999 0.7282580171874999 0.71553038125 0.7243026968749999 0.7106397375 0.7227616625 0.710747496875 0.6974783640625 0.7404185 0.68345493125 0.746566340625 0.676191515625 0.746040803125 0.6704588546875 0.752642340625 0.6667911890625 0.7518653640624999 0.6604934984375 0.743004734375 0.65293214375 0.745600365625 0.6497678765625 0.7520223046875001 0.648791871875 0.7675922328125 0.65927090625 0.77719391875
4 0.5119273125 0.781296515625 0.5117115703125 0.7782112671875 0.5141361343749999 0.7759748328125 0.5161086546875 0.7820375734375 0.5274095859375 0.7812473343749999 0.5285191390625 0.774969075 0.5334401843750001 0.771524628125 0.54327199375 0.771870565625 0.545994496875 0.7665129640624999 0.557747475 0.757423553125 0.5576858421875001 0.7491603015625 0.5367894062499999 0.7382201796875 0.5347346921875 0.7383638593749999 0.529515709375 0.7449294765625 0.5035338375 0.7498466421875001 0.4955923515625 0.7617698625 0.483767459375 0.76983085625 0.48163054843750003 0.7761809562499999 0.4943286890625 0.773226125 0.5018797609375001 0.7778653281250001 0.5074583125000001 0.7764417921875 0.5093589187500001 0.7814761156250001 0.5119273125 0.781296515625
4 0.1994262109375 0.3649679328125 0.20067959218750003 0.3607465078125 0.1962105921875 0.355891784375 0.1916593984375 0.35724347968750003 0.1871184859375 0.351360340625 0.1866048078125 0.351396259375 0.1789612578125 0.3601983109375 0.1730744875 0.37197785156249996 0.17833453906250002 0.38814515625 0.189019034375 0.40806692812499995 0.1933442046875 0.4108648203125 0.2024465953125 0.408161428125 0.203843803125 0.40599683593749997 0.2042342171875 0.3894344109375 0.20249800312500002 0.37198725 0.1994262109375 0.3649679328125
4 0.1170526078125 0.449269896875 0.12722342343749998 0.4692275875 0.13301771874999999 0.470889303125 0.14220230312499998 0.461979490625 0.14170918593749998 0.447545740625 0.135206034375 0.428365025 0.1346204421875 0.427372528125 0.11727863125 0.44512031093750004 0.1170526078125 0.449269896875