4 0.2630673765625 0.1949059046875 0.27704293125 0.1944133421875 0.29398443125 0.18878982187499999 0.30403788125000003 0.1817597734375 0.308016328125 0.176357515625 0.30788082031249997 0.1758517953125 0.29909566875000004 0.16736518125 0.2837650390625 0.162800540625 0.2681070546875 0.169164203125 0.265818646875 0.1768237625 0.263929153125 0.17787207968750002 0.2600786046875 0.1756516546875 0.26318766562499996 0.17915481875 0.25198620781250003 0.185950446875 0.25577280468749997 0.1919822140625 0.2630673765625 0.1949059046875
4 0.2832686609375 0.209548075 0.282997646875 0.208536634375 0.2725940140625 0.202109778125 0.26611248593750003 0.2022204109375 0.2561229859375 0.2054391171875 0.24343855468750003 0.21480022499999998 0.2351467 0.2284046375 0.23623075937500002 0.23245040156250002 0.2514258796875 0.23650932187499998 0.260944909375 0.23558479375000002 0.28050978125000003 0.21950181406249997 0.2832686609375 0.209548075
4 0.44252821875 0.12351225156250001 0.44225720468749996 0.12250081093750001 0.43320864531250003 0.121131159375 0.4299640765625 0.1171222734375 0.410112971875 0.1159370078125 0.394590496875 0.12280639062500001 0.39041259375 0.13151426718749998 0.3967662234375 0.1390263171875 0.40264177031250004 0.1407041453125 0.42424686093749997 0.1403353734375 0.4343718703125 0.1376223859375 0.44252821875 0.12351225156250001
4 0.3311302984375 0.12896991093750002 0.324306196875 0.123752040625 0.3064800953125 0.122024178125 0.2985155953125 0.12470028749999999 0.2912286328125 0.129905 0.2859742796875 0.1426955171875 0.29184982812500004 0.14437334531249998 0.302516865625 0.1436832390625 0.31972938281249996 0.139071159375 0.331807834375 0.1314985125 0.3311302984375 0.12896991093750002
4 0.5874680125 0.24728457499999998 0.5776140203125 0.25100900312499996 0.55851961875 0.264797803125 0.5546766812499999 0.2707057796875 0.5649524140625 0.2847553171875 0.5620580265624999 0.2942033375 0.565374153125 0.3025292828125 0.5786082218749999 0.3033194609375 0.5800988031250001 0.30888238437500004 0.5846908359375 0.3098200703125 0.582466378125 0.3136682875 0.5851689171875 0.31565429218749996 0.5940104093749999 0.31220116249999996 0.5991368625 0.307033328125 0.6115578875 0.3047891828125 0.6243778265625 0.295933796875 0.640777296875 0.28828739531249997 0.6439503078125 0.28797921875 0.6506389 0.2926913703125 0.6583963328125 0.2851924765625 0.6685928999999999 0.28679655 0.6727068546875 0.2819000140625 0.6674372843749999 0.2784337265625 0.671080765625 0.27583136874999997 0.66999670625 0.2717856078125 0.67276319375 0.26996027031250003 0.6716075781249999 0.2615974453125 0.6714720703125 0.2610917265625 0.6608689812499999 0.2579704921875 0.6600559374999999 0.25493617031250004 0.655264446875 0.2573041046875 0.6485119046875 0.2564032953125 0.6335162421875 0.249038753125 0.6334446828125 0.2447216921875 0.612645028125 0.239996384375 0.6041384984375 0.2406496140625 0.59185298125 0.243399478125 0.5874680125 0.24728457499999998
4 0.5040333390625 0.33685247500000004 0.5033558031250001 0.3343238734375 0.49720163125 0.3235062015625 0.48734002812500005 0.319102228125 0.47721501875000005 0.321815215625 0.4568371046875 0.33486387500000003 0.44698310937499997 0.338588303125 0.4474687984375 0.352550928125 0.4532088390625 0.3537230359375 0.490471915625 0.3469906015625 0.49627590625 0.34435136875 0.5040333390625 0.33685247500000004
4 0.7643616375 0.5348602484375 0.7626000421875 0.528285884375 0.7654304796875 0.5226492046875 0.7650239578125 0.5211320453125 0.761914896875 0.5176288812500001 0.7565813765625 0.5179739328124999 0.7277608812499999 0.5278644796874999 0.722634428125 0.5330323140625 0.72514511875 0.5464523406249999 0.729131171875 0.5491784875 0.7340581687500001 0.5473162734375 0.7507362625 0.548809715625 0.7556632609375 0.5469475015625 0.7643616375 0.5348602484375
4 0.70989365625 0.554333165625 0.7029264390625001 0.540481171875 0.6956318687499999 0.53755748125 0.67234435 0.5437973546875 0.6569649875 0.559300859375 0.6598106421875001 0.5699209859375001 0.6694012296875 0.57331351875 0.697416290625 0.568517053125 0.7058512609375 0.5635467625 0.7105711921875 0.5568617671875 0.70989365625 0.554333165625
4 0.7474962234375 0.6217677921875 0.7446733937500001 0.6355328734375 0.7410299124999999 0.6381352312499999 0.7387415046875 0.645794790625 0.740096578125 0.6508519921875 0.7440110734375 0.6492610765625 0.747598215625 0.658598465625 0.7513132546875 0.6603131703125 0.768796784375 0.65671253125 0.7785152703125 0.6524823828125 0.7879399171875 0.6228555859375 0.7870324890625 0.5911189953125 0.7863549515625 0.58859039375 0.785677415625 0.586061790625 0.7733203390625001 0.5844945953125 0.7733842890625 0.5806832546875 0.7652842828125 0.5828536453125001 0.7478083609375 0.5945826859375 0.74234694375 0.6025504203125001 0.7340474796875001 0.60802643125 0.7383761062499999 0.6160810796875 0.743845134375 0.616241746875 0.7474962234375 0.6217677921875
4 0.7950305046875 0.5521179328125 0.7980527890625 0.53504723125 0.7973074984374999 0.53226576875 0.7951431859375 0.5282384453125 0.779820165625 0.53180220625 0.7754275890625 0.5275589 0.7736096515625001 0.5329242796875 0.7655096453125 0.5350946703125 0.7588362703125 0.546639325 0.76397033125 0.54959989375 0.7684908078125 0.5462205171875001 0.770316353125 0.548983540625 0.7950305046875 0.5521179328125
4 0.3400840984375 0.822536515625 0.3523772234375 0.8279150515625 0.38148395156250003 0.8352927515624999 0.38586891875 0.8314076546875 0.3931634890625 0.8343313453125001 0.40355190468749996 0.8245013953125 0.40536984218749994 0.8191360156249999 0.40496332031250004 0.81761885625 0.3992872265625 0.8126354062500001 0.38753613124999997 0.8092797515625 0.38530406250000004 0.8049995671874999 0.3609248765625 0.7990652734375 0.34863175 0.7936867359375 0.3395192421875 0.796128425 0.3333163390625 0.8053789 0.3358909796875 0.8149875859375 0.3396060171875 0.8167022921875 0.3400840984375 0.822536515625
4 0.5150594265625 0.8640028109375001 0.51957229375 0.8524950328124999 0.51294765 0.843971540625 0.51834511875 0.8398151484374999 0.5182096109375001 0.8393094265625001 0.5132826140625 0.8411716421875 0.4974815140625 0.8389011796875 0.48289997968750004 0.841182203125 0.47925649843749996 0.8437845578125 0.46710648906249996 0.8470401437499999 0.46367007187500003 0.8544652828125001 0.4769833078125 0.8677009234374999 0.50041394375 0.8700951734375 0.50662445625 0.8689731015625 0.5150594265625 0.8640028109375001
4 0.18321368124999998 0.4314883140625 0.1929245578125 0.4191297625 0.1934589796875 0.413024240625 0.19251042812500002 0.40948419999999996 0.17621603125000002 0.3851227109375 0.17262128125 0.3676569203125 0.1689062421875 0.36594221718750003 0.1556082234375 0.3689633796875 0.1458257875 0.37700486875 0.1446214375 0.38871019218749997 0.1529741625 0.44013299687499996 0.16486076562500002 0.44399437343750003 0.1699232703125 0.4426378796875 0.18321368124999998 0.4314883140625
4 0.17454573906249998 0.47608917812499996 0.18348922343750002 0.5094667187499999 0.17931132031250002 0.5181745953125 0.18411041875 0.5239350640625 0.193972021875 0.5283390375 0.1987635109375 0.5259711031250001 0.20794757656249999 0.527846475 0.221516609375 0.5258367515625 0.22819759374999998 0.5224204984374999 0.2281260375 0.5181034375 0.2362899921875 0.5121217062500001 0.236154484375 0.5116159875 0.227305384375 0.5069407140625 0.2300003140625 0.500798315625 0.22783219687499998 0.49270679062499995 0.2050638796875 0.47658433593750005 0.2074238453125 0.4732418375 0.2021542765625 0.46977555156250006 0.2019472109375 0.46495276875 0.193098109375 0.46027749531250006 0.176356065625 0.46259539531250005 0.17454573906249998 0.47608917812499996
4 0.1898673109375 0.326719890625 0.2016108 0.32194714375 0.2230012171875 0.3086271875 0.2428447125 0.3016840515625 0.241760653125 0.2976382875 0.2180437859375 0.2779757921875 0.2052162375 0.278702775 0.19562565 0.2753102421875 0.18826712968749998 0.2761978921875 0.18118723125 0.2862253875 0.17391548750000002 0.307686903125 0.16299265000000002 0.323622375 0.1639412015625 0.3271624171875 0.17312526718750001 0.3290377890625 0.1898673109375 0.326719890625
4 0.252296525 0.733859034375 0.2642546875 0.742037471875 0.2617028734375 0.75681399375 0.2700891125 0.7719118484374999 0.27900977031249996 0.7809041828125001 0.3038746484375 0.8008011015625 0.31966813906249997 0.794943159375 0.3272261171875 0.7907498890625 0.33134006875 0.7858533515625 0.330933546875 0.7843361921875001 0.296414134375 0.76485808125 0.2875574234375 0.7520544046875 0.286672821875 0.744703021875 0.27897172812500004 0.7402621703125 0.27903567812499996 0.73645083125 0.2866576046875 0.7284462171875 0.28259999375 0.7214030109375 0.27557643593750003 0.7194907609375 0.25984689375 0.7215373609375 0.252296525 0.733859034375
4 0.21961642656249997 0.587595228125 0.2226539296875 0.58678133125 0.22535646874999998 0.5887673359375001 0.2196879859375 0.5919122906250001 0.222669146875 0.6030381359375 0.2291506734375 0.60292750625 0.23354324843750002 0.6071708124999999 0.23510538906249998 0.617050796875 0.2409809375 0.6187286265624999 0.2523331203125 0.628695521875 0.260568634375 0.6270308531250001 0.26743385937499997 0.604052175 0.26689182968749997 0.60202929375 0.2593262421875 0.5980941625 0.249377865625 0.573116321875 0.23593673124999998 0.5675033640625 0.2255970484375 0.5572651671875 0.21884450625000001 0.5563643578125 0.2242571921875 0.56846476875 0.221091790625 0.5769013468749999 0.223594871875 0.582192971875 0.2189388890625 0.585066628125 0.21961642656249997 0.587595228125
4 0.5745232578125 0.19492408125 0.5789797828125 0.1953560484375 0.5829582265625 0.189953790625 0.5807261609375 0.1856736078125 0.58571710625 0.1800000515625 0.5855816 0.17949433125 0.575313475 0.17357319531249998 0.5624143703125 0.16998311875 0.5472984140625 0.1783696625 0.5294875296875 0.192898603125 0.5275340859375001 0.1977582625 0.5319982203125 0.20631863125 0.53442974375 0.20729319531249998 0.55103628125 0.2044695734375 0.5681132875 0.199351775 0.5745232578125 0.19492408125
4 0.474401434375 0.1290646140625 0.45645504218750005 0.14308783593750002 0.4559206203125 0.14919335625000002 0.4665952671875 0.156631653125 0.48090578749999996 0.1533391890625 0.49878822968750003 0.143127309375 0.49966522187500007 0.142350290625 0.47858694531249996 0.1284851390625 0.474401434375 0.1290646140625