4 0.15234375 0.6103515625 0.15283203125 0.6123046875 0.14990234375 0.615234375 0.15380859375 0.61328125 0.1572265625 0.625 0.16357421875 0.623046875 0.16796875 0.6171875 0.1708984375 0.6044921875 0.169921875 0.587890625 0.166015625 0.5771484375 0.162109375 0.572265625 0.16162109375 0.572265625 0.15185546875 0.578125 0.14404296875 0.5908203125 0.14599609375 0.6064453125 0.15234375 0.6103515625
4 0.18115234375 0.6396484375 0.19140625 0.650390625 0.1953125 0.650390625 0.20263671875 0.6376953125 0.2041015625 0.62890625 0.1943359375 0.607421875 0.18603515625 0.6025390625 0.18505859375 0.6025390625 0.1767578125 0.6103515625 0.17529296875 0.6162109375 0.17578125 0.6259765625 0.18115234375 0.6396484375
4 0.134765625 0.4814453125 0.1416015625 0.4873046875 0.14990234375 0.4833984375 0.15283203125 0.478515625 0.15771484375 0.458984375 0.15771484375 0.44921875 0.14697265625 0.4384765625 0.14599609375 0.4384765625 0.142578125 0.4462890625 0.13818359375 0.4482421875 0.13232421875 0.4658203125 0.134765625 0.4814453125
4 0.1162109375 0.576171875 0.12646484375 0.583984375 0.12939453125 0.5791015625 0.13134765625 0.5693359375 0.13134765625 0.552734375 0.12744140625 0.5400390625 0.125 0.5400390625 0.11865234375 0.544921875 0.11279296875 0.560546875 0.11328125 0.568359375 0.1162109375 0.576171875
4 0.31640625 0.28515625 0.30615234375 0.296875 0.30224609375 0.2958984375 0.29296875 0.3134765625 0.29150390625 0.3212890625 0.291015625 0.3330078125 0.29345703125 0.337890625 0.29443359375 0.34765625 0.30224609375 0.3681640625 0.306640625 0.373046875 0.32177734375 0.3671875 0.32958984375 0.3720703125 0.337890625 0.37109375 0.341796875 0.359375 0.34716796875 0.359375 0.34912109375 0.35546875 0.35205078125 0.3583984375 0.3544921875 0.3564453125 0.353515625 0.34765625 0.35009765625 0.341796875 0.35107421875 0.330078125 0.34619140625 0.31640625 0.34326171875 0.2998046875 0.34375 0.296875 0.349609375 0.2919921875 0.3447265625 0.283203125 0.3486328125 0.2744140625 0.34521484375 0.26953125 0.3408203125 0.2734375 0.33935546875 0.26953125 0.33544921875 0.26953125 0.33447265625 0.2666015625 0.32666015625 0.265625 0.326171875 0.265625 0.32080078125 0.2744140625 0.31787109375 0.2744140625 0.31884765625 0.279296875 0.31640625 0.28515625
4 0.3408203125 0.4765625 0.341796875 0.486328125 0.3544921875 0.4892578125 0.35693359375 0.484375 0.35986328125 0.44921875 0.35888671875 0.443359375 0.35400390625 0.4345703125 0.3515625 0.4345703125 0.34033203125 0.4375 0.333984375 0.4453125 0.333984375 0.455078125 0.3408203125 0.4765625
4 0.58349609375 0.28515625 0.59619140625 0.2861328125 0.599609375 0.283203125 0.59912109375 0.2783203125 0.6044921875 0.263671875 0.60400390625 0.2587890625 0.59521484375 0.248046875 0.5888671875 0.248046875 0.58447265625 0.244140625 0.5830078125 0.244140625 0.5791015625 0.24609375 0.578125 0.2509765625 0.580078125 0.279296875 0.58349609375 0.28515625
4 0.59130859375 0.3505859375 0.6015625 0.3505859375 0.60693359375 0.3427734375 0.609375 0.31640625 0.60693359375 0.3076171875 0.60205078125 0.3017578125 0.599609375 0.3017578125 0.58544921875 0.3046875 0.5810546875 0.310546875 0.5810546875 0.3330078125 0.59130859375 0.3505859375
4 0.638671875 0.2587890625 0.64501953125 0.27734375 0.65087890625 0.2841796875 0.65380859375 0.29296875 0.662109375 0.291015625 0.66357421875 0.2861328125 0.66943359375 0.2841796875 0.68115234375 0.2900390625 0.6826171875 0.2939453125 0.68896484375 0.2978515625 0.69384765625 0.2978515625 0.693359375 0.2939453125 0.70263671875 0.29296875 0.705078125 0.2900390625 0.7060546875 0.2734375 0.70458984375 0.263671875 0.68017578125 0.248046875 0.6513671875 0.2412109375 0.64892578125 0.2412109375 0.646484375 0.2412109375 0.64208984375 0.251953125 0.638671875 0.2509765625 0.638671875 0.2587890625
4 0.595703125 0.2392578125 0.595703125 0.2470703125 0.6044921875 0.255859375 0.6083984375 0.251953125 0.6064453125 0.2470703125 0.609375 0.24609375 0.6181640625 0.224609375 0.603515625 0.2177734375 0.600830078125 0.2177734375 0.5966796875 0.21875 0.59619140625 0.2333984375 0.59130859375 0.236328125 0.595703125 0.2392578125
4 0.73583984375 0.6748046875 0.72802734375 0.6845703125 0.72802734375 0.693359375 0.73486328125 0.701171875 0.744140625 0.701171875 0.74658203125 0.6982421875 0.751953125 0.69921875 0.759765625 0.689453125 0.7734375 0.6650390625 0.77099609375 0.66015625 0.775390625 0.654296875 0.76904296875 0.642578125 0.7646484375 0.6396484375 0.76318359375 0.6396484375 0.75732421875 0.6435546875 0.75146484375 0.6533203125 0.7470703125 0.654296875 0.73583984375 0.6748046875
4 0.8046875 0.5791015625 0.8046875 0.5908203125 0.810546875 0.595703125 0.82568359375 0.5869140625 0.83349609375 0.56640625 0.833984375 0.560546875 0.83154296875 0.5517578125 0.822265625 0.544921875 0.81298828125 0.548828125 0.810546875 0.54296875 0.81005859375 0.54296875 0.810546875 0.5478515625 0.8046875 0.5615234375 0.80322265625 0.5751953125 0.8046875 0.5791015625
4 0.298828125 0.755859375 0.3037109375 0.7666015625 0.31396484375 0.7705078125 0.3623046875 0.775390625 0.36865234375 0.765625 0.36865234375 0.7607421875 0.36181640625 0.74609375 0.35302734375 0.734375 0.34765625 0.732421875 0.34423828125 0.732421875 0.318359375 0.7412109375 0.3017578125 0.740234375 0.29931640625 0.7431640625 0.298828125 0.755859375
4 0.40771484375 0.7373046875 0.4052734375 0.734375 0.40087890625 0.73828125 0.396484375 0.7373046875 0.39013671875 0.744140625 0.38818359375 0.759765625 0.39990234375 0.7646484375 0.43212890625 0.7646484375 0.43896484375 0.7705078125 0.4453125 0.767578125 0.45166015625 0.759765625 0.45068359375 0.7548828125 0.45458984375 0.7470703125 0.4560546875 0.734375 0.45458984375 0.7275390625 0.45068359375 0.7265625 0.447265625 0.7177734375 0.44677734375 0.7177734375 0.4404296875 0.724609375 0.435546875 0.720703125 0.427734375 0.720703125 0.40771484375 0.7373046875
4 0.22314453125 0.7041015625 0.23046875 0.712890625 0.248046875 0.724609375 0.259765625 0.73828125 0.26318359375 0.73828125 0.26708984375 0.73046875 0.26904296875 0.71484375 0.267578125 0.703125 0.2607421875 0.6806640625 0.25927734375 0.6611328125 0.25537109375 0.6611328125 0.23193359375 0.677734375 0.2294921875 0.689453125 0.22412109375 0.697265625 0.22314453125 0.7041015625
4 0.6630859375 0.734375 0.65966796875 0.7333984375 0.654296875 0.724609375 0.64697265625 0.7265625 0.6435546875 0.732421875 0.6416015625 0.7470703125 0.65087890625 0.7568359375 0.6611328125 0.748046875 0.673828125 0.75390625 0.689453125 0.75 0.69970703125 0.744140625 0.7236328125 0.7265625 0.72216796875 0.7109375 0.72021484375 0.703125 0.716796875 0.6982421875 0.71533203125 0.6982421875 0.689453125 0.724609375 0.67578125 0.7294921875 0.6689453125 0.728515625 0.6630859375 0.734375
4 0.4853515625 0.73828125 0.48291015625 0.744140625 0.4951171875 0.7421875 0.501953125 0.7470703125 0.50732421875 0.74609375 0.5087890625 0.7509765625 0.51123046875 0.7509765625 0.51123046875 0.748046875 0.513671875 0.74609375 0.51513671875 0.751953125 0.52587890625 0.751953125 0.52734375 0.74609375 0.5322265625 0.7431640625 0.54150390625 0.744140625 0.54443359375 0.7392578125 0.55615234375 0.7314453125 0.556640625 0.7236328125 0.53759765625 0.7119140625 0.53564453125 0.7119140625 0.5302734375 0.7177734375 0.50537109375 0.720703125 0.4970703125 0.7314453125 0.4853515625 0.73828125
4 0.23046875 0.376953125 0.234375 0.3798828125 0.2431640625 0.3779296875 0.24462890625 0.3759765625 0.24609375 0.3603515625 0.24560546875 0.34375 0.2431640625 0.3369140625 0.24462890625 0.3330078125 0.24072265625 0.328125 0.236328125 0.3291015625 0.232421875 0.3232421875 0.23193359375 0.3232421875 0.22412109375 0.3310546875 0.2177734375 0.341796875 0.2216796875 0.357421875 0.23046875 0.376953125
4 0.17333984375 0.4326171875 0.1826171875 0.4248046875 0.18310546875 0.4111328125 0.17822265625 0.392578125 0.177734375 0.3916015625 0.16015625 0.4072265625 0.15966796875 0.4111328125 0.16796875 0.4306640625 0.17333984375 0.4326171875