3 0.2987295359375 0.441743759375 0.31114742500000003 0.44438326406249995 0.323422246875 0.44299884062499995 0.3344972609375 0.4378650609375 0.34020547031250004 0.425101065625 0.3385164875 0.4142590765625 0.333048165625 0.407106471875 0.31434979687500003 0.4011352515625 0.29579449687500003 0.39918795937499996 0.286385340625 0.4011815 0.2782775140625 0.40644678437500004 0.276551684375 0.4145661734375 0.2784437046875 0.424452940625 0.2845626921875 0.43324141718750003 0.2987295359375 0.441743759375
3 0.33170528906249996 0.3993331875 0.33975314375 0.399047053125 0.35741319374999997 0.39581215625 0.36919884375 0.3873351 0.365294859375 0.3775198671875 0.356208684375 0.368599884375 0.3628121453125 0.361018078125 0.35854363125 0.357614828125 0.3371226640625 0.3550584203125 0.32570154375000004 0.35712349374999997 0.3210685 0.360132228125 0.323265078125 0.36858616093749996 0.31839214843749997 0.39151149531249996 0.326075475 0.39763734375 0.33170528906249996 0.3993331875
3 0.29249173906250003 0.7529106546875 0.30194244375 0.755418653125 0.31220530156250004 0.7541057640625 0.319459425 0.7481598296875 0.32047461875 0.7433837171875 0.31555544062499996 0.738344596875 0.2939498578125 0.7272627218750001 0.28460067499999997 0.7242771109375 0.27112604375 0.7219121796875 0.2628751484375 0.7231535359375 0.26397343906250004 0.727380503125 0.2837700953125 0.7375786890625 0.29249173906250003 0.7529106546875
4 0.370593803125 0.756532828125 0.3831132109375 0.7586947203125 0.41625985625000006 0.757753221875 0.42024223593750004 0.753108615625 0.427740946875 0.750708996875 0.4282669671875 0.738840253125 0.42450605 0.7330489484375 0.41918079375 0.7299202703125001 0.400117896875 0.730361034375 0.3499434421875 0.7456539921875 0.356671546875 0.7515768015625001 0.361650696875 0.7516367734375 0.370593803125 0.756532828125
4 0.21989879218750003 0.5542779125 0.239206275 0.5573834640625 0.2503228375 0.556751225 0.2552972859375 0.533348278125 0.253405265625 0.5234615125000001 0.24320237968749997 0.5197952531250001 0.24009212500000002 0.51563981875 0.2290171125 0.5207735984374999 0.219792571875 0.53129260625 0.21634091249999998 0.547531384375 0.21989879218750003 0.5542779125
4 0.6974954453125 0.4820761828125 0.7006656703125 0.4812524671875 0.7082659 0.4783752375 0.7113530296875 0.46854844218749997 0.7041173296875 0.46501368750000005 0.6985474859374999 0.45833869375 0.6797476 0.4528450859375 0.6776525390625 0.443913540625 0.6668405359375 0.4431129484375 0.655682428125 0.43924365 0.64667935 0.43932674531250004 0.6433060859374999 0.441105684375 0.6475146281249999 0.449488084375 0.659812575 0.4620858890625 0.67217049375 0.4697045421875 0.6795492609375 0.477263225 0.6974954453125 0.4820761828125
4 0.45852763124999996 0.230108540625 0.4650111484375 0.232485034375 0.4712500796875 0.2313152109375 0.4788918578125 0.23293952031249998 0.49453994375 0.2297761578125 0.5110785796874999 0.208332065625 0.5112400703125 0.20287530468749998 0.5023984828125 0.1975016390625 0.4871149265625 0.19425301875 0.4751446625 0.194204609375 0.4631144265625 0.19913535 0.45843983593750004 0.1976425453125 0.45325764687500003 0.1985377953125 0.45002745 0.2043406625 0.43537613437499995 0.21220860468749997 0.432390525 0.22155778750000002 0.435948403125 0.22830431562500003 0.45852763124999996 0.230108540625
4 0.6023890749999999 0.6101200546875 0.6218995984375 0.612270384375 0.637995309375 0.611698115625 0.6440911734375 0.606504365625 0.644211115625 0.596546065625 0.6347188640625 0.589536528125 0.6125457140624999 0.5858218578125001 0.5993572171875 0.5915047828125 0.594968759375 0.5980598328125 0.5950103078125 0.602561371875 0.6023890749999999 0.6101200546875
4 0.578029125 0.74820964375 0.585772421875 0.7493563421875 0.5933726515625 0.7464791140625 0.5908715156250001 0.7394580140625 0.5814807828124999 0.7319708656249999 0.56725396875 0.7284476718749999 0.563576146875 0.7316594453125 0.566626428125 0.7407940281250001 0.578029125 0.74820964375
4 0.5646458562500001 0.4917765515625 0.580986153125 0.4947506 0.5908013859375 0.49084661562500004 0.59382854375 0.48599897031249994 0.588909365625 0.4809598484375 0.5790110375 0.4758607546875 0.5675483703124999 0.473424290625 0.55555968125 0.4828565703125 0.5646458562500001 0.4917765515625
4 0.35646305 0.5224043921875 0.377477940625 0.5268712453125 0.38467209375 0.5259044609375 0.38509659375 0.5145133265624999 0.3742014953125 0.50470965625 0.3691208265625 0.5051272953125 0.35816575624999997 0.500302775 0.3516222671875 0.50290543125 0.3417654859375 0.502307878125 0.339204378125 0.5002659281249999 0.332762409375 0.5023909734374999 0.3342068046875 0.5096866453125 0.339776646875 0.5163616390625 0.35646305 0.5224043921875