3 0.537109375 0.736328125 0.54541015625 0.736328125 0.55224609375 0.7294921875 0.55615234375 0.720703125 0.55810546875 0.7021484375 0.55615234375 0.6826171875 0.55029296875 0.67578125 0.5400390625 0.671875 0.5263671875 0.6748046875 0.51904296875 0.6845703125 0.51513671875 0.6962890625 0.51513671875 0.708984375 0.5205078125 0.724609375 0.52783203125 0.732421875 0.537109375 0.736328125
3 0.591796875 0.7001953125 0.599609375 0.7041015625 0.603515625 0.7001953125 0.60791015625 0.689453125 0.60986328125 0.66796875 0.607421875 0.6630859375 0.5986328125 0.66796875 0.591796875 0.6572265625 0.5830078125 0.6513671875 0.572265625 0.6611328125 0.5654296875 0.677734375 0.5634765625 0.685546875 0.56396484375 0.69140625 0.568359375 0.7001953125 0.591796875 0.7001953125
3 0.232421875 0.685546875 0.2353515625 0.677734375 0.23583984375 0.6640625 0.23486328125 0.654296875 0.228515625 0.630859375 0.224609375 0.625 0.2197265625 0.625 0.21240234375 0.630859375 0.208984375 0.640625 0.20947265625 0.650390625 0.22265625 0.662109375 0.228515625 0.68359375 0.232421875 0.685546875
4 0.228515625 0.595703125 0.25390625 0.5498046875 0.25830078125 0.53125 0.25634765625 0.525390625 0.25146484375 0.5205078125 0.23974609375 0.5185546875 0.23583984375 0.525390625 0.23046875 0.5283203125 0.22265625 0.560546875 0.22216796875 0.5732421875 0.22509765625 0.5830078125 0.22412109375 0.587890625 0.228515625 0.595703125
4 0.42333984375 0.7607421875 0.4306640625 0.7509765625 0.42724609375 0.7470703125 0.42578125 0.736328125 0.41650390625 0.732421875 0.392578125 0.732421875 0.3896484375 0.7431640625 0.388671875 0.7626953125 0.39453125 0.767578125 0.4111328125 0.767578125 0.42333984375 0.7607421875
4 0.5703125 0.3515625 0.580078125 0.3662109375 0.58740234375 0.3720703125 0.58984375 0.369140625 0.591796875 0.3603515625 0.59033203125 0.3486328125 0.591796875 0.337890625 0.58349609375 0.333984375 0.58203125 0.314453125 0.57666015625 0.3076171875 0.57470703125 0.2998046875 0.564453125 0.30078125 0.56005859375 0.3076171875 0.55859375 0.310546875 0.5595703125 0.3291015625 0.5654296875 0.337890625 0.5703125 0.3515625
4 0.76806640625 0.623046875 0.77880859375 0.6103515625 0.78515625 0.6083984375 0.787109375 0.603515625 0.78662109375 0.5986328125 0.7939453125 0.587890625 0.79638671875 0.576171875 0.79638671875 0.560546875 0.79296875 0.55078125 0.78759765625 0.5498046875 0.76318359375 0.5615234375 0.7568359375 0.576171875 0.7568359375 0.583984375 0.75439453125 0.58984375 0.75537109375 0.5966796875 0.75244140625 0.619140625 0.75830078125 0.6240234375 0.76806640625 0.623046875
4 0.43115234375 0.3837890625 0.439453125 0.3720703125 0.4404296875 0.349609375 0.435546875 0.3388671875 0.42578125 0.3369140625 0.41943359375 0.341796875 0.41552734375 0.357421875 0.41357421875 0.376953125 0.41943359375 0.3857421875 0.423828125 0.38671875 0.43115234375 0.3837890625
4 0.29052734375 0.38671875 0.2900390625 0.3720703125 0.28466796875 0.361328125 0.2783203125 0.357421875 0.27392578125 0.3642578125 0.2734375 0.3720703125 0.2783203125 0.384765625 0.28662109375 0.3896484375 0.29052734375 0.38671875
4 0.5400390625 0.427734375 0.537109375 0.4169921875 0.533203125 0.4111328125 0.52783203125 0.4130859375 0.52197265625 0.421875 0.521484375 0.4384765625 0.5283203125 0.44921875 0.5400390625 0.439453125 0.5400390625 0.427734375
4 0.462890625 0.6630859375 0.46630859375 0.6572265625 0.46484375 0.654296875 0.46630859375 0.64453125 0.47021484375 0.638671875 0.4677734375 0.626953125 0.46923828125 0.6220703125 0.4619140625 0.609375 0.45068359375 0.607421875 0.4482421875 0.6142578125 0.4482421875 0.6357421875 0.45068359375 0.6533203125 0.4560546875 0.66015625 0.462890625 0.6630859375