3 0.7337372625 0.459509596875 0.72095005625 0.46293591718749993 0.7102007343750001 0.47003320156250006 0.7023411484375 0.48004606718750004 0.7030801375 0.4946075921875 0.7097820765625 0.5038814671875 0.7182488734375 0.5079383125 0.7384486234375001 0.5046343109375 0.7566104890625 0.4976593484375 0.7644089187499999 0.49135275468749995 0.76944939375 0.48262239375 0.7672091078125 0.474261528125 0.7607707312499999 0.465971284375 0.750924959375 0.46070255781249997 0.7337372625 0.459509596875
3 0.723176490625 0.5145248578125 0.7158345671874999 0.518600625 0.7009577796875 0.5299666171874999 0.6940206640625 0.5434221921875 0.7022945203125001 0.55069349375 0.7149594046875001 0.5546797171875 0.7124133171875 0.5648502125 0.71799038125 0.565991475 0.7391031406249999 0.5582258234374999 0.74873705 0.5509002875 0.751617321875 0.5459115109375 0.7455742921875 0.5390967140625 0.739248775 0.515489565625 0.7292100593749999 0.5134352921875001 0.723176490625 0.5145248578125
3 0.592224115625 0.16744682500000002 0.5822560218749999 0.1695906421875 0.5733421796875 0.175668984375 0.5694171171875 0.1846275953125 0.5707349328125 0.1895457515625 0.5776909734375 0.19189889843750002 0.6030112812499999 0.19196698437499998 0.6131111578125 0.1903149828125 0.6267502125 0.186133284375 0.633828571875 0.181073884375 0.6308070578125 0.1776664859375 0.6075857921875001 0.1775630890625 0.592224115625 0.16744682500000002
4 0.517943571875 0.201055521875 0.5052881484375 0.204973659375 0.474936825 0.22154029375 0.473435528125 0.2277409546875 0.4676043640625 0.233520421875 0.4727343828125 0.2447968703125 0.47897035624999995 0.24839721093749997 0.48539926875 0.24878309375000002 0.502902228125 0.239349053125 0.5422802515625 0.201387171875 0.533225165625 0.1990693375 0.528570575 0.20137078437499997 0.517943571875 0.201055521875
4 0.7537055453125 0.31763338281250003 0.734296484375 0.3238882765625 0.72426723125 0.3297383671875 0.7307245296875 0.35383732968750004 0.7371629046875 0.3621275734375 0.7483781921875 0.360703825 0.7532351875 0.3630922828125 0.7610947765625 0.353079415625 0.7646856546875 0.33893908437500003 0.76020508125 0.3222173546875 0.7537055453125 0.31763338281250003
4 0.3441443 0.6108149625 0.34158875 0.6130810999999999 0.3358893671875 0.6193523812499999 0.3376731484375 0.629944071875 0.346069325 0.6298028296875 0.35440434062500004 0.6333678593750001 0.374472309375 0.6295720421875 0.38064712031250003 0.6368786546874999 0.39107171875 0.6325040125 0.4032706390625 0.6308167015625 0.4115961921875 0.6264773703125 0.413888178125 0.6232276015625 0.4060096671875 0.6174317484375 0.3886195671875 0.611548884375 0.3735309140625 0.6103206125 0.36309685625 0.6067908937500001 0.3441443 0.6108149625
4 0.68545621875 0.731792634375 0.6783072375 0.7326539453125 0.6730643578125 0.736694403125 0.6651953078124999 0.738802909375 0.6521540015625 0.7491499578124999 0.6469395062500001 0.7769034968749999 0.649372734375 0.7820499062499999 0.66013151875 0.7828569828124999 0.6758696171875 0.778639971875 0.6870142828125 0.7730181359375 0.6958575031249999 0.76274170625 0.700907440625 0.76191570625 0.7052984703125 0.7586306265625 0.705552571875 0.7517098984375 0.71544058125 0.737463634375 0.71378858125 0.727363759375 0.7072890468749999 0.7227797875 0.68545621875 0.731792634375
4 0.37189208906250004 0.44682343593749996 0.3527465890625 0.45406196093749995 0.33806274375 0.462213496875 0.3348577484375 0.46992491562499994 0.3394606421875 0.4792341015625 0.3515984015625 0.4812530625 0.37395835625 0.47420747656250006 0.38352164375000003 0.46268385468749995 0.3844958125 0.45451593125 0.382326146875 0.45035315468750003 0.37189208906250004 0.44682343593749996
4 0.329152615625 0.30699017500000003 0.3214153484375 0.309590496875 0.3157159625 0.3158617796875 0.3213636484375 0.321201128125 0.3336331890625 0.32371190625 0.3485194375 0.3202502734375 0.3504160796875 0.31552505937499997 0.3432576359375 0.3084820109375 0.329152615625 0.30699017500000003
4 0.462984584375 0.5389102015625 0.4463946359375 0.543882590625 0.43912333437499995 0.5521564453125001 0.43860566875 0.5580935453125 0.4455617078125 0.5604466890625 0.4571723421875 0.5604983890625 0.468975915625 0.5573356296875 0.4756494703125 0.5428964234375 0.462984584375 0.5389102015625
4 0.6419108453125 0.4118981 0.620270959375 0.4176964890625 0.61404445 0.422000509375 0.6190426875 0.43278514062499995 0.6338066171875 0.4367360546875 0.638329428125 0.433942790625 0.6507919109375 0.4332391109375 0.6556394453125 0.42772320625000004 0.6650804109374999 0.4236121296875 0.66842665 0.4242968859375 0.6734059671875 0.41927279687499996 0.6686101296875 0.41317806875 0.6602751140625001 0.40961304062500004 0.6419108453125 0.4118981