4 0.71137515625 0.32982071875 0.7032639078125 0.32191019375 0.687775375 0.324667128125 0.673375384375 0.3325452515625 0.6655626812500001 0.3411642328125 0.6621777921875001 0.350447821875 0.6631574796875 0.3550568953125 0.6759142484375 0.3646562671875 0.7011292359375 0.36732550937499997 0.70732673125 0.361190878125 0.7164737015625 0.34372418125 0.71137515625 0.32982071875
4 0.3039549078125 0.575927109375 0.31765615 0.5698032796875 0.33786384062499997 0.5489150390625 0.33416279531250004 0.5315029874999999 0.3299983171875 0.52703560625 0.3188743625 0.525118021875 0.3015529140625 0.529335065625 0.2767733421875 0.5287143000000001 0.26436074375 0.5308174234374999 0.2554138765625 0.5391422203125 0.252854196875 0.5573497734374999 0.26015784218750004 0.566502471875 0.2816613765625 0.576918946875 0.2958612671875 0.5781827234375 0.299527096875 0.5752625 0.3039549078125 0.575927109375
4 0.3168909609375 0.626703153125 0.3176353328125 0.6201218484375 0.30282794218750003 0.61095835 0.2920305515625 0.6105771203125 0.2592205671875 0.6175510984375 0.252433178125 0.6259521421875001 0.25304068125 0.633851865625 0.26401015625 0.6400843421875 0.2748075484375 0.64046556875 0.283817646875 0.6374799 0.2997415984375 0.63677144375 0.3116099234375 0.6321077265625 0.3168909609375 0.626703153125
4 0.1991097578125 0.6019594328125 0.20737548437500003 0.605555065625 0.2054793375 0.60167605 0.207312253125 0.6002159375 0.2117400640625 0.6008805484375 0.2143805828125 0.5981782609375 0.219243809375 0.6008913484375 0.224261515625 0.5992895453125 0.2333628625 0.5866498578125 0.245603375 0.5786954875 0.24671993125 0.5688235328125 0.2270493125 0.5569469453125 0.2184114 0.5566419640625 0.203140575 0.560423134375 0.1951557875 0.563190865625 0.1898747515625 0.5685954421875 0.1839405875 0.5709272999999999 0.1902365296875 0.5904640750000001 0.18724143124999998 0.60662315 0.1907984078125 0.60319080625 0.19420090625 0.6040733546875 0.1991097578125 0.6019594328125
4 0.3254136015625 0.7474654296875001 0.3322186 0.7492305234375001 0.32920589375 0.7552234609374999 0.34346901406249997 0.761826365625 0.348377865625 0.75971244375 0.354357653125 0.7525535750000001 0.364284209375 0.7488378484375 0.37497274687500004 0.748706959375 0.397547215625 0.7540784875 0.41563064375 0.7534462765625001 0.4203217875 0.750308115625 0.42877000781249996 0.7345957125 0.419089175 0.72434253125 0.40515261875 0.7192759843750001 0.3720616953125 0.71988659375 0.3495048328125 0.7246812031250001 0.3438972328125 0.7285494203125 0.3395782765625 0.7283969296875 0.3355226515625 0.7244416671875 0.33266442500000004 0.726119715625 0.331920053125 0.73270101875 0.3257225578125 0.7388356484374999 0.330585784375 0.7415487359374999 0.3310212015625 0.7435972125 0.3254136015625 0.7474654296875001
4 0.45720179375000003 0.8179402453125 0.46745491250000004 0.815760878125 0.462872625 0.8194111578125 0.4686523109375 0.8213941890625 0.467935953125 0.8129823437500001 0.470576471875 0.8102800578125 0.49114594218749996 0.8112604515624999 0.4988041671875 0.8069563609375001 0.49850561875 0.7904268562500001 0.5022170734375 0.7826796234375 0.48049582968750004 0.771238909375 0.44339490625 0.7630672484375001 0.43870376406249995 0.7662054109375 0.429956996875 0.765388309375 0.42618231093750003 0.7677964140625 0.4290125234375 0.7811115109375 0.42589096406250004 0.7865923312499999 0.4197390921875 0.7878999515625 0.4256276328125 0.7903951015625 0.42558200937499996 0.7952221109375001 0.4488272125 0.8138324921875 0.45720179375000003 0.8179402453125
4 0.6379096203125 0.8009398843750001 0.6424286765625 0.7919504765625 0.6345807609375 0.78023718125 0.6311782625 0.7793546359375 0.6222770171875001 0.7828524234375001 0.6015706765625 0.7963530578125 0.5817351734375 0.813950646875 0.5824691359374999 0.832528628125 0.5878766359375 0.8378023109375 0.591869028125 0.8364184437500001 0.59640569375 0.8375951734375 0.6032563140625 0.8345332593749999 0.6379096203125 0.8009398843750001
4 0.37248834999999997 0.37401997656249997 0.380645221875 0.3771034921875 0.387341365625 0.3783564671875 0.39975396406249997 0.37625334375 0.4025665671875 0.3794023046875 0.4140627078125 0.3780292390625 0.41800947656250004 0.38147238125 0.41805510156250003 0.37664537343750004 0.425232284375 0.375119815625 0.43306259531249996 0.3766669734375 0.4456296703125 0.37024896093750004 0.45333351562499996 0.3611178625 0.40785801250000003 0.348838446875 0.40046312031250003 0.3493397671875 0.3979770796875 0.3477271625 0.39522770625 0.34991733125 0.38999229375 0.350494896875 0.3848201078125 0.35641158906250003 0.37343282499999997 0.358296775 0.37203532500000003 0.3618053625 0.3625441859375 0.367569565625 0.36924032812499996 0.3688225390625 0.37248834999999997 0.37401997656249997
4 0.31788348437499997 0.389373396875 0.31790109218749996 0.399539534375 0.3245516125 0.40561952031250004 0.3436147296875 0.4095963828125 0.35521972343749997 0.40873543437500004 0.363513465625 0.397337921875 0.36166294374999997 0.388631896875 0.3577161734375 0.385188753125 0.345458053125 0.382976984375 0.31788348437499997 0.389373396875
4 0.24265311875 0.43373271874999997 0.25279738281249997 0.43104123281250006 0.263359459375 0.4202320828125 0.281534134375 0.4099458546875 0.30409099687499996 0.4051512453125 0.3108783859375 0.396750203125 0.31079754843749996 0.3812449359375 0.293195159375 0.37909861562499997 0.2686965265625 0.384841215625 0.2579623671875 0.38979911718750004 0.2412484203125 0.401915884375 0.227347078125 0.417181615625 0.22202041718749999 0.4274131984375 0.2255037546875 0.4438010109375 0.229541771875 0.437590134375 0.2365012453125 0.4350403390625 0.24092905781249999 0.43570495 0.24265311875 0.43373271874999997
4 0.4903424109375 0.2226487046875 0.47171471093750006 0.22072031875000003 0.47354762656249993 0.21926020781250002 0.46652491874999996 0.216470875 0.4596743 0.21953279062500003 0.4470896171875 0.2157846640625 0.4430972234375 0.21716853125000002 0.41182880781250003 0.2414783140625 0.4333955734375 0.2572339171875 0.45558025156250004 0.255729959375 0.48683825625 0.2565794609375 0.49604845624999994 0.2444518921875 0.49623095 0.22514385625000002 0.4903424109375 0.2226487046875