4 0.36865234375 0.3115234375 0.373046875 0.3115234375 0.38427734375 0.3017578125 0.3916015625 0.279296875 0.38720703125 0.2724609375 0.373046875 0.2607421875 0.359375 0.2626953125 0.3505859375 0.2685546875 0.35009765625 0.283203125 0.3544921875 0.2978515625 0.36083984375 0.306640625 0.36865234375 0.3115234375
4 0.4619140625 0.71875 0.47802734375 0.724609375 0.48779296875 0.7197265625 0.50146484375 0.7021484375 0.50537109375 0.689453125 0.50341796875 0.685546875 0.5048828125 0.681640625 0.501953125 0.66796875 0.48681640625 0.6455078125 0.47021484375 0.6455078125 0.46533203125 0.6484375 0.46142578125 0.658203125 0.4619140625 0.6748046875 0.45654296875 0.697265625 0.4560546875 0.708984375 0.4619140625 0.71875
4 0.5478515625 0.7392578125 0.5556640625 0.73046875 0.55810546875 0.720703125 0.55712890625 0.7119140625 0.5595703125 0.697265625 0.5576171875 0.685546875 0.5537109375 0.6796875 0.5478515625 0.677734375 0.53662109375 0.689453125 0.5341796875 0.69921875 0.5341796875 0.73046875 0.54052734375 0.73828125 0.5478515625 0.7392578125
4 0.47607421875 0.7841796875 0.47705078125 0.7900390625 0.49609375 0.7880859375 0.51025390625 0.7939453125 0.5078125 0.7900390625 0.50927734375 0.787109375 0.50830078125 0.7822265625 0.51318359375 0.775390625 0.50927734375 0.7763671875 0.50830078125 0.7744140625 0.509765625 0.7705078125 0.5078125 0.767578125 0.51123046875 0.763671875 0.5107421875 0.7587890625 0.5009765625 0.748046875 0.49609375 0.7353515625 0.4873046875 0.732421875 0.47265625 0.748046875 0.470703125 0.755859375 0.47119140625 0.7705078125 0.47216796875 0.7783203125 0.47607421875 0.7841796875
4 0.646484375 0.681640625 0.6474609375 0.6845703125 0.6533203125 0.6865234375 0.65771484375 0.693359375 0.6611328125 0.689453125 0.6630859375 0.689453125 0.66552734375 0.6953125 0.66845703125 0.689453125 0.67333984375 0.693359375 0.68212890625 0.681640625 0.68115234375 0.6767578125 0.67578125 0.669921875 0.67431640625 0.66015625 0.67626953125 0.650390625 0.685546875 0.630859375 0.6884765625 0.6142578125 0.6865234375 0.609375 0.673828125 0.5986328125 0.66259765625 0.60546875 0.6552734375 0.6171875 0.6494140625 0.6474609375 0.6494140625 0.6689453125 0.65185546875 0.6748046875 0.65087890625 0.6787109375 0.646484375 0.681640625
4 0.71630859375 0.607421875 0.720703125 0.611328125 0.720703125 0.6171875 0.72412109375 0.6123046875 0.728515625 0.61328125 0.75 0.595703125 0.75537109375 0.5888671875 0.75537109375 0.5791015625 0.7578125 0.583984375 0.7607421875 0.5791015625 0.7529296875 0.578125 0.7509765625 0.5751953125 0.755859375 0.556640625 0.75341796875 0.548828125 0.73828125 0.5458984375 0.73193359375 0.541015625 0.71728515625 0.55859375 0.70263671875 0.5908203125 0.70458984375 0.595703125 0.7021484375 0.603515625 0.70361328125 0.607421875 0.71630859375 0.607421875
4 0.77587890625 0.474609375 0.79296875 0.4775390625 0.798828125 0.4736328125 0.79833984375 0.4697265625 0.80029296875 0.4658203125 0.798828125 0.458984375 0.77490234375 0.4208984375 0.767578125 0.4150390625 0.75537109375 0.419921875 0.75390625 0.4228515625 0.75537109375 0.431640625 0.763671875 0.453125 0.77587890625 0.474609375
4 0.31591796875 0.5595703125 0.3203125 0.5654296875 0.31982421875 0.576171875 0.32275390625 0.578125 0.326171875 0.587890625 0.32861328125 0.58203125 0.333984375 0.580078125 0.33837890625 0.5732421875 0.3408203125 0.5673828125 0.34130859375 0.5556640625 0.3447265625 0.5537109375 0.345703125 0.54296875 0.349609375 0.5400390625 0.34521484375 0.5390625 0.34521484375 0.5322265625 0.34814453125 0.525390625 0.3447265625 0.5126953125 0.337890625 0.50390625 0.31787109375 0.54296875 0.31689453125 0.5498046875 0.31494140625 0.5517578125 0.31640625 0.5546875 0.31591796875 0.5595703125
4 0.36083984375 0.61328125 0.3623046875 0.6025390625 0.353515625 0.5927734375 0.34521484375 0.5927734375 0.34130859375 0.595703125 0.3369140625 0.6064453125 0.33740234375 0.6328125 0.3466796875 0.634765625 0.353515625 0.6298828125 0.36083984375 0.61328125
4 0.34521484375 0.720703125 0.353515625 0.7275390625 0.369140625 0.7275390625 0.3642578125 0.72265625 0.36328125 0.7158203125 0.36474609375 0.7119140625 0.36328125 0.7099609375 0.36279296875 0.7001953125 0.35498046875 0.6884765625 0.34912109375 0.669921875 0.34912109375 0.6484375 0.3427734375 0.640625 0.32861328125 0.6376953125 0.3232421875 0.6533203125 0.32373046875 0.6767578125 0.326171875 0.6875 0.333984375 0.705078125 0.34521484375 0.720703125
4 0.220703125 0.5185546875 0.2392578125 0.501953125 0.2421875 0.4814453125 0.2490234375 0.453125 0.23974609375 0.4423828125 0.22216796875 0.4384765625 0.21875 0.443359375 0.21337890625 0.4599609375 0.21240234375 0.4580078125 0.20849609375 0.4638671875 0.2099609375 0.470703125 0.2041015625 0.4814453125 0.20458984375 0.4853515625 0.220703125 0.5185546875