4 0.347213253125 0.27250660312499997 0.3386512203125 0.278892309375 0.33893404375 0.2937199625 0.3441459359375 0.3082892953125 0.351019165625 0.3168345703125 0.359164253125 0.3213551953125 0.36360041718749997 0.32112270625 0.374420125 0.31066068593749996 0.3806242734375 0.287577078125 0.3758261046875 0.2809020515625 0.36091121875 0.2698097265625 0.347213253125 0.27250660312499997
4 0.5162854265625 0.6881407046875 0.5126039703124999 0.6744806640625 0.49613440000000003 0.6525853359375 0.4793755625 0.653463628125 0.47460163906249997 0.656682315625 0.4711755375 0.666756853125 0.4725476046875 0.6835064171874999 0.4683150828125 0.7064866984375 0.46844275937499996 0.7183539875 0.474874796875 0.7279118812500001 0.49145102031250004 0.73298015 0.5010505828125 0.7275295640625 0.5139211 0.7090440796874999 0.5171920562500001 0.6960091765625 0.5150135671875 0.6921653531249999 0.5162854265625 0.6881407046875
4 0.5654726937500001 0.6835839125 0.5594543796875 0.6819203234375 0.548738103125 0.69435591875 0.546790721875 0.7043529609375 0.5484456140625 0.7359301781250001 0.5552671265625 0.7434886656249999 0.562712446875 0.744087971875 0.5701335203125 0.7347935640625 0.5720809015625 0.7247965234375 0.57062965 0.71596709375 0.5723184531250001 0.7010361125 0.5697262421875 0.689297984375 0.5654726937500001 0.6835839125
4 0.525062459375 0.7895990515625 0.529629521875 0.7824332125 0.5257379796875 0.7836266578125 0.5246487359375 0.781704746875 0.5259205953125 0.7776800984375 0.5237938203125 0.7748230625 0.5270373078125 0.770695084375 0.526285825 0.7657869765624999 0.5158588156249999 0.75544895 0.5102574468750001 0.7428790281250001 0.501229975 0.7403836421875 0.4872702125 0.756947215625 0.48571230625000006 0.76494485 0.48698094375 0.7797208390625 0.48838048125 0.7875634781249999 0.492634028125 0.79327755 0.4939301359375 0.7991466140625 0.5130500765625 0.796165584375 0.5276546703125 0.8013371812500001 0.5249832750000001 0.7975191875000001 0.5263068484375 0.794481328125 0.525062459375 0.7895990515625
4 0.6791758375 0.6934569578125 0.6818229859375 0.6873812359375 0.6869589171875 0.6910700671875001 0.695210659375 0.67876363125 0.6939662671875 0.673881353125 0.6881822843750001 0.6672579921875 0.6861864093750001 0.65746760625 0.6876408828125 0.6474963984375 0.695971809375 0.6272698250000001 0.6980500890625 0.6103394343749999 0.695819884375 0.6055088234375 0.682435434375 0.595325790625 0.6714605812500001 0.602827446875 0.6646875609375 0.6150563859375 0.6603758531249999 0.6459568015625 0.6615135921874999 0.667666140625 0.66428841875 0.6734577078124999 0.663509465625 0.677456525 0.65922845 0.680649378125 0.6603694109375 0.683558078125 0.6663877234375 0.68522166875 0.6711858953125 0.691896696875 0.6744293828125 0.6877687171875 0.6764010093749999 0.6876653890625 0.6791758375 0.6934569578125
4 0.7642337453125 0.5811439390625 0.7637165921875 0.5712760593749999 0.766439703125 0.5760808374999999 0.7691385687500001 0.5709919046875 0.7612003406250001 0.57041843125 0.75907356875 0.567561396875 0.76302004375 0.5485540999999999 0.7601417859375 0.5407889578125 0.744706525 0.5386293890625 0.7380401562500001 0.5340312671875 0.724183825 0.5525684171874999 0.711103221875 0.5859073890625 0.713333428125 0.590738 0.711282615625 0.598761465625 0.7129681984375 0.602631121875 0.7257837796875 0.6019594859375 0.7304268046875 0.6056741484375 0.730737096875 0.6115948765625 0.7339288671875 0.6064801109375 0.738416746875 0.607234409375 0.7591737765625 0.588335609375 0.7642337453125 0.5811439390625
4 0.7750549796875 0.41038310312500004 0.767351084375 0.40484985625 0.7552869859375 0.41042960156249997 0.7539634109375 0.4134674625 0.7559075703125 0.422271059375 0.765424728125 0.44354125 0.7788851390625 0.46460478437499997 0.7962920312499999 0.46666102187499997 0.8020000515625 0.462403884375 0.801300284375 0.4584825640625 0.8030650515625 0.45443208281249997 0.8012243218749999 0.4476020640625 0.7750549796875 0.41038310312500004
4 0.3383895859375 0.5945560015625 0.342463740625 0.58741599375 0.3446179828125 0.58136610625 0.34449030625 0.569498815625 0.3478372234375 0.567344415625 0.34825416875 0.5564380812499999 0.352042278125 0.5532710609375 0.3475544015625 0.5525167609375 0.34719239375 0.5456092453125 0.34978782812500003 0.5385467359375 0.345665178125 0.525899315625 0.33829904375000003 0.5173798734374999 0.320158471875 0.5579105140625 0.319534665625 0.564869696875 0.31766646875000004 0.5669466015625 0.3193003359375 0.56982946875 0.31906600625000003 0.574789240625 0.323812459375 0.5804774796875 0.3238884234375 0.59135798125 0.3269492953125 0.5931765640625 0.3309167984375 0.60286361875 0.33307104062500004 0.5968137312499999 0.3383895859375 0.5945560015625
4 0.344632565625 0.64766173125 0.354101228125 0.649144496875 0.3607433484375 0.64384890625 0.3672577921875 0.6266860265624999 0.36816764375 0.6157538609375 0.35877816406249996 0.606350959375 0.350398746875 0.60679010625 0.3466106375 0.609957128125 0.3427433421875 0.6210442859375 0.344632565625 0.64766173125
4 0.3748421484375 0.7242488859375 0.3738320890625 0.7144068359375 0.36532499375 0.70297869375 0.3584275171875 0.68453970625 0.357289778125 0.6628303703125 0.350468265625 0.6552718828125 0.3360188171875 0.6530606515625 0.331424284375 0.6691334140625 0.33315836249999997 0.6927904953125 0.336191765625 0.7035160031250001 0.345009153125 0.7208648734375 0.3571734609375 0.7360593453125001 0.3659148859375 0.7425277140625 0.38168790937499997 0.741701084375 0.37650026406250003 0.7370254671875001 0.375152440625 0.7301696140625 0.3764243 0.726144965625 0.3748421484375 0.7242488859375
4 0.2148233875 0.46250205937500005 0.2102805734375 0.47956161093749994 0.20919132812500002 0.47763969843750004 0.2055583640625 0.483767084375 0.20739909218750002 0.4905971046875 0.202053078125 0.501761759375 0.202752846875 0.5056830796875 0.2207770984375 0.5383814140625 0.23862840312500003 0.5206243921875 0.240499821875 0.4997468515625 0.24590077500000002 0.470768346875 0.23596667187499998 0.46040448749999996 0.2180151609375 0.45738729375 0.2148233875 0.46250205937500005