3 0.5524750171874999 0.7613336640624999 0.5582515 0.759593640625 0.590992809375 0.744951340625 0.6004198625 0.7362890265625001 0.5985449078125 0.72746805625 0.5915184546875001 0.723327434375 0.5782988625 0.71896661875 0.559511115625 0.7173259359374999 0.54883409375 0.7201076015625001 0.5372384984374999 0.7282064625 0.52120165 0.73468836875 0.519198803125 0.739723840625 0.5243454796875 0.7591176671875 0.5282232796875 0.7629031671875001 0.5524750171874999 0.7613336640624999
3 0.5140440359375 0.34438083124999996 0.52895398125 0.3422360140625 0.5530211171875 0.325339909375 0.5576517921875 0.318209290625 0.5551092234375 0.3110668109375 0.54503828125 0.3070611203125 0.523101884375 0.30506531406250004 0.516136965625 0.306033559375 0.5021644968750001 0.3125888609375 0.49448933281249996 0.319854409375 0.49880269374999997 0.33532780624999997 0.5140440359375 0.34438083124999996
4 0.52347918125 0.7116677 0.5520680062500001 0.7112250984374999 0.5531949078125 0.706888009375 0.5587630625 0.704167878125 0.563497903125 0.6975273140625 0.5762819359375 0.6902002328125 0.5802449968750001 0.6847481046875 0.5803113546875001 0.6657827984375 0.5684885265624999 0.6631738703125001 0.5525984734375 0.665527015625 0.536083434375 0.6649398375 0.5193174375 0.6679913671875 0.5022578515625 0.6793004140625001 0.510363753125 0.7077969375000001 0.512948953125 0.7103206046875 0.52347918125 0.7116677
4 0.27298940156249996 0.4488868234375 0.29728376875 0.4426985078125 0.30758676406249996 0.43333781250000003 0.3034817296875 0.418844521875 0.2941825703125 0.41365039374999996 0.27668742343749997 0.4132715453125 0.273226278125 0.4114462625 0.250390209375 0.42449533281249996 0.2441118109375 0.4335127671875 0.2480511453125 0.4424071359375 0.2574544703125 0.44809131718749995 0.27298940156249996 0.4488868234375
4 0.53230575 0.47366980156249994 0.538603053125 0.4743800484375 0.5483426 0.46718789843749997 0.5500329515625 0.46068226562500003 0.5472394234375 0.45717849062499993 0.5180682437499999 0.4500619546875 0.49948882499999997 0.44940137968749994 0.48881180312500006 0.45218304531250003 0.4935655484375 0.4552701640625 0.48119817343750004 0.4645574609375 0.47909116249999995 0.469102878125 0.486387478125 0.479332475 0.4949574890625 0.4810962265625 0.5211694421875 0.479110065625 0.53230575 0.47366980156249994
4 0.7210313875 0.31575015156249997 0.7214906734375 0.3130915546875 0.7117985828125 0.29159071718749996 0.70864993125 0.29123559375 0.7104018187500001 0.28983882968749997 0.7057096078125 0.291860578125 0.6618557140625 0.2975966484375 0.6477790828125001 0.303661896875 0.643503528125 0.30764386250000003 0.6465053859375 0.3121277453125 0.67367371875 0.32427975 0.7210313875 0.31575015156249997
4 0.37580986250000004 0.672372915625 0.3896781671875 0.6653275578125 0.4282385890625 0.64432641875 0.44673757031249994 0.630150446875 0.45076216718750006 0.6298071875 0.45426594062500003 0.6270136578125001 0.45013718125 0.6268668625 0.43203595312500004 0.633275371875 0.416543653125 0.6278610515625 0.409578734375 0.6288292953125 0.388077896875 0.6385213875 0.3677039609375 0.643876390625 0.35054020937499997 0.654695384375 0.310980775 0.6661771703125 0.2979884140625 0.67252414375 0.29392118906250003 0.6774862171875 0.29846660625 0.6795932265625 0.32215489218750004 0.68019226875 0.329995753125 0.6785256421875 0.3333953640625 0.6752420578125 0.3451566578125 0.6727421171875 0.37580986250000004 0.672372915625
4 0.2818811625 0.5099967671875001 0.288429425 0.5070683078125 0.299253240625 0.5001578828125 0.30542747812500004 0.4906503921875 0.2918527625 0.48943822968750006 0.2890592328125 0.48593445625 0.2781738828125 0.4877360125 0.2612184609375 0.4995351140625 0.26019572343749997 0.5043622562500001 0.2698073765625 0.5110265453125 0.2818811625 0.5099967671875001
4 0.318799075 0.36078388906250003 0.33721279531250004 0.35584554218750003 0.3448264265625 0.3434711265625 0.34182456875 0.3389872453125 0.3361948796875 0.336598509375 0.331710996875 0.3396003671875 0.32097244062499997 0.3372731640625 0.310252790625 0.34467364375 0.305413784375 0.350824153125 0.3082688484375 0.3594367953125 0.318799075 0.36078388906250003
4 0.43457891249999997 0.53439346875 0.44025122968749997 0.5321633921875 0.4481347234375 0.52587795 0.43977786406249997 0.5010201328125 0.4274531171875 0.5056886171875 0.42730632343749997 0.5098173765625 0.41420979999999996 0.515674296875 0.4059711828125 0.5251083890625 0.40701282499999997 0.530008928125 0.4180638734375 0.5338062906250001 0.43457891249999997 0.53439346875
4 0.45012714843749996 0.781039596875 0.45940740468749997 0.77650604375 0.46501818906250003 0.7691670984375001 0.46408071093750003 0.7647566140625 0.452821334375 0.7599791421875 0.441935984375 0.7617807 0.42445974375000006 0.7711295312499999 0.42633469843749994 0.7799505015625 0.4319643859375 0.7823392375 0.4393459609375 0.7833312078125 0.45012714843749996 0.781039596875
4 0.3785752296875 0.608272975 0.394152790625 0.60444966875 0.4002228625 0.594452125 0.3994937125 0.591021746875 0.388546828125 0.5877144375000001 0.36404413281250003 0.592922646875 0.35420042500000004 0.59962474375 0.358494884375 0.6053704609375 0.368461659375 0.6088860984375 0.3785752296875 0.608272975
4 0.307444015625 0.6254411625 0.32431417812499996 0.6228796875 0.3323444640625 0.6124654875 0.323921246875 0.6065729765625 0.323963878125 0.6019541640625 0.333703421875 0.5947620125 0.33395438125 0.5911233078125 0.3114545296875 0.5912960453125 0.293874125 0.6001548234375 0.2922642078125 0.6214970046875 0.307444015625 0.6254411625