3 0.47717431875000005 0.7536805828124999 0.47193126718749995 0.759821675 0.47301938593750004 0.7686836953125 0.48463660781250006 0.77375411875 0.52000678125 0.776907559375 0.5259752453125001 0.7766744812499999 0.5491841390625 0.770326490625 0.5515940859375 0.7655327734374999 0.5501607125 0.7457184953125 0.546662646875 0.7416501921875 0.5295605703125 0.740751521875 0.5160949140625 0.736907571875 0.50520310625 0.737745159375 0.48814402812499996 0.7453370765625 0.47717431875000005 0.7536805828124999
3 0.3849265296875 0.36869999999999997 0.4129029609375 0.37675933437500003 0.42755209218749995 0.3739611328125 0.438901959375 0.36057337968750003 0.43795219531249996 0.344697778125 0.4284252140625 0.3403702171875 0.41323202343750004 0.338737409375 0.40639979375 0.3400760578125 0.3865076140625 0.34901535 0.37837100625 0.35601148125000004 0.378293103125 0.3635174 0.3849265296875 0.36869999999999997
4 0.475292240625 0.713931125 0.48075964375 0.7177576250000001 0.4950890671875 0.7204960046875 0.5016620406250001 0.7251862703125 0.5077514062499999 0.7259378609375 0.510204353125 0.72963473125 0.5371101171875 0.72083379375 0.5465336484375001 0.71617843125 0.5481402796875 0.7129826203125 0.546543003125 0.6836930859375 0.5269275312499999 0.6786052125 0.5102486125000001 0.68115288125 0.49497752031250003 0.687025990625 0.479343721875 0.68994509375 0.469116875 0.6961983609375 0.475292240625 0.713931125
4 0.6494989203125 0.3906880921875 0.6621612609375 0.3961299484375 0.686898884375 0.39409206406249997 0.7011853078125 0.3883398578125 0.7081558921875 0.37998762343750003 0.708976659375 0.37039146562499997 0.70019254375 0.3639736671875 0.67460860625 0.3591188703125 0.6719568546875 0.3619432484375 0.6557010937500001 0.367937259375 0.6486700578125 0.37579715937499997 0.6494989203125 0.3906880921875
4 0.45784995000000006 0.47419045000000004 0.4328356203125 0.49025550312500005 0.43134989218750003 0.49443598125 0.4350293109375 0.4999812875 0.446465178125 0.5035747078125 0.4521313875 0.5008799578125 0.46431011875 0.5023831390625 0.4894883515625 0.49579334375000006 0.49694254375 0.491379784375 0.5004755125 0.4794515828125 0.4970378984375 0.47587561406249995 0.48246667031249996 0.47116789687500005 0.4859217375 0.46674561406250004 0.4750299296875 0.4675832015625 0.45784995000000006 0.47419045000000004
4 0.2254101828125 0.3882861453125 0.2232675875 0.4115380375 0.2245545125 0.41387880781249997 0.2716372609375 0.40659850156250005 0.293153525 0.386465146875 0.294518353125 0.38130000000000003 0.28923230312500003 0.378950503125 0.2740995640625 0.377810028125 0.23119729375000003 0.3865760625 0.2261530484375 0.3861959046875 0.2282432875 0.38693876875 0.2254101828125 0.3882861453125
4 0.680640575 0.6117549640625 0.6610855531250001 0.6071594234375 0.64028660625 0.6087136984375 0.6170347125 0.6065711046875 0.6102024828125 0.6079097531250001 0.5974447875 0.61797206875 0.5784338250000001 0.6178075359374999 0.5746160515625001 0.6192758140625 0.57879653125 0.6207615421875 0.5826747546875 0.6197855999999999 0.604561821875 0.62709334375 0.6474291875 0.6343238140625 0.662682828125 0.63644895625 0.6914974796875 0.6269138812499999 0.7033135046875 0.62546305625 0.7075544359375 0.62744111875 0.7154317859375 0.6264739015624999 0.73741420625 0.618277475 0.7409901750000001 0.614839859375 0.7355832234374999 0.6115056937500001 0.7213747015624999 0.6097519828125 0.680640575 0.6117549640625
4 0.6911990046875001 0.4535348984375 0.698273040625 0.4541655859375 0.7099077125 0.45123775781250003 0.71675739375 0.44190085625000003 0.714243996875 0.43771165156249997 0.6945680734375 0.432131440625 0.6837971671874999 0.4339536984375 0.6823114390625 0.438134178125 0.6699943515625 0.44364458124999995 0.67883891875 0.45055471562499994 0.6911990046875001 0.4535348984375
4 0.596786128125 0.32769420625 0.6156157359375001 0.3263817359375 0.6250392671875 0.3217263734375 0.6249358171875 0.3127434515625 0.61842329375 0.3085455203125 0.6060027578125 0.3050730015625 0.596700128125 0.31071303281249996 0.5915349796875 0.30934820625000004 0.58703479375 0.31339905625000003 0.5856699671875 0.3185642046875 0.596786128125 0.32769420625
4 0.5571618843749999 0.52596535625 0.5631908 0.5262246125 0.5784618921875 0.520351503125 0.5875831687499999 0.5132344671875 0.5869786578125 0.5083111234375 0.576225203125 0.5021351296875001 0.5620771328124999 0.500873753125 0.56060885625 0.49705597968750004 0.5475663578125001 0.4966583703125 0.5477558078125 0.522622465625 0.5571618843749999 0.52596535625
4 0.617990053125 0.760878671875 0.628138996875 0.7621313234375 0.6389703531250001 0.7608014 0.645560778125 0.7574934125 0.6500609671875 0.7534425609375 0.648972846875 0.7445805421875 0.6295991765625 0.741462003125 0.6188282734375 0.7432842609375 0.6098278984375 0.7513859640625 0.6103719578125 0.7558169734375 0.617990053125 0.760878671875
4 0.6394321953125 0.577333925 0.6490975296875 0.5746479 0.6572945875 0.5681441031250001 0.65946273125 0.5613810484374999 0.6480873140625001 0.5582799640625 0.62347059375 0.5613025171875 0.6142888671875 0.5679272156249999 0.6147120234375001 0.57137355625 0.6236170421875 0.578776025 0.6394321953125 0.577333925
4 0.6949363546875 0.5735174125 0.711554821875 0.5704774078125 0.7244938703125 0.5618920968750001 0.7161073640625 0.5424317984375 0.6967941468750001 0.5398055953124999 0.6756754921875 0.54689645 0.67708331875 0.550221890625 0.6885191859375001 0.5538153109375 0.6900479140625 0.55812541875 0.6840619984375 0.56635675 0.6949363546875 0.5735174125