3 0.26025390625 0.521484375 0.2646484375 0.5185546875 0.267578125 0.501953125 0.27294921875 0.4892578125 0.2734375 0.478515625 0.26806640625 0.4609375 0.26123046875 0.44921875 0.255859375 0.443359375 0.2470703125 0.443359375 0.24072265625 0.4541015625 0.2333984375 0.48828125 0.23291015625 0.494140625 0.236328125 0.517578125 0.24072265625 0.5205078125 0.26025390625 0.521484375
3 0.6708984375 0.451171875 0.67431640625 0.4365234375 0.673828125 0.4296875 0.66748046875 0.4091796875 0.66162109375 0.400390625 0.654296875 0.3994140625 0.6484375 0.4052734375 0.63720703125 0.431640625 0.63818359375 0.4462890625 0.64990234375 0.458984375 0.66552734375 0.4599609375 0.6708984375 0.451171875
4 0.3212890625 0.525390625 0.32861328125 0.5068359375 0.328125 0.490234375 0.32421875 0.474609375 0.3232421875 0.458984375 0.318359375 0.4482421875 0.30029296875 0.4521484375 0.2958984375 0.45703125 0.29150390625 0.470703125 0.2861328125 0.4765625 0.28466796875 0.482421875 0.28076171875 0.484375 0.2861328125 0.51171875 0.28955078125 0.521484375 0.29248046875 0.5234375 0.3212890625 0.525390625
4 0.60791015625 0.7216796875 0.615234375 0.7138671875 0.623046875 0.689453125 0.62060546875 0.6865234375 0.61669921875 0.669921875 0.60986328125 0.662109375 0.59521484375 0.6611328125 0.58837890625 0.6728515625 0.58740234375 0.697265625 0.59130859375 0.7119140625 0.5986328125 0.7197265625 0.60791015625 0.7216796875
4 0.51513671875 0.5 0.5263671875 0.5048828125 0.5302734375 0.501953125 0.53662109375 0.48828125 0.54052734375 0.4921875 0.541015625 0.4814453125 0.53662109375 0.4638671875 0.52392578125 0.4375 0.52001953125 0.435546875 0.51416015625 0.4384765625 0.50927734375 0.44921875 0.51123046875 0.455078125 0.50830078125 0.466796875 0.51171875 0.4921875 0.51513671875 0.5
4 0.64697265625 0.3154296875 0.64990234375 0.310546875 0.65283203125 0.2958984375 0.6494140625 0.2529296875 0.650390625 0.248046875 0.6494140625 0.25 0.6484375 0.2470703125 0.6259765625 0.2421875 0.62353515625 0.2431640625 0.625 0.2900390625 0.64208984375 0.3134765625 0.64697265625 0.3154296875
4 0.35693359375 0.689453125 0.35693359375 0.697265625 0.3623046875 0.7197265625 0.365234375 0.7236328125 0.369140625 0.71875 0.37255859375 0.705078125 0.37548828125 0.6650390625 0.38232421875 0.646484375 0.38330078125 0.6259765625 0.38818359375 0.603515625 0.3876953125 0.5966796875 0.37939453125 0.5830078125 0.3818359375 0.564453125 0.380859375 0.560546875 0.37890625 0.564453125 0.37939453125 0.568359375 0.36962890625 0.5888671875 0.357421875 0.6298828125 0.353515625 0.64453125 0.359375 0.673828125 0.359375 0.685546875 0.35693359375 0.689453125
4 0.54150390625 0.71875 0.54931640625 0.7001953125 0.548828125 0.689453125 0.544921875 0.6875 0.541015625 0.6748046875 0.533203125 0.6826171875 0.52880859375 0.6943359375 0.52734375 0.701171875 0.52880859375 0.712890625 0.537109375 0.720703125 0.54150390625 0.71875
4 0.67919921875 0.640625 0.68408203125 0.62890625 0.6796875 0.619140625 0.681640625 0.6142578125 0.67822265625 0.609375 0.67333984375 0.607421875 0.6630859375 0.6171875 0.662109375 0.6357421875 0.66552734375 0.6455078125 0.67431640625 0.646484375 0.67919921875 0.640625
4 0.48779296875 0.5859375 0.4951171875 0.576171875 0.498046875 0.5625 0.501953125 0.5615234375 0.50390625 0.548828125 0.478515625 0.5458984375 0.47412109375 0.5546875 0.47314453125 0.560546875 0.47705078125 0.576171875 0.48291015625 0.5859375 0.48779296875 0.5859375
4 0.24072265625 0.6181640625 0.24951171875 0.6181640625 0.2548828125 0.599609375 0.25439453125 0.5888671875 0.24755859375 0.5791015625 0.2431640625 0.5791015625 0.2373046875 0.5859375 0.23486328125 0.595703125 0.23486328125 0.6064453125 0.2373046875 0.61328125 0.24072265625 0.6181640625
4 0.42724609375 0.650390625 0.431640625 0.6396484375 0.431640625 0.615234375 0.42626953125 0.60546875 0.4228515625 0.60546875 0.41455078125 0.61328125 0.4140625 0.62890625 0.41552734375 0.638671875 0.4208984375 0.6474609375 0.42724609375 0.650390625
4 0.44384765625 0.689453125 0.439453125 0.66796875 0.43603515625 0.6689453125 0.43115234375 0.6796875 0.4267578125 0.6806640625 0.41943359375 0.673828125 0.4111328125 0.68359375 0.412109375 0.7001953125 0.4189453125 0.7138671875 0.43896484375 0.7080078125 0.44384765625 0.689453125