2 0.49956056562500006 0.590847446875 0.4951768921875 0.605585015625 0.5013480890625 0.626441253125 0.5201795265625 0.6540424 0.525500196875 0.653104221875 0.5277200703125 0.648722909375 0.5369711140625 0.61916248125 0.5384526046875 0.6049366453125 0.523715034375 0.600552971875 0.5137583671875 0.5893414640625 0.5079259625 0.5873774578125001 0.49956056562500006 0.590847446875
4 0.64940670625 0.26119400625 0.639707084375 0.24295486875 0.6312575796875 0.23746244062500002 0.600473890625 0.22693087968749998 0.5995345328125 0.23008893281249998 0.602520825 0.2385396171875 0.6087224203125 0.245425884375 0.610881496875 0.2689845125 0.6189314125 0.28352464843749997 0.6316196859375001 0.293257028125 0.646102571875 0.28771088906250003 0.650570353125 0.2819357390625 0.6488645749999999 0.2722617921875 0.64940670625 0.26119400625
4 0.3638783234375 0.1409726328125 0.35588211875 0.149364884375 0.3588403765625 0.15482809687500002 0.3594642515625 0.169680171875 0.3627356296875 0.1740907015625 0.3690517296875 0.17596941875 0.397248715625 0.1690025828125 0.40183100312500003 0.15821988125 0.40200394375000004 0.142229834375 0.3984194484375 0.13887198750000002 0.3751459046875 0.136990909375 0.3638783234375 0.1409726328125
4 0.1026696546875 0.478292625 0.08454148125 0.5084208593749999 0.07887729375 0.5243816890625 0.07534887031250001 0.526998790625 0.08066954062500001 0.5260606125 0.086700559375 0.5319794859375 0.10465343125 0.5347987437499999 0.11438581249999999 0.52211046875 0.11529949531250001 0.4990075015625 0.11052095625 0.4888778953125 0.10964003124999999 0.48105344843750003 0.1026696546875 0.478292625
4 0.371170353125 0.6942813453125 0.3670741234375 0.6880213171875 0.35734410625 0.6837521484375 0.349946103125 0.6870515609375001 0.3478687734375 0.6894127937500001 0.35116818437499997 0.696810796875 0.354266621875 0.7172113718750001 0.35901712343750003 0.7243535078125001 0.36564634375 0.725179540625 0.37477815937500003 0.73454155 0.3824892828125 0.7301894546875001 0.377512128125 0.716104978125 0.3729322015625 0.7099302375 0.371170353125 0.6942813453125
4 0.42977711406249997 0.72683869375 0.42522522343749997 0.7236514265625 0.42664827812499995 0.7204080875 0.42354748124999997 0.7169649515625001 0.4243162625 0.7128395078125 0.41404647499999997 0.7026806828125001 0.41213972187500003 0.7060093109375 0.40630731718749996 0.7040453046875 0.4004164796875 0.7130637953125001 0.3985657984375 0.7223673703125 0.39372882656249997 0.7232202578125 0.39278946718749996 0.726378309375 0.3951495203125 0.7369343609375 0.4015801265625 0.7338055265625 0.4082934546875 0.7435939796875 0.4113077828125 0.7550321375 0.427381940625 0.7641674968750001 0.4331863078125 0.7631440296875 0.43588987812499996 0.758677428125 0.43444114687499996 0.741975853125 0.4304874609375 0.7336957453124999 0.42977711406249997 0.72683869375
4 0.396264484375 0.4943520390625 0.3863919234375 0.49210295000000004 0.36058538906250004 0.495655865625 0.3556876203125 0.5244486937499999 0.3578770953125 0.5340373515625 0.35744946875 0.5400975859375 0.3638216421875 0.54795125 0.374661596875 0.5500297609375 0.383569125 0.5354919859375 0.395320403125 0.531424975 0.39765478125 0.5220361125 0.395834496875 0.517369715625 0.398481996875 0.50692816875 0.396264484375 0.4943520390625
4 0.4204047828125 0.60580221875 0.428457059375 0.6033849124999999 0.42982404374999994 0.594166628125 0.424818853125 0.5770946796875001 0.41861725937500005 0.5702084109375 0.41378028437500003 0.5710613 0.40908349218750006 0.586851553125 0.41078927031249995 0.5965255 0.4204047828125 0.60580221875
4 0.614374190625 0.727205828125 0.6272938375 0.709965665625 0.632901953125 0.6880298875 0.6216647703125 0.6780416421875 0.6084063296875 0.6763895734375 0.6008657859375 0.6817090640625 0.59571333125 0.700572078125 0.5994660421875 0.721854759375 0.614374190625 0.727205828125
4 0.7617782265625 0.56755325625 0.7535600953125 0.5350882828125 0.746419140625 0.531360065625 0.7330742296875 0.537703021875 0.7358619078124999 0.5421988390625 0.7343523828125 0.553437203125 0.73568896875 0.5581888859374999 0.7349762609375 0.568289278125 0.7379905875 0.5797274375 0.74618304375 0.59224749375 0.746381659375 0.5962023624999999 0.754120815625 0.5948377390624999 0.7629138375 0.5853075171875 0.7617782265625 0.56755325625
4 0.71841635 0.36971987031250003 0.71414954375 0.36249244687500004 0.6772250546875 0.31713468125 0.669144740625 0.3165645125 0.6614896921875 0.32689155312499996 0.6599240953125001 0.332154971875 0.6660392203125001 0.3470362640625 0.688424753125 0.3919652234375 0.6972714843750001 0.4053673875 0.7021364953125 0.4075019703125 0.7159651031250001 0.4010737265625 0.7176732421875001 0.39379023125 0.7164791984375001 0.38701846875 0.720776403125 0.380275921875 0.71841635 0.36971987031250003
4 0.0456984296875 0.5511789328125001 0.0697079953125 0.5798619781250001 0.0776738015625 0.585439696875 0.0868920875 0.58680668125 0.0866654375 0.579864340625 0.08018111875 0.5600607859375 0.06376580937500001 0.5489906390625 0.059099412500000004 0.5508109218749999 0.0469509078125 0.5469681984375 0.0456984296875 0.5511789328125001
4 0.43582230156249996 0.6310129124999999 0.4448396109375 0.645382471875 0.44776746875000006 0.664815653125 0.45283109218749995 0.67090510625 0.45536172343750003 0.6824285515625 0.46039730937499995 0.68553053125 0.464068275 0.6808933515625 0.46717143437499997 0.66737904375 0.4674588796875 0.6463814453125 0.46575310156249994 0.6367075 0.4631360015625 0.6331790749999999 0.45864490625 0.6020518703125 0.45984131250000004 0.5918661890625 0.45688305781249994 0.586402978125 0.45987171250000003 0.5778962203125 0.45822200625000004 0.57419721875 0.45947448281250003 0.5699864859375 0.4560348921875 0.5476511203125 0.46087422812499995 0.5298407875 0.46306842656249997 0.5055145609375 0.4581753796875 0.5003925031249999 0.44218533281249994 0.5002195640625 0.43182435156250004 0.5319706484375 0.43347405625 0.53566965 0.4323641203125 0.5378603046875 0.43526394375 0.5543060140625 0.44291663124999997 0.560936415625 0.4454192265625 0.569472390625 0.44140474375 0.589132221875 0.44305445 0.5928312234375 0.4418580421875 0.6030169015625 0.43741829687499995 0.6117795265625 0.43582230156249996 0.6310129124999999
4 0.5418688828125 0.590369653125 0.547418565625 0.5794163734375 0.5569827296875001 0.5488032625 0.559090459375 0.5324720593750001 0.5582095328125 0.5246476125 0.5555924328125 0.5211191890625 0.5574991859375 0.5177905609375 0.5506713515625 0.513009659375 0.5491641875 0.50729058125 0.54688824375 0.5056969484375 0.514595028125 0.5064037515625001 0.505631428125 0.51496658125 0.5046056 0.52611965625 0.5008201296875 0.535764384375 0.5002779984375 0.546832171875 0.496492528125 0.5564769 0.49671917656250003 0.563419240625 0.499677434375 0.568882453125 0.500102696875 0.5797796609375 0.5022361 0.583393371875 0.5087227796875 0.586239484375 0.5172587531249999 0.5837368890625 0.5186818093750001 0.58049355 0.5251684890625 0.5833396625 0.5280426359375 0.57984045625 0.5418688828125 0.590369653125
4 0.5561693812499999 0.66864333125 0.5589594203125 0.65618170625 0.55810653125 0.6513447328125 0.5517343578125 0.6434910703125001 0.5436540453125 0.642920903125 0.5319027671875001 0.6469879140625 0.52632505 0.654953721875 0.513942809375 0.6950409843750001 0.50617325625 0.7103755765625 0.5189199640625 0.7091254609375001 0.5217076406250001 0.713621278125 0.5317507796875 0.7168377625 0.5340851578125 0.7074488984375 0.5461215187499999 0.69934173125 0.5499069890625 0.6896970015624999 0.5504491203125 0.678629215625 0.5561693812499999 0.66864333125
4 0.49778926874999996 0.6430283234374999 0.49844590625 0.6269529875 0.49412302812500003 0.6137506171875 0.49230510625 0.5921267796875 0.485904896875 0.58128564375 0.478252209375 0.5746552421875 0.4768852265625 0.5838735265625 0.4722188296875 0.5856938109375001 0.47073733906250004 0.599919646875 0.4728987796875 0.6065208328125 0.4731207046875 0.64737805625 0.4773010421875 0.6626005046875 0.48444199687499995 0.6663287234374999 0.490017353125 0.6753203578125 0.4935738109375 0.6756907296875 0.496447959375 0.6721915234375 0.4951113734375 0.667439840625 0.5000067796875001 0.6556044546875001 0.49778926874999996 0.6430283234374999