2 0.50146484375 0.6484375 0.515625 0.62109375 0.51953125 0.607421875 0.505859375 0.6005859375 0.498046875 0.587890625 0.49267578125 0.5849609375 0.48388671875 0.5869140625 0.47705078125 0.6005859375 0.4794921875 0.6220703125 0.4931640625 0.65234375 0.49853515625 0.65234375 0.50146484375 0.6484375
4 0.6484375 0.291015625 0.65380859375 0.306640625 0.66455078125 0.318359375 0.6796875 0.3154296875 0.68505859375 0.310546875 0.68505859375 0.30078125 0.6875 0.2900390625 0.68115234375 0.2705078125 0.673828125 0.263671875 0.6455078125 0.248046875 0.64404296875 0.2509765625 0.6455078125 0.259765625 0.650390625 0.267578125 0.6484375 0.291015625
4 0.427734375 0.158203125 0.45654296875 0.15625 0.462890625 0.146484375 0.4658203125 0.130859375 0.462890625 0.126953125 0.4404296875 0.12109375 0.4287109375 0.123046875 0.41943359375 0.1298828125 0.42138671875 0.1357421875 0.41943359375 0.150390625 0.421875 0.1552734375 0.427734375 0.158203125
4 0.08984375 0.4580078125 0.10693359375 0.4638671875 0.11865234375 0.453125 0.12353515625 0.4306640625 0.12060546875 0.419921875 0.12109375 0.412109375 0.11474609375 0.408203125 0.091796875 0.4345703125 0.08349609375 0.44921875 0.07958984375 0.451171875 0.0849609375 0.451171875 0.08984375 0.4580078125
4 0.3232421875 0.693359375 0.32958984375 0.6953125 0.3369140625 0.7060546875 0.34521484375 0.703125 0.3427734375 0.6884765625 0.33935546875 0.681640625 0.34033203125 0.666015625 0.33740234375 0.6591796875 0.32861328125 0.6533203125 0.32080078125 0.6552734375 0.318359375 0.6572265625 0.3203125 0.6650390625 0.31982421875 0.685546875 0.3232421875 0.693359375
4 0.369140625 0.732421875 0.38330078125 0.744140625 0.38916015625 0.744140625 0.392578125 0.740234375 0.39404296875 0.7236328125 0.3916015625 0.71484375 0.39208984375 0.7080078125 0.38818359375 0.7041015625 0.39013671875 0.701171875 0.3876953125 0.697265625 0.38916015625 0.693359375 0.380859375 0.681640625 0.37841796875 0.6845703125 0.373046875 0.681640625 0.36572265625 0.689453125 0.3623046875 0.6982421875 0.357421875 0.6982421875 0.35595703125 0.701171875 0.3564453125 0.7119140625 0.36328125 0.7099609375 0.3681640625 0.720703125 0.369140625 0.732421875
4 0.36865234375 0.525390625 0.3798828125 0.5126953125 0.39208984375 0.5107421875 0.39599609375 0.501953125 0.39501953125 0.4970703125 0.3994140625 0.4873046875 0.3994140625 0.474609375 0.39013671875 0.470703125 0.3642578125 0.4697265625 0.3544921875 0.4970703125 0.35498046875 0.5068359375 0.353515625 0.5126953125 0.3583984375 0.521484375 0.36865234375 0.525390625
4 0.4150390625 0.578125 0.4130859375 0.560546875 0.408203125 0.552734375 0.4033203125 0.552734375 0.39599609375 0.5673828125 0.39599609375 0.5771484375 0.40380859375 0.587890625 0.412109375 0.5869140625 0.4150390625 0.578125
4 0.59765625 0.705078125 0.58837890625 0.693359375 0.57568359375 0.689453125 0.5673828125 0.693359375 0.55908203125 0.7109375 0.55908203125 0.732421875 0.57275390625 0.740234375 0.58837890625 0.7255859375 0.59765625 0.705078125
4 0.71826171875 0.60546875 0.71923828125 0.6171875 0.72509765625 0.630859375 0.724609375 0.634765625 0.732421875 0.634765625 0.74267578125 0.626953125 0.74462890625 0.609375 0.7421875 0.576171875 0.73583984375 0.5712890625 0.7216796875 0.5751953125 0.7236328125 0.580078125 0.72021484375 0.5908203125 0.720703125 0.595703125 0.71826171875 0.60546875
4 0.70947265625 0.439453125 0.7138671875 0.4423828125 0.728515625 0.4384765625 0.7314453125 0.431640625 0.7314453125 0.4248046875 0.73681640625 0.4189453125 0.736328125 0.408203125 0.7333984375 0.400390625 0.705078125 0.349609375 0.697265625 0.34765625 0.68798828125 0.3564453125 0.685546875 0.361328125 0.68896484375 0.376953125 0.703125 0.4248046875 0.70947265625 0.439453125
4 0.08056640625 0.51171875 0.08154296875 0.5048828125 0.07861328125 0.484375 0.064453125 0.470703125 0.0595703125 0.4716796875 0.04833984375 0.4658203125 0.04638671875 0.4697265625 0.06494140625 0.501953125 0.07177734375 0.5087890625 0.08056640625 0.51171875
4 0.43359375 0.5478515625 0.4345703125 0.556640625 0.42724609375 0.5751953125 0.42822265625 0.5791015625 0.42529296875 0.5888671875 0.41943359375 0.5966796875 0.41455078125 0.615234375 0.4208984375 0.630859375 0.42041015625 0.650390625 0.42431640625 0.6572265625 0.4248046875 0.6689453125 0.42919921875 0.6728515625 0.43359375 0.6689453125 0.43896484375 0.65625 0.44287109375 0.6357421875 0.44287109375 0.6259765625 0.44091796875 0.6220703125 0.44189453125 0.5908203125 0.44482421875 0.5810546875 0.44287109375 0.5751953125 0.447265625 0.5673828125 0.4462890625 0.5634765625 0.4482421875 0.5595703125 0.44873046875 0.537109375 0.45654296875 0.5205078125 0.462890625 0.4970703125 0.458984375 0.4912109375 0.443359375 0.48828125 0.427734375 0.517578125 0.4287109375 0.521484375 0.42724609375 0.5234375 0.42724609375 0.5400390625 0.43359375 0.5478515625
4 0.48779296875 0.580078125 0.49365234375 0.583984375 0.50244140625 0.5830078125 0.50439453125 0.580078125 0.51025390625 0.583984375 0.513671875 0.5810546875 0.525390625 0.59375 0.53271484375 0.583984375 0.54736328125 0.5556640625 0.55224609375 0.5400390625 0.552734375 0.5322265625 0.55078125 0.5283203125 0.55322265625 0.525390625 0.54736328125 0.51953125 0.546875 0.513671875 0.544921875 0.51171875 0.51318359375 0.5068359375 0.5029296875 0.513671875 0.5 0.5244140625 0.49462890625 0.533203125 0.4921875 0.5439453125 0.48681640625 0.552734375 0.48583984375 0.5595703125 0.48779296875 0.5654296875 0.486328125 0.576171875 0.48779296875 0.580078125
4 0.484375 0.7109375 0.49365234375 0.7158203125 0.49755859375 0.70703125 0.5107421875 0.701171875 0.51611328125 0.6923828125 0.5185546875 0.681640625 0.52587890625 0.6728515625 0.53076171875 0.6611328125 0.53076171875 0.65625 0.52587890625 0.6474609375 0.51806640625 0.6455078125 0.505859375 0.6474609375 0.4990234375 0.654296875 0.47998046875 0.69140625 0.4697265625 0.705078125 0.482421875 0.7060546875 0.484375 0.7109375
4 0.4560546875 0.658203125 0.4599609375 0.66796875 0.46337890625 0.6689453125 0.466796875 0.666015625 0.46630859375 0.6611328125 0.47314453125 0.650390625 0.47314453125 0.6376953125 0.4765625 0.6220703125 0.474609375 0.6083984375 0.4765625 0.5869140625 0.47216796875 0.5751953125 0.4658203125 0.5673828125 0.462890625 0.576171875 0.4580078125 0.5771484375 0.4541015625 0.5908203125 0.455078125 0.59765625 0.4482421875 0.6376953125 0.44970703125 0.6533203125 0.4560546875 0.658203125