2 0.617114178125 0.508182778125 0.632312446875 0.5148117015625 0.655446990625 0.5109473328125 0.6874648 0.4944184890625 0.6871598765625 0.488600203125 0.6827620750000001 0.4856483546875 0.6523378171875 0.47186157343749996 0.6373058703125001 0.46840626093750004 0.6306769484375 0.48360452968749995 0.617368159375 0.49278822031249997 0.614499471875 0.4987728265625 0.617114178125 0.508182778125
4 0.28396224375 0.3044707796875 0.26316520312499997 0.31245575 0.2561759171875 0.3207778609375 0.24085777031250002 0.35234315 0.2441145421875 0.3537636328125 0.2535522125 0.3516778625 0.26173797187500003 0.345944984375 0.2872377390625 0.34673015 0.303858740625 0.3400248140625 0.3159433375 0.327722953125 0.311910396875 0.3114922859375 0.3063161203125 0.3059512015625 0.29573741875000004 0.3065056078125 0.28396224375 0.3044707796875
4 0.11775819531250001 0.59428675 0.125689975 0.6039484328125 0.1319263140625 0.6015000484375 0.14790525000000002 0.6027841796875 0.1530559984375 0.5998623000000001 0.15589696718749999 0.5933487562499999 0.1521457265625 0.5622524656250001 0.14120665937500002 0.555930715625 0.12411441406249998 0.553644153125 0.12004925468750001 0.557039528125 0.11497716875 0.5817031874999999 0.11775819531250001 0.59428675
4 0.444480478125 0.9182033765625001 0.47434582968749994 0.9415664312500001 0.4906851296875 0.94972671875 0.49302263281250003 0.9538473171874999 0.49271770937500003 0.9480290328125 0.4998455984375 0.9423515953124999 0.5052226078125 0.9235062234375 0.492920746875 0.9114216265625 0.46831252812499996 0.907407409375 0.4568422765625 0.9111908671875 0.4483515953125 0.9111054578125 0.444480478125 0.9182033765625001
4 0.7109514421875 0.6591990171875 0.7037126734375 0.6627607140625 0.6978644171874999 0.6726141906249999 0.7004236828125 0.68096626875 0.702678025 0.683500065625 0.7110301046874999 0.6809407984375 0.7332731015625 0.6803054796875 0.741542021875 0.6761594093750001 0.743297396875 0.6691723703125 0.7545181671875001 0.6606284984374999 0.750873309375 0.651802921875 0.7351438578125 0.6552792078125 0.7279328078125 0.6593698375 0.7109514421875 0.6591990171875
4 0.7535015109375001 0.600747946875 0.7494917921875001 0.6052011890625 0.7462073 0.6032517703125 0.742114421875 0.606118209375 0.7377997781250001 0.604753165625 0.72557658125 0.6144103515625 0.7288887921875 0.6168887046875 0.72602010625 0.6228733140625 0.7348988734375 0.630363815625 0.7446137484375 0.6335673953125001 0.7448909515625 0.6388567484375 0.748147721875 0.64027723125 0.759756575 0.6391384484375 0.7572527499999999 0.6318442375 0.7686121203125 0.6259450390625 0.781251121875 0.62422188125 0.793141678125 0.608217475 0.792809034375 0.601870253125 0.788383509375 0.5983894703125 0.770316553125 0.59774515625 0.7609343234375 0.600888796875 0.7535015109375001 0.600747946875
4 0.5002547109375 0.6060642296875 0.49654991718749997 0.616335759375 0.4969612234375 0.6444247625 0.527135996875 0.6534511281250001 0.5376869796875 0.6523677875 0.5441173609375001 0.6536219484375 0.553360990625 0.6478336312499999 0.5570103453125 0.6365042296875 0.5426204640625001 0.62505945 0.539811715625 0.6119469546875 0.5300691203125 0.6082144390625001 0.5248352109375001 0.6095495125 0.514007025 0.6053435015625 0.5002547109375 0.6060642296875
4 0.6227181796875 0.5948727015624999 0.6211890640625 0.58593624375 0.611501909375 0.5832615999999999 0.5925711265625 0.5863752718749999 0.58438536875 0.592108146875 0.584662571875 0.5973974984375 0.6009464296875 0.6044999171875001 0.6115251328125 0.6039455109375 0.6227181796875 0.5948727015624999
4 0.7781547125 0.4032124046875 0.761399609375 0.3871180890625 0.738657646875 0.3782325765625 0.7264898890625 0.38894763125 0.7229791375 0.4029217078125 0.7276818625 0.4116918421875 0.7471947734375 0.41968580937500005 0.77046791875 0.41846611562499997 0.7781547125 0.4032124046875
4 0.626642546875 0.2244562828125 0.5908135578125 0.22898593906250003 0.585884571875 0.2361393 0.590919940625 0.25125665625 0.5960984109374999 0.2488637125 0.6079290265624999 0.2519564109375 0.6131906578125 0.2511502734375 0.6239079609375 0.25324054218750003 0.6365469640625 0.251517384375 0.6510245046875001 0.24439399375 0.6552837046875 0.244701165625 0.6548401796875 0.23623820312500002 0.645795090625 0.22557409062499997 0.626642546875 0.2244562828125
4 0.40919251562500003 0.24486895 0.40089587499999996 0.2484860859375 0.34749439843749996 0.28204723593750003 0.345822184375 0.2906210796875 0.3558697015625 0.30017188125 0.36129765625 0.302539353125 0.3780295375 0.2979497578125 0.429061290625 0.2798940484375 0.44456898125000005 0.2721862828125 0.44749310937500003 0.26725954375 0.44243001875 0.251613253125 0.4348586046875 0.2488277265625 0.42745351249999997 0.2492158109375 0.42080136875 0.24373016718749999 0.40919251562500003 0.24486895
4 0.5150071484375001 0.9887615359374999 0.5488634953125 0.9668324593750001 0.555880503125 0.9590392828125 0.5585551484375 0.949352128125 0.5510946156250001 0.9486823421875 0.5290456625 0.9530202078125001 0.5150393671875 0.9691354953125 0.516374440625 0.9743694062499999 0.5106647875 0.9868675578125 0.5150071484375001 0.9887615359374999
4 0.6517286999999999 0.581683790625 0.6682942609375 0.5739205828125 0.6894793875 0.57334070625 0.6966627171875001 0.568721140625 0.7093294390625 0.5675269187499999 0.7133114375 0.5625447390625 0.7088304734374999 0.5580060859375 0.6947732359375001 0.5529085265625 0.6723361984375 0.5498413 0.6617574953124999 0.55039570625 0.6576368953125 0.5527332078125 0.6237296078125001 0.5534494390625 0.6129845828125 0.5508302328125 0.6067482421875 0.5532786187500001 0.598035796875 0.5489617265625 0.59385975625 0.550241359375 0.58951739375 0.5483473812499999 0.5651586578125001 0.54909358125 0.5467313375 0.541573109375 0.5209820875 0.536027528125 0.514856628125 0.540591653125 0.5125700671875 0.5576839 0.545193225 0.5729466046875 0.549369265625 0.571666971875 0.5515681671875 0.5731428953125 0.5695519609375 0.5722004046875 0.577654559375 0.5648807234375 0.5871199515625001 0.5633238875 0.6076352921875 0.5702045421874999 0.61181133125 0.568924909375 0.6225563562499999 0.5715441140624999 0.6313519624999999 0.5774478109375 0.6517286999999999 0.581683790625
4 0.62216304375 0.46283520781250004 0.6111685359375 0.45545558750000004 0.5796586890625 0.4411953125 0.5624555609375 0.4367930109375 0.5539648781250001 0.4367076 0.5498442781249999 0.43904510312499995 0.5465320671875 0.43656675 0.5405174890625 0.443246615625 0.5341979875 0.44410819375 0.5321931281250001 0.44633481562500005 0.528705596875 0.48099280312500003 0.536692815625 0.49171235625 0.5484957109375 0.4942761203125 0.5583214671875 0.499595440625 0.5700966421875 0.5016302703125 0.579922396875 0.506949590625 0.587382928125 0.5076193765625 0.5936192703125001 0.5051709921875001 0.605339003125 0.50614795 0.6094873234375 0.5043393828125 0.6133861609375 0.49777039843750004 0.611829325 0.48830500624999995 0.6085448328124999 0.4863555875 0.6124436703125 0.4797866046875 0.6090760171875 0.47625037968750006 0.62216304375 0.46283520781250004
4 0.7078228140625 0.45781558125000005 0.69485116875 0.4531915171875 0.6895618156250001 0.4534687203125 0.6803181875 0.45925703906250004 0.678645971875 0.4678308828125 0.6814547203125 0.480943378125 0.689247896875 0.4879603875 0.730528059375 0.5064821125 0.74592036875 0.51681358125 0.7462575124999999 0.5030058281249999 0.75143598125 0.5006128828125 0.7561986484375 0.4902859125 0.746456053125 0.4865533984375 0.7393603828125 0.47260479375 0.7295346265625 0.467285471875 0.7177594515625 0.46525064374999997 0.7078228140625 0.45781558125000005
4 0.6727332781250001 0.5169364390625 0.6556133125 0.51412094375 0.640914009375 0.5170128515625 0.6175299828124999 0.51611680625 0.605085021875 0.5215425109375 0.596982425 0.5288621921875001 0.606669578125 0.5315368375 0.6080046515624999 0.536770746875 0.6230365984375 0.540226059375 0.63038625 0.5387801046875 0.6741470140625 0.54391213125 0.690989778125 0.541438275 0.6959187671875 0.534284915625 0.70627570625 0.5294990281249999 0.707139534375 0.5257410421875 0.7037718796875 0.5222048171875 0.69851025 0.52301095625 0.68648559375 0.5162157109375001 0.6727332781250001 0.5169364390625