4 0.38037109375 0.291015625 0.39599609375 0.314453125 0.39892578125 0.328125 0.404296875 0.3408203125 0.4140625 0.3466796875 0.41943359375 0.353515625 0.4248046875 0.3525390625 0.4287109375 0.3447265625 0.42724609375 0.341796875 0.4306640625 0.330078125 0.4306640625 0.31640625 0.42822265625 0.306640625 0.4208984375 0.2919921875 0.42236328125 0.283203125 0.427734375 0.2763671875 0.423828125 0.25390625 0.40576171875 0.2265625 0.3955078125 0.216796875 0.38720703125 0.21875 0.38037109375 0.2314453125 0.376953125 0.2509765625 0.37841796875 0.26171875 0.37744140625 0.2734375 0.38037109375 0.291015625
4 0.3115234375 0.322265625 0.31640625 0.3095703125 0.318359375 0.2919921875 0.314453125 0.283203125 0.3056640625 0.2861328125 0.30029296875 0.291015625 0.2958984375 0.3037109375 0.29443359375 0.3095703125 0.294921875 0.3203125 0.306640625 0.326171875 0.3115234375 0.322265625
4 0.38916015625 0.5205078125 0.392578125 0.5205078125 0.39501953125 0.5166015625 0.40625 0.486328125 0.40380859375 0.4814453125 0.39697265625 0.478515625 0.37939453125 0.48046875 0.37744140625 0.482421875 0.37890625 0.4990234375 0.38427734375 0.5166015625 0.38916015625 0.5205078125
4 0.431640625 0.6474609375 0.43896484375 0.646484375 0.44384765625 0.6416015625 0.4482421875 0.626953125 0.447265625 0.5986328125 0.427734375 0.5791015625 0.42333984375 0.5810546875 0.41943359375 0.587890625 0.41259765625 0.6123046875 0.412109375 0.6220703125 0.4150390625 0.6279296875 0.4228515625 0.6416015625 0.431640625 0.6474609375
4 0.66064453125 0.611328125 0.67431640625 0.599609375 0.677734375 0.595703125 0.681640625 0.58203125 0.6826171875 0.552734375 0.67626953125 0.5458984375 0.6533203125 0.54296875 0.64453125 0.5595703125 0.64453125 0.583984375 0.64697265625 0.5947265625 0.654296875 0.611328125 0.66064453125 0.611328125
4 0.580078125 0.8134765625 0.58251953125 0.80859375 0.58056640625 0.7744140625 0.57861328125 0.76953125 0.5595703125 0.7666015625 0.5537109375 0.7783203125 0.5517578125 0.802734375 0.55615234375 0.8154296875 0.57177734375 0.8173828125 0.580078125 0.8134765625
4 0.68359375 0.376953125 0.6826171875 0.3876953125 0.6865234375 0.3984375 0.69775390625 0.4091796875 0.71435546875 0.408203125 0.71826171875 0.396484375 0.71923828125 0.3857421875 0.7177734375 0.3759765625 0.72021484375 0.3720703125 0.71875 0.369140625 0.72021484375 0.3642578125 0.71826171875 0.361328125 0.72021484375 0.3564453125 0.716796875 0.345703125 0.7109375 0.3359375 0.70361328125 0.3310546875 0.69384765625 0.3349609375 0.68994140625 0.3427734375 0.685546875 0.345703125 0.6865234375 0.3486328125 0.6845703125 0.3525390625 0.68212890625 0.373046875 0.68359375 0.376953125
4 0.55224609375 0.330078125 0.548828125 0.302734375 0.54248046875 0.2900390625 0.5400390625 0.2890625 0.53466796875 0.2939453125 0.52880859375 0.306640625 0.52880859375 0.3251953125 0.53515625 0.337890625 0.54150390625 0.3388671875 0.55224609375 0.330078125
4 0.224609375 0.650390625 0.22802734375 0.642578125 0.22021484375 0.609375 0.216796875 0.609375 0.208984375 0.6181640625 0.2080078125 0.6416015625 0.21142578125 0.646484375 0.22021484375 0.6533203125 0.224609375 0.650390625
4 0.18896484375 0.58203125 0.19287109375 0.5712890625 0.1953125 0.5537109375 0.1943359375 0.5400390625 0.1884765625 0.537109375 0.18212890625 0.54296875 0.177734375 0.54296875 0.1748046875 0.55078125 0.17431640625 0.5654296875 0.17626953125 0.580078125 0.1806640625 0.5869140625 0.18896484375 0.58203125
4 0.32470703125 0.748046875 0.3251953125 0.7314453125 0.322265625 0.71875 0.3173828125 0.7177734375 0.310546875 0.7255859375 0.30712890625 0.7412109375 0.306640625 0.748046875 0.30859375 0.7548828125 0.31201171875 0.7578125 0.32470703125 0.748046875
4 0.5048828125 0.8095703125 0.51708984375 0.8173828125 0.53271484375 0.8115234375 0.53369140625 0.8095703125 0.53173828125 0.806640625 0.5341796875 0.8037109375 0.53662109375 0.7919921875 0.537109375 0.7744140625 0.529296875 0.76171875 0.521484375 0.759765625 0.513671875 0.7705078125 0.5146484375 0.775390625 0.51025390625 0.7900390625 0.5048828125 0.7939453125 0.5048828125 0.8095703125
4 0.7392578125 0.384765625 0.74755859375 0.408203125 0.75927734375 0.4208984375 0.76318359375 0.41015625 0.767578125 0.4140625 0.76806640625 0.3935546875 0.77099609375 0.369140625 0.76806640625 0.365234375 0.76611328125 0.3564453125 0.7529296875 0.3369140625 0.74755859375 0.3359375 0.7451171875 0.341796875 0.74609375 0.3466796875 0.744140625 0.3642578125 0.740234375 0.3681640625 0.7431640625 0.369140625 0.740234375 0.3759765625 0.7412109375 0.3798828125 0.7392578125 0.384765625
4 0.12939453125 0.580078125 0.12890625 0.57421875 0.11962890625 0.556640625 0.1083984375 0.55859375 0.10546875 0.5625 0.10400390625 0.5751953125 0.1103515625 0.583984375 0.126953125 0.5830078125 0.12939453125 0.580078125