4 0.65273611875 0.45954256562499995 0.65961840625 0.46522440468750004 0.6628721 0.4644407265625 0.673756228125 0.47053484531249995 0.68737018125 0.473677875 0.6976551296875 0.47349425624999997 0.7139235937499999 0.4695758703125 0.722339003125 0.47305357187499997 0.72791245 0.4799680921875 0.7511753437500001 0.4812458171875 0.7825523953125 0.46955994375000004 0.7946315703125 0.46160467968749996 0.794593084375 0.4528983015625 0.783521503125 0.44317958593749995 0.7648579718749999 0.43528944999999997 0.753824878125 0.43427710937499997 0.7423800546875 0.43061163125 0.724203565625 0.42948496093750005 0.6972769078125001 0.439640203125 0.682990121875 0.439411540625 0.6691150625 0.4418360203125 0.6610377296875 0.450203565625 0.6529972234375 0.45397505625 0.65273611875 0.45954256562499995
4 0.730962103125 0.342535515625 0.7254639703125 0.33973131875 0.714655153125 0.337747525 0.7061292640625 0.34805798125 0.7088975734375 0.35381326875 0.720417709375 0.3615890734375 0.7374728078125 0.367573021875 0.747121746875 0.3657077171875 0.746222975 0.35629110937499997 0.7425943796875 0.34982559375 0.730962103125 0.342535515625
4 0.5357773531250001 0.38496010625 0.5342810578125 0.3825681921875 0.5174134125000001 0.38020883906249997 0.498676228125 0.38151080937500004 0.49366513593750005 0.3854700796875 0.4928801625 0.388870175 0.4962091671875 0.392196821875 0.52377515 0.4103281265625 0.5291979703125 0.4090219984375 0.5336851953124999 0.4028953125 0.5357773531250001 0.38496010625
4 0.4255250359375 0.40555190156250004 0.419615171875 0.4000945640625 0.3968744890625 0.3876818234375 0.3872623765625 0.384951075 0.3807549890625 0.38651843124999996 0.3653468109375 0.39114704843750003 0.35749375625 0.3985431359375 0.3567840953125 0.40605355625 0.36052482812500003 0.41203334375 0.37410195625 0.4197724265625 0.402526565625 0.4253115296875 0.426460634375 0.41037245625 0.4255250359375 0.40555190156250004
4 0.410632096875 0.6430852984375 0.39611937343750003 0.6305256625 0.3718087421875 0.6249131109375 0.3605513703125 0.624872228125 0.3423380546875 0.6283416125 0.34088024687499996 0.6346560734375 0.349409453125 0.6509504765624999 0.35251418125 0.6552485796874999 0.3652310203125 0.6622774312499999 0.3941795 0.6699839484375001 0.402444284375 0.6652410015625 0.410632096875 0.6430852984375
4 0.17529192656249998 0.4823363609375 0.161641146875 0.48378938437499996 0.1561078453125 0.498883671875 0.15809118125 0.508039053125 0.1623926109375 0.511590203125 0.19687605 0.5175048640625 0.2021867328125 0.5166844625 0.20947743281250003 0.49841458281250006 0.199154 0.48989182343750004 0.17529192656249998 0.4823363609375
4 0.552053778125 0.7448033875 0.562114446875 0.745591225 0.565443453125 0.7489178734374999 0.5686971453125 0.7481341953125 0.5732228546875 0.7507138890625 0.5765886859375 0.749444484375 0.5810022546875 0.7525099046875 0.5924839078125 0.7515793328125 0.603553828125 0.7479956203125 0.610098040625 0.7418322125000001 0.6084511234375001 0.731219646875 0.6015688328125 0.7255378078125 0.5996608109375 0.72049275 0.59651925625 0.7207907 0.5930781125 0.71794978125 0.573217878125 0.7108065984375 0.568991759375 0.711365775 0.5585193609375 0.7079247953125 0.5469255703125 0.7093410953125 0.5336496937499999 0.7180433140625 0.5308093890625 0.7347825625 0.5415813796875 0.7413624109375 0.552053778125 0.7448033875
4 0.65607839375 0.5692886546875 0.6419790578125 0.572684590625 0.6395488234375 0.57877455 0.645833590625 0.5914810796875 0.6738464703125 0.5943670437499999 0.68794580625 0.5909711078125001 0.689478928125 0.5887669718749999 0.68585033125 0.5823014546875 0.6745544734375 0.5735541937499999 0.65607839375 0.5692886546875
4 0.40904092031249994 0.179704378125 0.4002154390625 0.186875965625 0.4021234625 0.191921021875 0.409117890625 0.197117134375 0.44397457500000004 0.1969785578125 0.44475954843750004 0.1935784625 0.43780194687499996 0.1837862984375 0.41468801875 0.17742679374999998 0.40904092031249994 0.179704378125
4 0.519855590625 0.1699863734375 0.5127490234375001 0.165275990625 0.4982747859375 0.1614227328125 0.48323985 0.1599981125 0.475423621875 0.1627981484375 0.4783793828125 0.1721780328125 0.488178946875 0.178533378125 0.5051219046875 0.185003053125 0.5189601359375 0.18717462812500002 0.5232230828125 0.18201939843749998 0.5188463390625 0.174357925 0.519855590625 0.1699863734375
4 0.286041571875 0.2510730953125 0.27878603750000003 0.25144449375 0.2750837875 0.25417108125 0.2818924234375 0.269045025 0.2983115125 0.2733472875 0.3116258765625 0.27335144843750003 0.3137196921875 0.268718671875 0.3075102390625 0.26012246562499997 0.292736409375 0.25313033749999997 0.286041571875 0.2510730953125
4 0.189464915625 0.46974832031249997 0.20685643125 0.474275084375 0.2212921828125 0.46942196718750007 0.225031259375 0.46209932499999995 0.21612880781250002 0.45185815625 0.211042403125 0.45170710156249994 0.197465278125 0.44396802187500006 0.1948091078125 0.43772700625 0.1792503046875 0.4341349734375 0.168667425 0.44448215312499995 0.170913525 0.46137245625 0.172634096875 0.46279291562499997 0.1759999296875 0.4615235109375 0.1783565078125 0.46462565624999996 0.189464915625 0.46974832031249997
4 0.5566982609375 0.800107075 0.5612607953125 0.7980907171875 0.5704611796875 0.7981683234375 0.592937440625 0.7895437140625 0.5951433953125 0.7844252078125 0.5898695390625 0.7806495578125 0.5847831359375 0.7804985015625 0.5677280375 0.7745145546875001 0.5647354499999999 0.7697307234374999 0.5630901890625 0.7724205875 0.556956046875 0.7679347062499999 0.55284206875 0.7680081546874999 0.5484284984375 0.76494273125 0.5231839296875 0.76781205625 0.5078510625 0.7765509984375 0.517650628125 0.78290634375 0.512751675 0.7863798859375 0.5330604640625001 0.7915801578125 0.5566982609375 0.800107075
4 0.494488928125 0.0935268453125 0.491648625 0.11026609375 0.49400520468750003 0.1133682390625 0.49995189531250006 0.1142295234375 0.5195861921875 0.10904173125000001 0.5202205421875 0.09742098593750001 0.517003675 0.0936086109375 0.5046985640625 0.0892329015625 0.494488928125 0.0935268453125