4 0.6609005531250001 0.42333510468749996 0.6694807671875 0.42655422343750005 0.6723770499999999 0.42470446093750003 0.684979625 0.4269856953125 0.699245309375 0.4254863109375 0.709167334375 0.42186787968750006 0.723648753125 0.4126190671875 0.7329801984375 0.41318364374999994 0.740702084375 0.4180383265625 0.7637101671875001 0.41149914374999996 0.7902602046875 0.389649296875 0.799325440625 0.3778790453125 0.7963771453125 0.3694319359375 0.7823807484375 0.3636913796875 0.7616263546875001 0.36226693593750003 0.7505782515625 0.3649734890625 0.7382434250000001 0.365239696875 0.7202231296875 0.370224409375 0.6974812546875 0.38909841875 0.6835368671875 0.393654734375 0.67087920625 0.40065139375000003 0.6658363296875 0.411483759375 0.6592925328125 0.417837828125 0.6609005531250001 0.42333510468749996
4 0.6977123749999999 0.28347515156249997 0.6914378625000001 0.2825892796875 0.6802826609375 0.28427685468749997 0.6754539828125 0.2971471765625 0.6800653859375 0.30181366718749997 0.6938475859375 0.3055162703125 0.712403375 0.3056264453125 0.7211457765625 0.3005866453125 0.71712495625 0.29173714687499996 0.711441025 0.28666826562500003 0.6977123749999999 0.28347515156249997
4 0.5224344234375 0.3899826046875 0.520182271875 0.388158846875 0.5030203046875 0.39150799375 0.48526775625 0.3990401484375 0.481727340625 0.40456343125 0.4821021859375 0.4081298515625 0.48644584375 0.4102489 0.5192657781250001 0.4186470765625 0.52409291875 0.4155641375 0.526400159375 0.40811000000000003 0.5224344234375 0.3899826046875
4 0.42229920468750004 0.4468677671875 0.41473796875 0.44354154843750004 0.38851384218749996 0.439086178125 0.37827051875 0.43964767812499994 0.37247795156249996 0.443347203125 0.359069059375 0.45299840625 0.3539190859375 0.46281179375 0.35574130312499996 0.47034702656249994 0.361371684375 0.47490641718750004 0.377138290625 0.47788533437499997 0.406581534375 0.47376048906249996 0.4248191046875 0.451238965625 0.42229920468750004 0.4468677671875
4 0.487261096875 0.682660078125 0.4689745921875 0.6753099625 0.443500159375 0.6779874328125 0.43255915468749995 0.6817129640624999 0.41603978125 0.6911759734375 0.4167359234375 0.6977993265625 0.4304630359375 0.7107798234375 0.434913790625 0.7139178484375 0.44960786875 0.716494375 0.4802842890625 0.7143003859375 0.48672098750000004 0.7069273421875 0.487261096875 0.682660078125
4 0.20507484374999999 0.6051747234375 0.19231008125 0.61115240625 0.1919857078125 0.6276702421875 0.19697195781250001 0.635903153125 0.20233459062499998 0.637915103125 0.23778460156249998 0.6321286890625 0.24266529062500003 0.629555240625 0.24363379531249998 0.609363884375 0.2307634734375 0.60453520625 0.20507484374999999 0.6051747234375
4 0.6585456234375 0.7341981359374999 0.6685747484375 0.7315986828125001 0.6729184046875 0.7337177296874999 0.6758146875000001 0.7318679671874999 0.681070221875 0.7328609390625 0.68391295625 0.7305016875 0.6892220421874999 0.7320041484375001 0.700055946875 0.727259640625 0.709603128125 0.7200747890625 0.713894771875 0.7118969640625 0.708747875 0.7021355859375 0.7001676609375 0.6989164671875 0.696628784375 0.694652365625 0.69367895 0.6959926390625 0.68938884375 0.69438308125 0.667722571875 0.6940847125 0.6638073109375 0.6960415734375001 0.6524914609375 0.6962006828125 0.6417111046875 0.7014546796875 0.6317339921875 0.7143510078124999 0.6345736484375 0.7315665234375001 0.647229771875 0.7343572453125 0.6585456234375 0.7341981359374999
4 0.7008379453125 0.528857425 0.68828738125 0.5368730625 0.687964546875 0.5436035140625 0.69831343125 0.5538483765625 0.7264699515624999 0.5472831874999999 0.7390205140624999 0.53926755 0.73977174375 0.5366130078125 0.7340878140625 0.5315441265625 0.720198515625 0.5268225484375 0.7008379453125 0.528857425
4 0.330787275 0.23292530312499998 0.324618321875 0.24284579062499997 0.32815720000000004 0.24710989218749999 0.3366838640625 0.24981952343749997 0.370472303125 0.23802634375 0.3700974578125 0.234459921875 0.360069871875 0.2272719921875 0.335507315625 0.2288233890625 0.330787275 0.23292530312499998
4 0.4351039640625 0.18641810781249998 0.42663085 0.1842179671875 0.41129263906249997 0.1853149609375 0.3962221765625 0.18895939687500002 0.3895712796875 0.1942944875 0.39557650624999996 0.2024203 0.407213653125 0.20531812187499998 0.4258229921875 0.2059377859375 0.43998157656250003 0.2034194265625 0.44239591562499997 0.196984265625 0.435585909375 0.1910035046875 0.4351039640625 0.18641810781249998
4 0.23525576718750002 0.34341387343749996 0.22833712187500002 0.3462015203125 0.22565503593749997 0.3500892375 0.23723709531249998 0.362264953125 0.254613259375 0.3609537625 0.26753866875 0.35650454531250003 0.2680221515625 0.3513025609375 0.259120640625 0.345026509375 0.2424421578125 0.3431736703125 0.23525576718750002 0.34341387343749996
4 0.2146235609375 0.5882024875 0.233018703125 0.5867841968749999 0.2454086171875 0.57724009375 0.24658978281250002 0.5688740765625 0.23452424062500002 0.5619003453125 0.22953645156250002 0.5634548171875 0.2137698484375 0.5604758999999999 0.2091048953125 0.555299921875 0.1928012578125 0.5570135031250001 0.18598817343750002 0.570607509375 0.19381561875 0.5862685546875 0.1959606734375 0.5870733343750001 0.1988034078125 0.5847140828125 0.2021280859375 0.5869402296875 0.2146235609375 0.5882024875
4 0.6815444765625001 0.7863832562499999 0.6852990875 0.7828979281249999 0.6942556875 0.779896084375 0.7131894 0.7639979140625 0.7136193343749999 0.7582864390624999 0.707237721875 0.7563815890625001 0.7022499343749999 0.7579360609375 0.68369414375 0.7578258859375 0.6791898390625 0.7541783703125 0.678492159375 0.7573424015625 0.6710380218750001 0.7550351609375 0.6670692109374999 0.756482534375 0.661760125 0.7549800734375001 0.638215009375 0.766211753125 0.6262534890625 0.779831765625 0.6378906359375 0.7827295890625 0.6342966703124999 0.7877433828125 0.6557487453124999 0.78600379375 0.6815444765625001 0.7863832562499999
4 0.38491709687500003 0.1206068203125 0.387756753125 0.1378223375 0.39108143125 0.140048484375 0.3971417484375 0.138896403125 0.4144659 0.1272883375 0.411196309375 0.115784296875 0.406799103125 0.11315576093749999 0.39339175000000004 0.113019578125 0.38491709687500003 0.1206068203125