4 0.5434522421875 0.4770280109375 0.5216538890625 0.4739644515625 0.515207190625 0.47464454375000004 0.510399334375 0.47872719375 0.5080497375 0.4879136796875 0.513694915625 0.4929367015625 0.5299388578124999 0.497863165625 0.5506812937500001 0.493376446875 0.5520657390625 0.4835256140625 0.5434522421875 0.4770280109375
4 0.3035578875 0.5194466546875 0.28880705624999997 0.5189596765625 0.2688111734375 0.5256661390625 0.26713526718749997 0.5375908328125 0.27449215 0.5454979468750001 0.29385014374999996 0.5508620640624999 0.301407721875 0.549809390625 0.3095482265625 0.5446089953125 0.314629646875 0.5310480937500001 0.3035578875 0.5194466546875
4 0.2618978140625 0.3639680453125 0.257454284375 0.365458371875 0.257653715625 0.3866346203125 0.2464528609375 0.41361054218750004 0.25224376875 0.417596634375 0.253736878125 0.4220361203125 0.256996659375 0.4214368421875 0.2666481734375 0.4280803296875 0.2728034078125 0.42947409687500004 0.279760165625 0.4251647515625 0.2877370375 0.41359689375 0.2920540015625 0.3904118546875 0.2853529078125 0.3778385546875 0.26821667968749996 0.3717292765625 0.2618978140625 0.3639680453125
4 0.31760809375 0.2914343734375 0.31019624375 0.2914501171875 0.30048976562499996 0.29272948906249996 0.2999068421875 0.29687720781250004 0.29302295 0.300668090625 0.3006163296875 0.314424203125 0.300561365625 0.3223470609375 0.32059304843750003 0.3304493859375 0.3330492484375 0.332199990625 0.3388222578125 0.32878169062499996 0.3385857609375 0.3229326921875 0.345833978125 0.3165494859375 0.3454517515625 0.3117374171875 0.32969996875 0.29577730468749996 0.31760809375 0.2914343734375
4 0.3547608109375 0.667278428125 0.3515738953125 0.6673592421875 0.335802946875 0.6741307734374999 0.328755425 0.67155419375 0.3284639625 0.6736280531250001 0.3315959125 0.681470096875 0.3569383765625 0.6994828562500001 0.36492111718750003 0.7004286984375 0.362407890625 0.7032477203124999 0.36714288281249996 0.6996835359375 0.38737526093749997 0.6988260734375 0.39017994843750003 0.6939331890625 0.38600998125 0.6859452625 0.3686372578125 0.673986984375 0.3547608109375 0.667278428125
4 0.750667053125 0.6520728796874999 0.7381379859375 0.650840740625 0.7279943140625 0.6552309000000001 0.726537003125 0.6656002 0.73686220625 0.6749818953125 0.754289896875 0.6790173140625 0.7653258546874999 0.6758099671875 0.766637434375 0.6664775984375 0.750667053125 0.6520728796874999
4 0.6352593234375 0.7727881140624999 0.617540171875 0.7708265562500001 0.5959054484374999 0.7741304609374999 0.5901324406249999 0.7775487625 0.6048283078125001 0.785958596875 0.6215094421875 0.787774271875 0.6388463671875 0.7849237625 0.6352593234375 0.7727881140624999
4 0.9525612421874999 0.46579281093749997 0.9287597203125 0.4619190203125 0.911131334375 0.4668433890625 0.9075072234375 0.47003499218749994 0.9076516890624999 0.4991341 0.9164837828125 0.5040763078125 0.9298322703125 0.5070097265625 0.9486444046875 0.5011943125 0.952814371875 0.5091822390625 0.9708070859375001 0.5016655453125 0.977363715625 0.48513973593750004 0.9694967734375 0.4808618765625 0.9592623359375001 0.478366109375 0.957314134375 0.46963301875 0.9525612421874999 0.46579281093749997
4 0.8028541171875 0.3485284390625 0.792401084375 0.3475880671875 0.7847706390625 0.3491592046875 0.7795984546875 0.35583417968750003 0.7728602953125 0.35858813125 0.7719130437499999 0.36532817500000003 0.77719389375 0.372943521875 0.79862791875 0.37859940625 0.8192974921875 0.374631153125 0.822994465625 0.3709210859375 0.82334089375 0.3609243671875 0.8131614218750001 0.3505057421875 0.803965 0.3481558578125 0.80625963125 0.34689223125 0.8028541171875 0.3485284390625
4 0.56644320625 0.268248259375 0.5508729531250001 0.266060003125 0.5432425078125 0.267631140625 0.540656415625 0.2709686296875 0.5418030984375 0.2854048328125 0.547521140625 0.289909390625 0.564202275 0.2917250671875 0.576349115625 0.28814513750000004 0.5789173078125 0.27740325781249997 0.5743830140624999 0.2720076546875 0.56644320625 0.268248259375
4 0.8776858937500001 0.2755098859375 0.8681980109375 0.2752338609375 0.8519170046875001 0.28563464843749997 0.8511883484375 0.29081929687499997 0.8550489546875 0.2934766921875 0.8803985515624999 0.29386711249999997 0.88853905625 0.28866671875 0.8893405765625 0.28296360468750004 0.8856257015625 0.2792692796875 0.8776858937500001 0.2755098859375
4 0.9364322953125 0.32447647968750004 0.9300584625000001 0.32463810625 0.9178387562499999 0.3287365 0.916235715625 0.340142728125 0.922918909375 0.3453116359375 0.9332262140625 0.3472889375 0.94204040625 0.344826753125 0.94632030625 0.3369689640625 0.944372103125 0.3282358734375 0.9364322953125 0.32447647968750004
4 0.7992555046875001 0.1783082109375 0.7774571515625001 0.1752446515625 0.7645637562500001 0.1766048359375 0.7599744953124999 0.179132090625 0.7585900515625 0.188982925 0.7637980359375 0.1971167375 0.76217709375 0.2011185734375 0.7700440359375 0.20539643281250003 0.7795319187499999 0.20567245625 0.7921517515625001 0.2137905234375 0.8025319203124999 0.2152493609375 0.8051908781250001 0.211393409375 0.812967053125 0.20878534062499998 0.8163367671874999 0.19234034687499998 0.8119482031249999 0.1859078125 0.7992555046875001 0.1783082109375
4 0.70762109375 0.107272225 0.6942905046875001 0.1117431984375 0.6894097828125 0.11634431406250001 0.6895734140625 0.12271177656250001 0.705161565625 0.132304425 0.7228807171875 0.13426598437499998 0.7262862296875 0.1326297765625 0.7259040015625 0.1278177078125 0.7194943703125001 0.1131705484375 0.70762109375 0.107272225
4 0.5474034359375 0.0572624140625 0.5422862187499999 0.05601453125 0.531705353125 0.06351548125 0.5295014874999999 0.0716650359375 0.5333620953125 0.0743224296875 0.532487709375 0.0805440109375 0.5362754484375001 0.0837198703125 0.539043071875 0.094154240625 0.5482394921875 0.0965041234375 0.5537210375 0.09515968125 0.5797622234375 0.10569270312500001 0.594585921875 0.105661215625 0.5992480484375 0.1026154984375 0.5989386875 0.0972849640625 0.5899979281250001 0.07805243437500001 0.57242450625 0.07505394374999999 0.5702577078125 0.06787625 0.560696959375 0.068118690625 0.55297575 0.0628039015625 0.5487508171875 0.0627388296875 0.5474034359375 0.0572624140625
4 0.4597332328125 0.1237182953125 0.4459475515625 0.12389566562500001 0.4057371890625 0.138863984375 0.40367905625 0.145976609375 0.4062101828125 0.1505619796875 0.4131848390625 0.153657025 0.439426721875 0.15523025937499998 0.45980483124999993 0.1533358671875 0.463283209375 0.15118119375 0.4630467125 0.1453321953125 0.47710595624999996 0.1356765703125 0.480274971875 0.1281913640625 0.4597332328125 0.1237182953125
4 0.3415770453125 0.21126751562499999 0.33875445625 0.20875600468750002 0.31928653281249997 0.21923760468750003 0.3139686171875 0.22694950937499997 0.3274628359375 0.22884599843750003 0.33021255781250003 0.2318759734375 0.3482231734375 0.2317636734375 0.3687470140625 0.22883235000000002 0.381185315625 0.22317856093750002 0.38612100312500003 0.2106545890625 0.38122238125 0.20785131093749998 0.37055075 0.2084663328125 0.35166575 0.2148002125 0.3459477078125 0.21029565625000002 0.3415770453125 0.21126751562499999
4 0.31484571093749997 0.5897647734375 0.2992754578125 0.5875765171875 0.28519831406249996 0.5898277484375 0.28232076093749997 0.5952390953125 0.29621510624999997 0.6093520453125 0.31468081406250004 0.6135333484375 0.3267547890625 0.610471884375 0.32903151875000003 0.6018038640625 0.3265732578125 0.596700028125 0.31484571093749997 0.5897647734375