4 0.47161270312500003 0.4999427734375 0.46311667968750003 0.505903828125 0.46411770781249995 0.5154279796875 0.4839036109375 0.5204437171875 0.4996808578125 0.51625141875 0.5052746265625 0.5116090203125 0.503323740625 0.5026915125 0.49883940156250006 0.49860155781250004 0.49266609062500005 0.49772997343750003 0.47161270312500003 0.4999427734375
4 0.7007612796875 0.5488387265625 0.689731803125 0.559627334375 0.6941619421875 0.5728455421875001 0.7018119656249999 0.57812319375 0.7090405046875 0.5793906796875 0.7278253796875 0.5748822671875 0.735160803125 0.5675227703125 0.73394903125 0.5559935359375 0.7149549281249999 0.548867340625 0.7007612796875 0.5488387265625
4 0.75190455625 0.45679908124999996 0.7534881546875 0.45257816875 0.7591872953125 0.44893831406249995 0.7493244703124999 0.42260727343750004 0.7502246687499999 0.40224031406250005 0.7460037546875 0.40065671406250003 0.7396708734375 0.40791084062499994 0.72299645625 0.41321105156250004 0.7161352046875 0.42508198906250005 0.719508603125 0.4475338171875 0.7267883140625 0.4589320953125 0.733330425 0.46331257812500004 0.73929299375 0.462179078125 0.7487915593750001 0.4561126515625 0.75190455625 0.45679908124999996
4 0.710448175 0.3516856609375 0.718206596875 0.3387068125 0.7117171734375 0.3348276 0.7112956875 0.33081743124999996 0.702009378125 0.3292594203125 0.6948862109375 0.3289944765625 0.68311913125 0.332765290625 0.66744574375 0.347589653125 0.666917371875 0.3522064640625 0.6736702265625001 0.35859203125 0.6732472265625 0.364211384375 0.6786814234375 0.367694696875 0.69071193125 0.3664302390625 0.7102359171875 0.35931009999999997 0.710448175 0.3516856609375
4 0.6683922828125 0.7037766203125 0.6716648515625 0.6963373390625 0.6714541078125 0.694332253125 0.66459436875 0.6965736671875 0.6496631203125001 0.6895272578125 0.6466028078125 0.689342103125 0.6330413890625 0.695328740625 0.6159439718749999 0.7062483078125 0.6116688609375001 0.7137929609375 0.6142008015625 0.7185949296875 0.6336179046875 0.72010176875 0.638049559375 0.7236904515625 0.6357283609375 0.72089356875 0.643432396875 0.720252609375 0.6683922828125 0.7037766203125
4 0.250765765625 0.6746904953125 0.2517141078125 0.6837133765625001 0.2622137015625 0.6871711015625 0.2790988625 0.6838759750000001 0.289336540625 0.675197821875 0.28828282656250004 0.6651724 0.2786804046875 0.660606759375 0.2665972109375 0.6613699453125 0.250765765625 0.6746904953125
4 0.386193146875 0.7962812125000001 0.402286509375 0.795096540625 0.4166924140625 0.787500715625 0.4112582171875 0.784017403125 0.39057514375 0.780109578125 0.373479240625 0.781399621875 0.369625615625 0.7929544421875 0.386193146875 0.7962812125000001
4 0.1121787546875 0.513393990625 0.120832834375 0.5089367499999999 0.1219452875 0.480945353125 0.1185688609375 0.47775257031249996 0.10179058593750001 0.4724207171875 0.0787848 0.4753455296875 0.074088203125 0.47888001406249997 0.0719235484375 0.487216465625 0.062003496874999994 0.4892727234375 0.054299275 0.493123321875 0.060048071875 0.5092437828125 0.077089775 0.517081990625 0.08136488750000001 0.5095373375000001 0.0992510765625 0.5157663609375 0.1121787546875 0.513393990625
4 0.2557712 0.3847766890625 0.2550862859375 0.3782601625 0.24870223125000002 0.37538349531250004 0.2439544625 0.368787184375 0.2366732390625 0.367018428125 0.22659513125 0.36757087187500004 0.2233767609375 0.3658819015625 0.2255399015625 0.36717497187500003 0.21662239374999998 0.36912585625 0.20649008750000003 0.3788065515625 0.20648857187499997 0.388436075 0.209917684375 0.3921301296875 0.22965090156249998 0.396644596875 0.2504408609375 0.391925440625 0.2557712 0.3847766890625
4 0.47153911718749997 0.29672025468749996 0.45650098437500003 0.2983008265625 0.448744075 0.3016501546875 0.444205534375 0.30668845 0.44631447656249995 0.3171097734375 0.4578692984375 0.3209633984375 0.47396266093749995 0.3197787265625 0.4796091140625 0.3156376015625 0.48119422656250005 0.301787165625 0.4788203421875 0.2984890109375 0.47153911718749997 0.29672025468749996
4 0.1571157109375 0.29479769375 0.1493588015625 0.2981470203125 0.1456647453125 0.3015761328125 0.1462442890625 0.307090115625 0.1538943140625 0.31236776875 0.178271440625 0.31284648125 0.18207086875 0.3104199109375 0.1815440109375 0.3054072 0.1662439625 0.29485189218749996 0.1571157109375 0.29479769375
4 0.09901489218750001 0.3399285984375 0.091257984375 0.343277925 0.08909332812500001 0.3516143765625 0.0929439265625 0.35931860000000004 0.1013330640625 0.361984528125 0.11130580000000001 0.360429540625 0.1179021109375 0.3556817734375 0.116743025 0.3446538078125 0.1051355171875 0.3402989125 0.09901489218750001 0.3399285984375
4 0.27062280781250003 0.22711867031250002 0.2691987796875 0.223213871875 0.2744764328125 0.21556384843749998 0.2734754046875 0.20603969531250002 0.269149121875 0.20345355625 0.2568025 0.2017103875 0.23574911250000002 0.2039231875 0.22329560625 0.2108069984375 0.21886243906249997 0.21684783749999997 0.2215509234375 0.23278314218750001 0.22893751875 0.2355544390625 0.2313640890625 0.2393538640625 0.2413895125 0.23830015000000002 0.2537903328125 0.23091506874999998 0.26291858437500004 0.23096926875 0.27062280781250003 0.22711867031250002
4 0.3261977390625 0.13866770625 0.31458871875 0.1439423328125 0.30793820781250003 0.157818353125 0.3074098375 0.1624351640625 0.3106282078125 0.164124134375 0.3277241109375 0.162834090625 0.3430271859375 0.154130353125 0.3433975 0.148009728125 0.338860475 0.14341850312499999 0.3261977390625 0.13866770625
4 0.434892271875 0.1409272828125 0.44913860625 0.1414571671875 0.47451979062499994 0.132200984375 0.47974324375000005 0.1336792125 0.488660753125 0.131728328125 0.49166989218749996 0.1217826890625 0.4954166328125 0.11885484843750001 0.49478440468749996 0.11283959531250001 0.49858382968750004 0.11041302500000001 0.49673831718750006 0.102498059375 0.486819778125 0.09492479375 0.4818597546875 0.0959529203125 0.48038152656250005 0.10117637500000001 0.476318671875 0.1010965890625 0.4687198203125 0.10594972968750001 0.45953888281250005 0.105394259375 0.45721617031250006 0.11222689999999999 0.44022563750000004 0.114519484375 0.4309889875 0.13272178750000002 0.43051330312499997 0.1378398703125 0.434892271875 0.1409272828125
4 0.6170282484375 0.1861487125 0.61528810625 0.1792362890625 0.5771418421875001 0.1634800875 0.5638980499999999 0.16284483125 0.5440052640624999 0.1664560734375 0.5468006328125 0.173764396875 0.5599902265625001 0.1835279046875 0.5595672265625 0.1891472578125 0.56283828125 0.1913374984375 0.5823607562500001 0.19384688125 0.6076350546875 0.19321768125 0.6144421078125 0.1904749953125 0.6170282484375 0.1861487125
4 0.6847644984375 0.2712685140625 0.6875086968749999 0.2684460421875 0.7005417453125 0.2670762140625 0.6956886046874999 0.25947736250000003 0.67732824375 0.2487369 0.674531359375 0.25105809687499997 0.670363134375 0.24997577031249998 0.66471668125 0.254116896875 0.64677780625 0.2473866015625 0.636541640625 0.24643523125 0.631739671875 0.2489671734375 0.6360644421874999 0.2611828375 0.64783000625 0.267041546875 0.667457853125 0.270553471875 0.6847644984375 0.2712685140625
4 0.687559578125 0.6161114015625 0.6760559296875 0.62238856875 0.6735224734374999 0.6272161234375 0.6754206734375 0.6356323609375 0.686922809375 0.638984715625 0.7048105125 0.635584215625 0.718636875 0.622474409375 0.716052246875 0.6171711703125 0.7025977125 0.6145308296875001 0.687559578125 0.6161114015625