4 0.5087890625 0.5166015625 0.50634765625 0.5009765625 0.50244140625 0.4951171875 0.49365234375 0.49609375 0.4892578125 0.5 0.48779296875 0.505859375 0.48779296875 0.5263671875 0.49267578125 0.53515625 0.501953125 0.53515625 0.5087890625 0.5166015625
4 0.58642578125 0.3125 0.58837890625 0.3056640625 0.5859375 0.287109375 0.57958984375 0.279296875 0.568359375 0.279296875 0.5595703125 0.296875 0.55810546875 0.310546875 0.5673828125 0.322265625 0.58056640625 0.3193359375 0.58642578125 0.3125
4 0.4404296875 0.283203125 0.46240234375 0.2822265625 0.47412109375 0.2763671875 0.47900390625 0.2705078125 0.478515625 0.2646484375 0.4736328125 0.2548828125 0.474609375 0.251953125 0.470703125 0.25 0.4677734375 0.244140625 0.44140625 0.2509765625 0.421875 0.248046875 0.419921875 0.251953125 0.42626953125 0.2587890625 0.4296875 0.275390625 0.4404296875 0.283203125
4 0.365234375 0.3232421875 0.3720703125 0.3173828125 0.37744140625 0.318359375 0.38134765625 0.3134765625 0.38134765625 0.3017578125 0.37646484375 0.2822265625 0.369140625 0.28125 0.357421875 0.2724609375 0.35302734375 0.2783203125 0.34912109375 0.2783203125 0.3466796875 0.287109375 0.345703125 0.2939453125 0.34814453125 0.3056640625 0.36083984375 0.322265625 0.365234375 0.3232421875
4 0.7080078125 0.4130859375 0.712890625 0.4111328125 0.71630859375 0.392578125 0.72021484375 0.388671875 0.71728515625 0.390625 0.7174477546875 0.38313769531249997 0.7041015625 0.357421875 0.697265625 0.353515625 0.6953125 0.353515625 0.69677734375 0.3603515625 0.6884765625 0.3740234375 0.68798828125 0.376953125 0.6923828125 0.390625 0.701171875 0.408203125 0.7080078125 0.4130859375
4 0.64697265625 0.7470703125 0.6455078125 0.73046875 0.63818359375 0.7197265625 0.62841796875 0.7197265625 0.623046875 0.728515625 0.62255859375 0.740234375 0.6337890625 0.7568359375 0.642578125 0.7568359375 0.64697265625 0.7470703125
4 0.76513671875 0.623046875 0.75927734375 0.6083984375 0.75537109375 0.61328125 0.74951171875 0.6328125 0.7490234375 0.6494140625 0.759765625 0.654296875 0.7646484375 0.638671875 0.76513671875 0.623046875
4 0.43603515625 0.919921875 0.43896484375 0.927734375 0.455078125 0.923828125 0.46435546875 0.908203125 0.45751953125 0.9033203125 0.46533203125 0.88671875 0.46435546875 0.8740234375 0.4609375 0.865234375 0.43408203125 0.861328125 0.4306640625 0.8642578125 0.423828125 0.8798828125 0.42431640625 0.90234375 0.42724609375 0.9072265625 0.43505859375 0.91015625 0.43603515625 0.919921875
4 0.3359375 0.7587890625 0.34423828125 0.76953125 0.353515625 0.7705078125 0.357421875 0.767578125 0.36376953125 0.7490234375 0.361328125 0.728515625 0.35498046875 0.72265625 0.3486328125 0.72265625 0.34521484375 0.728515625 0.33837890625 0.732421875 0.3359375 0.7392578125 0.33544921875 0.7490234375 0.33349609375 0.751953125 0.3349609375 0.75 0.3359375 0.7587890625
4 0.30908203125 0.5322265625 0.31396484375 0.521484375 0.314453125 0.505859375 0.31103515625 0.5 0.2978515625 0.4970703125 0.29443359375 0.4990234375 0.2919921875 0.505859375 0.2919921875 0.5205078125 0.29443359375 0.5283203125 0.298828125 0.533203125 0.30908203125 0.5322265625
4 0.26904296875 0.8203125 0.27490234375 0.8134765625 0.27783203125 0.7900390625 0.27587890625 0.7861328125 0.27099609375 0.7861328125 0.25927734375 0.7998046875 0.25830078125 0.80859375 0.2607421875 0.81640625 0.263671875 0.8203125 0.26904296875 0.8203125
4 0.31396484375 0.876953125 0.3173828125 0.869140625 0.31689453125 0.859375 0.31298828125 0.8525390625 0.30224609375 0.8525390625 0.296875 0.86328125 0.2958984375 0.869140625 0.29833984375 0.876953125 0.30615234375 0.8798828125 0.31396484375 0.876953125
4 0.205078125 0.740234375 0.20849609375 0.7333984375 0.21240234375 0.7314453125 0.21240234375 0.7216796875 0.20654296875 0.708984375 0.20751953125 0.7001953125 0.20458984375 0.6923828125 0.20068359375 0.693359375 0.19384765625 0.6875 0.1845703125 0.6875 0.181640625 0.69140625 0.1787109375 0.703125 0.1787109375 0.7236328125 0.18408203125 0.736328125 0.189453125 0.7412109375 0.205078125 0.740234375
4 0.14599609375 0.650390625 0.14794921875 0.6474609375 0.1484375 0.630859375 0.1416015625 0.615234375 0.1357421875 0.6142578125 0.130859375 0.6181640625 0.125 0.6298828125 0.12890625 0.6416015625 0.1416015625 0.6494140625 0.14599609375 0.650390625
4 0.10791015625 0.4892578125 0.1064453125 0.498046875 0.11279296875 0.5009765625 0.11328125 0.517578125 0.1298828125 0.5283203125 0.134765625 0.529296875 0.13818359375 0.525390625 0.14013671875 0.51171875 0.1337890625 0.486328125 0.1357421875 0.4814453125 0.134765625 0.47265625 0.12548828125 0.46875 0.123046875 0.46484375 0.1171875 0.46484375 0.115234375 0.4609375 0.107421875 0.4619140625 0.09912109375 0.470703125 0.099609375 0.4755859375 0.1044921875 0.4775390625 0.10400390625 0.4814453125 0.10791015625 0.4892578125
4 0.19189453125 0.4091796875 0.197265625 0.41015625 0.19970703125 0.4072265625 0.2041015625 0.388671875 0.2060546875 0.3642578125 0.2041015625 0.357421875 0.2001953125 0.3544921875 0.193359375 0.35546875 0.17431640625 0.390625 0.17236328125 0.4033203125 0.173828125 0.4228515625 0.18115234375 0.4208984375 0.19189453125 0.4091796875
4 0.26220703125 0.33203125 0.26025390625 0.341796875 0.26220703125 0.3466796875 0.2744140625 0.34375 0.28125 0.3330078125 0.28662109375 0.314453125 0.2890625 0.2978515625 0.28662109375 0.294921875 0.28662109375 0.2822265625 0.27880859375 0.2861328125 0.2666015625 0.302734375 0.2685546875 0.3056640625 0.26708984375 0.3095703125 0.2705078125 0.3154296875 0.26220703125 0.33203125
4 0.63916015625 0.34375 0.6435546875 0.3330078125 0.64208984375 0.3154296875 0.630859375 0.30078125 0.62548828125 0.302734375 0.62158203125 0.3154296875 0.62158203125 0.330078125 0.62646484375 0.341796875 0.630859375 0.3447265625 0.63916015625 0.34375