4 0.763734915625 0.6138771203125 0.76515894375 0.6099723234375001 0.7654750578125 0.606964696875 0.7612526328125 0.598918771875 0.7496436109375 0.5936441453125 0.751120325 0.5892380765625 0.7474789546875 0.5853076921875 0.7370832203125001 0.5781333546874999 0.7282710828125001 0.5751799265625 0.7088012953125 0.5771880375 0.6900721328125 0.5914374 0.690600503125 0.5960542125 0.709597634375 0.6081870625 0.7397265875000001 0.610846934375 0.747378125 0.6151988046875 0.7523908375 0.6157256624999999 0.763734915625 0.6138771203125
4 0.44781238125 0.813297475 0.44837437968750005 0.8079504156249999 0.4486553515625 0.8052771359375 0.4432196421875 0.7991309249999999 0.4239063984375 0.7900057015625 0.3988428421875 0.787371415625 0.3947273015625 0.7879524734375 0.3944111875 0.7909601 0.38285636562500003 0.794813725 0.3790584515625 0.802016678125 0.3726217140625 0.8053946171874999 0.38069625 0.8153658390625 0.399112325 0.8233831515625001 0.41335865937499994 0.8228532671875 0.43404173281249997 0.8189454421875 0.44781238125 0.813297475
4 0.24379035 0.5941985375 0.2575594859375 0.5789210484375 0.25771754375 0.5774172359375 0.2564500578125 0.5701886968750001 0.2498010625 0.5659421984375 0.24505026718749998 0.5532794640625001 0.239193071875 0.551143421875 0.232122590625 0.55090709375 0.21318268593749998 0.5671615390625 0.2033183484375 0.5838630546875 0.20590600312500001 0.5978188624999999 0.2142439671875 0.6052837281250001 0.22711895937499998 0.6081573703125 0.24062618125 0.605015759375 0.24379035 0.5941985375
4 0.310715125 0.3817844875 0.3151994640625 0.3776945328125 0.3142496078125 0.37708789062500003 0.3149872078125 0.3700700953125 0.3114512109375 0.36513717031250004 0.298681590625 0.361260984375 0.28359077187500004 0.360181684375 0.270188921875 0.362320753125 0.2625388984375 0.36759840781249997 0.2644928109375 0.37793994375 0.27114180625 0.3821864421875 0.27805423125 0.383926584375 0.3003209015625 0.3842396703125 0.310715125 0.3817844875
4 0.43257957343750003 0.244577609375 0.4363774859375 0.23737465625 0.4365882296875 0.2353695734375 0.4312052046875 0.22872209062499999 0.40972881875 0.22088993750000002 0.4017084796875 0.220046965625 0.392422171875 0.22160497812500002 0.37870420781249997 0.2267516734375 0.380235121875 0.23147385625 0.387886659375 0.23582572656249998 0.3933223703125 0.2419719375 0.4130570984375 0.2470869921875 0.43257957343750003 0.244577609375
4 0.386891684375 0.2838679671875 0.405041303125 0.2751325875 0.40519935937499996 0.2736287765625 0.3885249421875 0.2683285625 0.3795020609375 0.2673802203125 0.370321125 0.267935690625 0.3608767578125 0.2709975171875 0.35375510625 0.2808919828125 0.353861990625 0.2895189625 0.3594030734375 0.2946626296875 0.3677922109375 0.2919967046875 0.3758125484375 0.2928396765625 0.39042768125 0.28880089375 0.386891684375 0.2838679671875
4 0.5204238953125 0.1899525359375 0.5269660046875 0.1855720515625 0.52601615 0.184965409375 0.517151325 0.1825132546875 0.51467055625 0.177184428125 0.5089187328125 0.17404584375 0.49789076874999993 0.1728867578125 0.48053143593750003 0.1741030703125 0.4628559890625 0.17832700937499998 0.44591965624999996 0.185162675 0.4485584828125 0.1889876875 0.4465549125 0.1984064671875 0.45220136406250006 0.20254759375 0.45621153437500006 0.20296907968750003 0.48692002968750003 0.20011496874999998 0.5204238953125 0.1899525359375
4 0.314711671875 0.29554027031249996 0.3199599546875 0.284181884375 0.3202497265625 0.28142489375 0.3097471046875 0.2656235734375 0.289538203125 0.2650199578125 0.2858456625 0.27122036718750003 0.2824195765625 0.29417346875 0.3034729640625 0.29638626874999996 0.314711671875 0.29554027031249996
4 0.6497551609375 0.5603390593750001 0.65445024375 0.5542440203125001 0.6547663578125 0.55123639375 0.6484861625 0.543480996875 0.6436315078125 0.541450328125 0.6214702078125 0.5401346984375001 0.6170912390625001 0.543222109375 0.6240051765625 0.554591775 0.639413625 0.562292971875 0.6497551609375 0.5603390593750001
4 0.6784391859375 0.7696249749999999 0.6823951546875 0.760918209375 0.6826585828125 0.7584118546874999 0.6790683875 0.7443506765625 0.6754270171875 0.74042029375 0.6702035640624999 0.7418985203124999 0.6532657171875 0.7391046640625001 0.6480422640625 0.740582890625 0.650050375 0.7600526796875 0.655538771875 0.76569761875 0.6784391859375 0.7696249749999999
4 0.28512954218750003 0.7505860453125 0.2944158515625 0.7490280328125001 0.294573909375 0.7475242203125 0.296417909375 0.7299797296875 0.29151056875000003 0.72845033125 0.2574241328125 0.7248677015625 0.2580578765625 0.7284819703125 0.2466611109375 0.7308317828125 0.241174228125 0.7348163671875 0.24070005625 0.7393278046875 0.244341425 0.7432581890625001 0.2633912421875 0.75488976875 0.280750575 0.75367345625 0.28512954218750003 0.7505860453125