4 0.42578125 0.255859375 0.42529296875 0.28515625 0.43505859375 0.3046875 0.439453125 0.3056640625 0.455078125 0.2890625 0.458984375 0.2705078125 0.45703125 0.26171875 0.451171875 0.2509765625 0.44775390625 0.2470703125 0.443359375 0.248046875 0.439453125 0.236328125 0.43212890625 0.2314453125 0.42919921875 0.2314453125 0.42529296875 0.232421875 0.42236328125 0.2431640625 0.42236328125 0.248046875 0.42578125 0.255859375
4 0.1865234375 0.5625 0.1923828125 0.5810546875 0.201171875 0.58984375 0.205078125 0.583984375 0.21240234375 0.5810546875 0.21728515625 0.5703125 0.22021484375 0.5703125 0.22119140625 0.56640625 0.22119140625 0.5419921875 0.21435546875 0.5224609375 0.208984375 0.5166015625 0.206380371875 0.5166015625 0.201171875 0.5166015625 0.1943359375 0.529296875 0.1884765625 0.548828125 0.1865234375 0.5625
4 0.3779296875 0.7626953125 0.38427734375 0.771484375 0.3974609375 0.775390625 0.41455078125 0.767578125 0.43212890625 0.7509765625 0.4326171875 0.744140625 0.43115234375 0.73828125 0.41943359375 0.732421875 0.416015625 0.7255859375 0.4091796875 0.7236328125 0.40771484375 0.7236328125 0.3916015625 0.7353515625 0.380859375 0.7373046875 0.37646484375 0.75 0.3779296875 0.7626953125
4 0.5986328125 0.73046875 0.60205078125 0.7373046875 0.61181640625 0.740234375 0.61767578125 0.7333984375 0.62109375 0.720703125 0.62158203125 0.7060546875 0.619140625 0.693359375 0.61474609375 0.689453125 0.60791015625 0.689453125 0.607421875 0.6884765625 0.60302734375 0.6923828125 0.599609375 0.7021484375 0.59765625 0.7236328125 0.5986328125 0.73046875
4 0.75146484375 0.6328125 0.7548828125 0.640625 0.75927734375 0.642578125 0.765625 0.6298828125 0.76806640625 0.62109375 0.76806640625 0.61328125 0.7626953125 0.591796875 0.7568359375 0.5859375 0.7548828125 0.5859375 0.74755859375 0.5888671875 0.7431640625 0.607421875 0.74609375 0.626953125 0.75146484375 0.6328125
4 0.6953125 0.646484375 0.69189453125 0.654296875 0.6962890625 0.66015625 0.70458984375 0.6611328125 0.71484375 0.6552734375 0.71875 0.646484375 0.72021484375 0.6376953125 0.72021484375 0.62890625 0.716796875 0.6123046875 0.71533203125 0.6123046875 0.705078125 0.62890625 0.70068359375 0.625 0.6953125 0.638671875 0.6953125 0.646484375
4 0.7900390625 0.57421875 0.79345703125 0.580078125 0.802734375 0.5791015625 0.80615234375 0.58203125 0.814453125 0.56640625 0.8203125 0.5498046875 0.8232421875 0.533203125 0.8232421875 0.5224609375 0.82080078125 0.5166015625 0.81591796875 0.513671875 0.814453125 0.5048828125 0.81396484375 0.50390625 0.80908203125 0.509765625 0.7958984375 0.541015625 0.7900390625 0.5703125 0.7900390625 0.57421875
4 0.70703125 0.7275390625 0.71337890625 0.724609375 0.71484375 0.705078125 0.70068359375 0.693359375 0.697998046875 0.693359375 0.6865234375 0.697265625 0.6845703125 0.7080078125 0.6845703125 0.728515625 0.70703125 0.7275390625
4 0.478515625 0.380859375 0.48193359375 0.376953125 0.48291015625 0.35546875 0.4814453125 0.3505859375 0.474609375 0.34375 0.4716796875 0.34375 0.46533203125 0.34765625 0.46240234375 0.357421875 0.46826171875 0.373046875 0.478515625 0.380859375
4 0.29150390625 0.3310546875 0.29345703125 0.326171875 0.29248046875 0.3095703125 0.29443359375 0.3046875 0.291015625 0.30078125 0.27783203125 0.2958984375 0.275390625 0.2958984375 0.2666015625 0.298828125 0.26806640625 0.3212890625 0.27294921875 0.3271484375 0.29150390625 0.3310546875
4 0.248046875 0.7197265625 0.25146484375 0.7236328125 0.255859375 0.7236328125 0.26025390625 0.71875 0.263671875 0.7080078125 0.26708984375 0.708984375 0.26708984375 0.67578125 0.26611328125 0.6708984375 0.2490234375 0.6708984375 0.24755859375 0.6708984375 0.2451171875 0.6796875 0.24169921875 0.68359375 0.23876953125 0.7001953125 0.248046875 0.7197265625