4 0.22873998593749997 0.3683287046875 0.226854784375 0.3721877453125 0.22620505937500002 0.37524445625 0.22967526718750003 0.3839691078125 0.24103581406250002 0.39064361875000003 0.239042325 0.3950121109375 0.242359928125 0.39944457187500004 0.252268421875 0.40794031718749996 0.26100540625 0.41192729687499996 0.281230875 0.41196659999999996 0.30201743593749997 0.399345909375 0.30197311718750003 0.39454426875 0.2837607890625 0.3800237375 0.2530853890625 0.3740359484375 0.24569217031249999 0.3687371890625 0.2405976515625 0.367654315625 0.22873998593749997 0.3683287046875
4 0.5749448671875 0.1975135265625 0.5737897656250001 0.20294784843749997 0.5732122687500001 0.20566475468749998 0.57813453125 0.212568175 0.5969965828125 0.22403199375 0.6224691765625 0.2294463609375 0.626761365625 0.22929375625 0.6274110890625 0.2262370453125 0.63970190625 0.22352484687500002 0.6443829265625001 0.2165327921875 0.6513626484375 0.2137566265625 0.6441416859375 0.20263732031249998 0.6260819625 0.19240897968749998 0.6113841609375 0.191414740625 0.5897066375 0.1931966703125 0.5749448671875 0.1975135265625
4 0.76094724375 0.444712484375 0.7451469171875 0.45892550156249995 0.7448220546875 0.46045385625 0.7453438390625 0.46801933125 0.7517181546875 0.4731015171875 0.75523268125 0.4866278109375 0.761021240625 0.48945561406250004 0.76826185625 0.490462184375 0.7894815625 0.4758036859375 0.80142285 0.45970546875 0.8002709937500001 0.4450839703125 0.7925085953125001 0.43651192187500004 0.7795877078125 0.4321680953125 0.7653673734375 0.4339376921875 0.76094724375 0.444712484375
4 0.6692270625 0.6557758609375 0.6641768609375001 0.6594946296875001 0.665087478125 0.6602206546875 0.6635714546875 0.66735298125 0.6666724828125 0.672804346875 0.6793767953125001 0.678167078125 0.6947686390625 0.6809062453125 0.7087724 0.680155553125 0.717204171875 0.675558153125 0.7163132078125 0.6647193921875 0.70993889375 0.65963720625 0.7030231421875001 0.6571022796875 0.680174109375 0.6543754453124999 0.6692270625 0.6557758609375
4 0.5291702109374999 0.7836166999999999 0.524489190625 0.7906087546875 0.524056040625 0.7926465609375 0.528870015625 0.8000594328125 0.5500947375 0.810428046875 0.5582459671875 0.8121606437500001 0.5679575375 0.81156255625 0.582611021875 0.807755153125 0.5815478 0.8027369359375 0.57415458125 0.797438175 0.5692323203125 0.7905347578125 0.5495039687500001 0.783146553125 0.5291702109374999 0.7836166999999999
4 0.5803662625 0.7481739484375 0.560770865625 0.75519066875 0.560446003125 0.756719025 0.5770093562499999 0.76396695625 0.5861794890625001 0.765916128125 0.5956744859375 0.7663369453125 0.6057109171875 0.7642105015625 0.614098375 0.7548114609375001 0.6149203562500001 0.7459342046875 0.6097815203125 0.740049690625 0.600872278125 0.7418832546874999 0.5927210484375001 0.7401506578125 0.5772652359375 0.7427225843749999 0.5803662625 0.7481739484375
4 0.432994803125 0.8302650874999999 0.42579850781250006 0.8340601578125 0.4267091234375 0.834786184375 0.4355543953125 0.8382637125000001 0.43752823281250003 0.8440079562499999 0.44310021875 0.8478546625 0.45430816093750004 0.8502369828124999 0.472279246875 0.8508620421875 0.4909000609375 0.8484303890625 0.5090434046875 0.843234903125 0.5067447046875 0.8390190140625 0.5098210671875 0.8295560046875 0.5044656562500001 0.8246903937500001 0.5003900406249999 0.8238240953125 0.46852348125 0.8234402765625 0.432994803125 0.8302650874999999
4 0.6558044453125 0.7439750046875 0.6491840765625 0.7550808250000001 0.648588496875 0.7578828109375 0.657675009375 0.7752558109375001 0.678377946875 0.7780589484375 0.68284239375 0.7720857984375 0.6888425140625001 0.7488675875 0.6674455359375 0.74431951875 0.6558044453125 0.7439750046875
4 0.34009106718750004 0.4356595703125 0.33460771718750004 0.44141614531249995 0.33395799375 0.4444728578125 0.3395742953125 0.45312120624999996 0.344343953125 0.4557324359375 0.366976409375 0.4594781734375 0.3718100359375 0.4567783109375 0.36593284062500003 0.4443472234375 0.350929828125 0.43476860625 0.34009106718750004 0.4356595703125
4 0.3332188265625 0.21748392343749998 0.32821294375 0.22600433281250001 0.32767150625 0.2285515921875 0.3298422671875 0.2433896671875 0.3331598703125 0.247822128125 0.33868753749999997 0.24686719375 0.355792328125 0.25156786875 0.36131999531250003 0.2506129328125 0.3613592984375 0.23038746406250002 0.35632874999999997 0.2239934953125 0.3332188265625 0.21748392343749998
4 0.73535593125 0.279532165625 0.7256443625 0.28013025156250004 0.7253195 0.28165860781249996 0.7215294421875 0.29948942343749996 0.7264073859375 0.3015912015625 0.7610501140625 0.308954740625 0.760789221875 0.3051720015625 0.772755175 0.30398816093750003 0.7788242796875 0.3004859671875 0.779798865625 0.2959009 0.7764812609375 0.29146843906250003 0.7581606468750001 0.277457359375 0.740189559375 0.27683230000000003 0.73535593125 0.279532165625