4 0.5780917203125 0.535575815625 0.5800436062500001 0.527819365625 0.583749203125 0.5342714375 0.5786787796875 0.5226542171874999 0.57257133125 0.4869213375 0.5649096078125 0.471987403125 0.5573513343750001 0.44807055 0.553403934375 0.44358781406250003 0.5439461296875 0.45142216562500004 0.5424778515625001 0.4552399375 0.5362071328125 0.4574685328125 0.5283821390625 0.48049607187500004 0.5274149218749999 0.488373421875 0.52890065 0.49255390312499997 0.5247376218750001 0.502037884375 0.5261024484375 0.5072030328125 0.5246428984375 0.5150199328125 0.5197370046875001 0.522413675 0.5207303999999999 0.5265337015625 0.5325551515625 0.5319836546875 0.5629589828125 0.5367162875 0.5780917203125 0.535575815625
4 0.6034200859375 0.30080148125 0.6037653421875 0.289849221875 0.6092844687500001 0.2815312640625 0.605207440625 0.27403407031250004 0.61072656875 0.2657161125 0.6105794890625 0.2547034015625 0.6082387203125 0.253416478125 0.5748808828125 0.2483211359375 0.53675550625 0.2576331203125 0.5349419734375 0.272403153125 0.53925208125 0.27393188125 0.547665396875 0.29495518125000003 0.5567866718750001 0.30207221562500003 0.5670047921875 0.3043263546875 0.5710556437500001 0.29982616875 0.591491884375 0.30433445312499996 0.593823928125 0.30162225 0.598635096875 0.30721055625 0.6034200859375 0.30080148125
4 0.3351614390625 0.40979441093749996 0.32690393281249996 0.40378294531250003 0.31817154062499997 0.405709284375 0.3136370796875 0.414148146875 0.30847193281249996 0.41551297343750004 0.3048099640625 0.4290565328125 0.3028929828125 0.4528094859375 0.30413690625 0.458959303125 0.307833778125 0.46141224843749995 0.3068578359375 0.4652904734375 0.30982929375 0.47365143125 0.32016831562500003 0.47492090468750003 0.33061078906249997 0.46720745468749997 0.3369587796875 0.4439985609375 0.336776796875 0.416989346875 0.3351614390625 0.40979441093749996
4 0.305063015625 0.5450311953125 0.294957071875 0.5377932578125 0.2899128265625 0.5381734171875 0.2799801375 0.55394556875 0.26969347187500003 0.5766708546875 0.2678624875 0.5834426328125 0.269728375 0.592667359375 0.278763653125 0.6167655671875 0.2852936265625 0.6205658875 0.29734273125 0.6160482515625 0.306299475 0.6041543218750001 0.312008053125 0.5698722671875001 0.311964421875 0.549876634375 0.30924349375000004 0.5435454656250001 0.305063015625 0.5450311953125
4 0.15899424374999999 0.485116628125 0.14041516406250001 0.48583394531249996 0.12984306406249999 0.4905329375 0.1255504078125 0.4970024609375 0.1253173296875 0.502970925 0.122864384375 0.506667796875 0.1278313578125 0.5272679375 0.1380669296875 0.53752033125 0.14261884062500002 0.537079721875 0.1541581578125 0.52450338125 0.1597894640625 0.5112016265625 0.158916971875 0.5060969281250001 0.1609723078125 0.489357559375 0.15899424374999999 0.485116628125
4 0.40483238125 0.47732023437500004 0.4010756890625 0.503845840625 0.404047146875 0.5122068 0.415379565625 0.5175963015625 0.42977816406249997 0.5183647125 0.433094878125 0.5157734125 0.43525366249999997 0.490051121875 0.43375048281249995 0.477872390625 0.42708215312500003 0.46705848593750005 0.4151365 0.46259320156249994 0.40483238125 0.47732023437500004
4 0.47055718124999996 0.5973357609375001 0.4579384703125 0.6227732484375 0.45549425 0.6304692453125 0.45847443437499996 0.64282933125 0.4703079109375 0.652278409375 0.4843350796875 0.6520017015625 0.48972457968749994 0.640669284375 0.49446593906249997 0.6142645796874999 0.49357599687500003 0.60116163125 0.49122649999999995 0.59587558125 0.47989408281249996 0.5904860796875 0.47055718124999996 0.5973357609375001
4 0.5118783671875 0.5864171453125 0.505660003125 0.612640496875 0.5038377453125 0.623411403125 0.5047364156249999 0.6405134796875 0.5166820703125 0.6449787625 0.5271332671875 0.6412644390625 0.53375796875 0.6320827125 0.5365648953125 0.621432709375 0.5369961484375 0.5934992765625 0.5356313218750001 0.588334128125 0.5298354828125 0.5826249203125 0.5118783671875 0.5864171453125
4 0.576834125 0.6923450546875001 0.565873140625 0.6880006734374999 0.5624355265625 0.6915766421875 0.551725071875 0.68926205 0.5455752546875 0.690505975 0.5425090703125 0.6951270640625 0.539304534375 0.69273456875 0.5347613484375 0.6971743046875 0.53243803125 0.7038856328125 0.5292683984375001 0.7174896421875 0.5300636171875001 0.7435746390625 0.5324131140625 0.748860690625 0.544972003125 0.75240175625 0.55173505625 0.7502336125 0.560449996875 0.740309021875 0.5639997875 0.7317492578125 0.5721014906249999 0.7227488859375 0.579192346875 0.70163023125 0.576834125 0.6923450546875001
4 0.68432871875 0.38669885625 0.672763225 0.38727781875 0.6688420015625 0.3947924625 0.6645406203124999 0.3972628609375 0.662105125 0.408957984375 0.6596521796875 0.4126548546875 0.657225409375 0.4283491046875 0.65822753125 0.43646825937499995 0.6634450359375 0.4590981890625 0.66715063125 0.4655502625 0.6779907140625 0.4708793125 0.6907826828125 0.46845191406250003 0.69962725 0.4615417796875 0.7019418421875 0.45083132499999995 0.6983222437500001 0.42739807812499997 0.68432871875 0.38669885625
4 0.76291655625 0.59325243125 0.7649980703125 0.588510440625 0.7588308015624999 0.5817561125 0.7558593421875 0.573395153125 0.7520415703125 0.5719268765625001 0.727554478125 0.5719187796874999 0.714287628125 0.58228398125 0.714667784375 0.5873282265624999 0.7108674640625 0.5938582015625 0.7118608578125001 0.5979782296875 0.7094079125 0.6016751 0.707844909375 0.6184749218750001 0.7130275109374999 0.625108346875 0.7148846718749999 0.630333946875 0.7137878265625 0.6351968390625 0.7411167484375001 0.6405514359375 0.7504536515625 0.633701753125 0.76539568125 0.6015529390625 0.76291655625 0.59325243125
4 0.645992759375 0.637867303125 0.6343412640625 0.6554274390625 0.632173753125 0.6771506046875 0.63452325 0.6824366546875 0.649794340625 0.6883097640625 0.6569201015624999 0.683187615625 0.6636482515625 0.6650229671875 0.6672067687500001 0.6604623296875001 0.6685454171874999 0.6536300984375 0.6584132953124999 0.634394784375 0.6536108546875 0.6328056046875 0.645992759375 0.637867303125
4 0.5921201484374999 0.5922715421875 0.5870933546875 0.600649953125 0.5852623718750001 0.607421734375 0.5862557640625 0.6115417609375 0.5842951546874999 0.6152990843749999 0.586066315625 0.6375058578125 0.59593045625 0.6467131312500001 0.60478375 0.6438021234375 0.6158905546875 0.602186778125 0.6158643765625 0.5901893984375 0.5996173406249999 0.5881945140625 0.5921201484374999 0.5922715421875
4 0.607234175 0.5261603796875 0.6088582578125 0.5373544421875 0.646526203125 0.5439785125000001 0.655750928125 0.542112625 0.6599226812500001 0.5366277703125 0.6612438796875 0.5217972859375 0.6597406984374999 0.5096185546875 0.6629277828125 0.504012796875 0.6613211531250001 0.5008169859375 0.66291033125 0.49601454531250005 0.660923540625 0.4877744875 0.6573475734375 0.4843368734375 0.6487360828125001 0.4852785421875 0.6408412828125 0.4763130734375 0.6339486 0.4754667578125 0.625224934375 0.481392221875 0.6212775328125 0.47690948750000006 0.6238688328124999 0.4802262 0.6200597859375 0.48275705 0.6133316359375 0.500921696875 0.610256728125 0.501543659375 0.6122347921875 0.505784590625 0.6092895109375001 0.509421009375 0.6107752390625001 0.5136014890625 0.60832229375 0.5172983609374999 0.6093156890625 0.5214183890624999 0.607234175 0.5261603796875
4 0.5357048125 0.3964365171875 0.5392720546875001 0.3958750078125 0.5464239921875 0.4027502375 0.5531097734375 0.42156239375000004 0.5543624234375 0.4317113375 0.5602878890625 0.440435003125 0.5637342296875001 0.440858159375 0.568890653125 0.43549420781250003 0.5814408171875 0.4350361453125 0.5883160453125 0.4278842078125 0.5868215921875 0.419704603125 0.5891449093750001 0.412993275 0.5854991328125 0.37756265 0.5832618140625 0.367292803125 0.5763429546875 0.3544491109375 0.5636631624999999 0.3518927140625 0.5580056796874999 0.35319708906249997 0.5560450671875 0.35695441250000004 0.5543000828125 0.3467450171875 0.55542310625 0.353879503125 0.54755448125 0.3569114125 0.546440184375 0.3537760515625 0.5506119375 0.3482911984375 0.550482309375 0.345276740625 0.5483920703125 0.34601960468750004 0.547174321875 0.351867165625 0.5454380640625 0.345656896875 0.5435983546875 0.3484295515625 0.5335098625 0.34918986875 0.5268328062500001 0.33437683749999997 0.5199226734375 0.3255322703125 0.517841159375 0.330274259375 0.5159839984375 0.32504866093749996 0.5175993546875 0.332243596875 0.5135572296875 0.34074291093750003 0.5152934890624999 0.3469531796875 0.5133328781250001 0.35071050000000004 0.5205197187499999 0.37358223437500004 0.5285354234375 0.3815630375 0.5332082375 0.3801377578125 0.5367842046875 0.383575371875 0.5381577578125001 0.392739646875 0.5357048125 0.3964365171875
4 0.40316466875 0.4461305390625 0.4068528140625 0.444584359375 0.40696498906249995 0.439600565625 0.414220378125 0.4374928734375 0.4185130328125 0.43102334999999997 0.41825377656249996 0.424994434375 0.42106942968750005 0.41834355624999997 0.424463415625 0.39477195625 0.420006228125 0.3822305171875 0.404614234375 0.377342078125 0.39146828437500003 0.38672260937499997 0.386933825 0.39516147031250004 0.3858806078125 0.4200199953125 0.3870210828125 0.435152734375 0.3936719609375 0.4379683859375 0.3934388828125 0.44393684999999994 0.39539949375 0.440179528125 0.39639288906250003 0.4442995578125 0.39971832812499997 0.4457073828125 0.4010569765625 0.438875153125 0.40316466875 0.4461305390625
4 0.3559492359375 0.688212615625 0.3624966640625 0.700011190625 0.36643533906250003 0.7004947984375 0.37577224062500003 0.6936451156250001 0.38017707343749996 0.682191796875 0.3789069703125 0.6640446015625 0.375814609375 0.6566683109375 0.371513228125 0.6591387078125 0.3601035390625 0.6747295078125 0.3559492359375 0.688212615625