4 0.52087984375 0.46896440000000006 0.5287192468749999 0.469512584375 0.5525800703125 0.4662575109375 0.5559309859375 0.4605835265625 0.5599192093750001 0.4598776953125 0.569320984375 0.4521650359375 0.5657096375 0.44748127968749996 0.5438908453125 0.4356160328125 0.530822859375 0.42534741875000004 0.49724496250000005 0.41265989531249997 0.4869111828125 0.40553662656249995 0.49248238125 0.4103574296875 0.48457445625 0.41078916875000004 0.4806068328125 0.42528248281250003 0.47946254374999997 0.4557286921875 0.48252570625 0.46825185312500006 0.4863426234375 0.46999583125 0.49445611874999995 0.46662431406250005 0.502329784375 0.46668253593750003 0.5070923640625 0.46898500312499997 0.5170971875 0.4667304578125 0.52087984375 0.46896440000000006
4 0.7322217156249999 0.5024524859375 0.746920596875 0.50348033125 0.76317490625 0.468182415625 0.7645247640624999 0.43479642968750004 0.7637161453125 0.4322780921875 0.7530397515625 0.43005445 0.7439120703125 0.43384740781250003 0.7373952078125 0.42846811875 0.7282675234375 0.432261075 0.71755686875 0.43052739687499997 0.7104232984375 0.43396743750000005 0.714946046875 0.43969964062500005 0.7118692249999999 0.4414539234375 0.7123900921875 0.462169403125 0.707250634375 0.46525652656250005 0.7075110687499999 0.475614265625 0.7127053890624999 0.48582465781249995 0.73155014375 0.4979743 0.7322217156249999 0.5024524859375
4 0.5130274671875 0.6939155 0.5364771515625 0.6965399796875 0.5503331546875 0.69553945 0.55263561875 0.6907768703125 0.5616947796875 0.6879638390625 0.5652170015625 0.679840040625 0.56093408125 0.670678096875 0.5542459109375 0.6677486234375001 0.5280277578125 0.6624687609375 0.5042697171875 0.664253946875 0.4947994203125 0.67294653125 0.494079928125 0.683235746875 0.5016452375 0.687703634375 0.5055992015624999 0.6874877625 0.5072849609375 0.6915445109375 0.5130274671875 0.6939155
4 0.3794356 0.70328346875 0.3863636015625 0.7027832046875 0.41039573437500004 0.69707831875 0.42760264843750007 0.69040380625 0.4289251890625 0.685572703125 0.423799390625 0.6743823859375 0.426033334375 0.6705997296875 0.4203936125 0.6667588515625 0.4009664125 0.662938578125 0.3665662390625 0.6620101593750001 0.3533132859375 0.6684688000000001 0.34664571875 0.679326803125 0.34910583281249996 0.6863918515625 0.370821840625 0.6997269859374999 0.3794356 0.70328346875
4 0.430721134375 0.8570390437500001 0.4365664234375 0.8579401453125 0.44366573281250005 0.8549900671874999 0.45023051562500005 0.8456019515625 0.45443796875000003 0.8276789015625001 0.4506895734375 0.824954996875 0.4340308421875 0.8237901046875 0.429234 0.8219776 0.4152409515625 0.8249379796874999 0.4008367671875 0.8337779109375001 0.3995484875 0.838119053125 0.4075798 0.8500049015625001 0.4266643859375 0.8587248031250001 0.430721134375 0.8570390437500001
4 0.48197103593749996 0.5888408968750001 0.50846328125 0.59020105625 0.524724534375 0.582968059375 0.522641296875 0.5705134234375 0.5133902265625 0.5619887890624999 0.5018366921874999 0.5582267359374999 0.4764271546875 0.5554652109375 0.473281809375 0.55819941875 0.4713082984375 0.5723398140625 0.474405725 0.5843730109374999 0.48197103593749996 0.5888408968750001
4 0.3691766015625 0.5120233515625 0.37711879062500003 0.5111016484375 0.4042277453125 0.5036424796875 0.41264959375 0.4958612984375 0.40955217031249996 0.4838281015625 0.4048581109375 0.48054571093750004 0.39229038906249997 0.477205096875 0.36572961875 0.4768248625 0.353696421875 0.4799222875 0.3507772484375 0.493504196875 0.35772585156250003 0.5067914109375 0.3691766015625 0.5120233515625
4 0.38517047656250003 0.4663676953125 0.39598391875 0.46663148593750003 0.42264747343750003 0.4655418328125 0.42972617968750004 0.4488042765625 0.42527195312500005 0.442092146875 0.420509371875 0.43978968125 0.3932770296875 0.434931259375 0.38239506562500003 0.4356473921875 0.37221893437500003 0.440351753125 0.36663407812500004 0.44980839218749996 0.368717315625 0.46226302812500003 0.38517047656250003 0.4663676953125
4 0.2985326203125 0.42387485781249995 0.312354359375 0.42336429375 0.3193166234375 0.422374065625 0.32449034062500004 0.41879697968749996 0.322770321875 0.4152301953125 0.32784125625 0.41312299531249996 0.3302122453125 0.40738049062500004 0.3299860734375 0.3965327890625 0.33411134531250003 0.393867103125 0.331959584375 0.3823923921875 0.3233800859375 0.378345946875 0.301513371875 0.381248103125 0.2912344578125 0.38742234999999997 0.28224382187499997 0.38925545625 0.2709507203125 0.3958511421875 0.2675655421875 0.40201508906249994 0.2686345953125 0.41489116406250004 0.2733286515625 0.4181735578125 0.2985326203125 0.42387485781249995
4 0.6037482484375001 0.3541312921875 0.619461315625 0.3547376984375 0.6235180640625 0.3530519390625 0.635345690625 0.352894290625 0.638559559375 0.3491801578125 0.6466045328125001 0.3467885671875 0.6493523984375 0.3356564703125 0.6124372453125 0.3143654890625 0.5903443609375 0.30641994375000003 0.5794966578125 0.306646115625 0.571109071875 0.3139373328125 0.56633283125 0.325912309375 0.56946451875 0.33745554375000003 0.5750357171875 0.34227634687499997 0.596045890625 0.35162325625 0.6037482484375001 0.3541312921875
4 0.44919390000000003 0.2689776671875 0.45301081718749997 0.2707216453125 0.4600758625 0.26826153124999996 0.4649069671875 0.269584071875 0.4774883484375 0.2586472453125 0.4821069390625 0.234844640625 0.48140110781249995 0.230856415625 0.4738357953125 0.22638853124999997 0.46843590468749996 0.219117915625 0.4634334921875 0.2202451875 0.45583392187499994 0.2162672640625 0.421762703125 0.224716659375 0.4133408546875 0.232497840625 0.41338205937500005 0.26007279843750003 0.41831594843750003 0.25992545 0.4230442671875 0.2627178796875 0.42851268124999997 0.26900856875 0.44513715156250006 0.270663425 0.44919390000000003 0.2689776671875
4 0.357183925 0.331473890625 0.37870802187499997 0.3334713609375 0.397977575 0.3254640078125 0.40433678906250003 0.31901566875 0.40369947812499996 0.31404751875 0.386917359375 0.3005650375 0.3800236203125 0.3005753375 0.3749184234375 0.30317249999999996 0.3559914875 0.30628022499999996 0.3496665359375 0.3122386015625 0.35248986875 0.3281915 0.357183925 0.331473890625
4 0.416096121875 0.3902452265625 0.423024121875 0.3897449625 0.43211754375 0.38644196875 0.43749683125 0.37992510625000003 0.43862746093749994 0.3637563375 0.4269711421875 0.36146417343750004 0.3844232109375 0.364397234375 0.37992106406250004 0.37245250625000004 0.3870067140625 0.3837798703125 0.40825671874999997 0.3896970421875 0.4122792046875 0.388501246875 0.416096121875 0.3902452265625
4 0.547022303125 0.37675198593750003 0.5497565109375 0.37989733124999997 0.5461451625 0.37521357499999997 0.5535528249999999 0.3678538328125 0.5540324859375 0.36099435468749996 0.546809790625 0.3516268421875 0.5493520875 0.34343452343749997 0.546686403125 0.33930925156249997 0.5390525687500001 0.3358212921875 0.53408441875 0.3364586015625 0.5312816890625001 0.33429318124999996 0.5252308296875 0.33633185625 0.51367729375 0.332569803125 0.499012675 0.3310519953125 0.4928932921875 0.3340705953125 0.48933680781250005 0.34268435625000004 0.48865852031249996 0.3805485296875 0.49923213125 0.384242059375 0.5042345421875 0.38311478593750004 0.5080514593750001 0.384858765625 0.5121082078125 0.3831730078125 0.5158908624999999 0.3854069515625 0.519981871875 0.3832312296875 0.523730265625 0.3859551359375 0.5249157609374999 0.3830838828125 0.543842696875 0.37997615625000003 0.547022303125 0.37675198593750003
4 0.6707811109375 0.5080033109375 0.6774692812499999 0.510932784375 0.6727409609375 0.50814035625 0.6777433734375 0.507013084375 0.6704521546875 0.498625496875 0.65731564375 0.48933680781250005 0.6599607265625 0.47967459999999995 0.6630032875 0.47841028124999996 0.6572950421875 0.47554932968749997 0.66320885625 0.4754705046875 0.6643258265624999 0.4735791765625 0.6614203125 0.4728836453125 0.6553009296875 0.47590224531249997 0.6524639375 0.47422678749999997 0.6568975625 0.467151440625 0.6636199953124999 0.469590953125 0.6540263093750001 0.4659659453125 0.658048796875 0.46477014843750003 0.6603855234375 0.45951760625000004 0.660296396875 0.446710053125 0.6491197390625 0.4375584109375 0.639560315625 0.43344344218749997 0.6058111125 0.42320573125000005 0.59884885 0.42419595781249997 0.591180753125 0.42119796093749995 0.5829302125 0.426529328125 0.580113821875 0.43864134843749997 0.5739259171875 0.4426398734375 0.5736860859374999 0.4460696125 0.5810458281249999 0.453477275 0.590673775 0.45661231874999997 0.6076957234375 0.46666506406249997 0.6130270906249999 0.4749156046875 0.6118073359375 0.4782768203125 0.6158640828124999 0.4765910625 0.6245121046875 0.47965758281250004 0.6271777890625 0.48378285468750004 0.6249095828125 0.488055471875 0.631152353125 0.4973544625 0.65202548125 0.5086612234375 0.6560479671875 0.5074654265625 0.6617562125 0.510326378125 0.6707811109375 0.5080033109375
4 0.58493866875 0.6231208125000001 0.593997828125 0.62030778125 0.605599284375 0.6093024296875 0.6037558765625 0.5934180546875 0.592407909375 0.586716225 0.5688554390625 0.5855616343750001 0.561858915625 0.5870418234375 0.5560478859375 0.5856507609375 0.548948578125 0.5886008375 0.545529140625 0.5952547453125 0.5406637734374999 0.5944221671875 0.53846409375 0.5977148609375 0.5451180015625 0.6011343 0.5382242625 0.6011446 0.5389643578125 0.6046428609375 0.5427812734375 0.6063868421875 0.5387587890625001 0.6075826375 0.5446040796875 0.6084837390625 0.5460842671874999 0.6154802625 0.5605775796875 0.619447884375 0.58493866875 0.6231208125000001
4 0.2942434421875 0.5978698375 0.30813370625 0.5963793468749999 0.3254434046875 0.588234946875 0.3286572734375 0.5845208140625 0.3220718890625 0.5801214515625001 0.3046730625 0.575458296875 0.2927083890625 0.5775757968749999 0.2842865390625 0.5853569796875 0.284012446875 0.58927668125 0.2942434421875 0.5978698375