4 0.4152542375 0.49788135625 0.42266949218749994 0.4894067796875 0.43114406718750004 0.47033898281250003 0.43008474531249996 0.4650423734375 0.4237288140625 0.46133474531249996 0.41843220312499996 0.46239406718750004 0.414194915625 0.4597457625 0.398305084375 0.45603813593750003 0.376059321875 0.4570974578125 0.371822034375 0.45550847499999997 0.358050846875 0.45762711874999995 0.34216101718749997 0.45338983125 0.3177966109375 0.46239406718750004 0.31673728749999996 0.47987288125000005 0.313559321875 0.48146186406249997 0.313559321875 0.48199152500000003 0.31991525468750004 0.4947033890625 0.3252118640625 0.4962923734375 0.349576271875 0.49576271250000004 0.3622881359375 0.5005296609375 0.3845338984375 0.5052966109375 0.39406779687500004 0.5037076265625 0.39512711875 0.5068855937500001 0.4014830515625 0.5084745765625 0.39936440625 0.5031779656250001 0.4152542375 0.49788135625
4 0.315677965625 0.5529661015625 0.3061440671875 0.5476694921874999 0.28813559375 0.543432203125 0.28283898281250003 0.544491525 0.27436440625 0.54237288125 0.2584745765625 0.53336864375 0.23622881406250001 0.5360169484374999 0.23305084687500002 0.52913135625 0.22881355937499998 0.5397245765625 0.22881355937499998 0.54307891875 0.23305084687500002 0.5672669484374999 0.2415254234375 0.5847457625 0.248940678125 0.5889830515625001 0.253177965625 0.5868644062499999 0.2584745765625 0.587923728125 0.2627118640625 0.59163135625 0.2637711859375 0.5889830515625001 0.27966101718749997 0.580508475 0.28283898281250003 0.5752118640624999 0.315677965625 0.5529661015625
4 0.855932203125 0.6456567796875 0.830508475 0.662076271875 0.8209745765625 0.6647245765625 0.8093220343749999 0.664194915625 0.8061440671875 0.666313559375 0.795550846875 0.66737288125 0.7828389828125 0.6806144062499999 0.7828389828125 0.6811440671875 0.7902542375 0.69862288125 0.8008474578125 0.7102754234375 0.830508475 0.717690678125 0.8411016953124999 0.7182203390625 0.8474576265625 0.7118644062499999 0.8580508468750001 0.6843220343749999 0.87288135625 0.6737288140625 0.8845338984375 0.6594279656250001 0.8855932203125001 0.6472457625 0.855932203125 0.6456567796875
4 0.6525423734375 0.8363347453125 0.6493644062499999 0.8389830515625001 0.6355932203125 0.8411016953124999 0.6006355937500001 0.8411016953124999 0.5921610171875 0.8389830515625001 0.580508475 0.8411016953124999 0.57838983125 0.8463983046875001 0.57838983125 0.8495762718750001 0.579449153125 0.86387711875 0.583686440625 0.8702330515625001 0.5921610171875 0.8702330515625001 0.60487288125 0.875 0.6302966109375 0.8760593218749999 0.6366525421875 0.87288135625 0.6610169484374999 0.8490466109374999 0.664194915625 0.84163135625 0.6610169484374999 0.8421610171875 0.6525423734375 0.8363347453125
4 0.68961864375 0.7568855937500001 0.6758474578125 0.769067796875 0.6758474578125 0.77012711875 0.6970338984375 0.7838983046875 0.70338983125 0.7860169484374999 0.7182203390625 0.787076271875 0.7436440671875 0.7844279656250001 0.75211864375 0.780190678125 0.7552966109375 0.7748940671875 0.75211864375 0.7664194921874999 0.7468220343749999 0.7627118640624999 0.7161016953125 0.7526483046875 0.68961864375 0.7568855937500001
4 0.414194915625 0.795550846875 0.414194915625 0.7997881359375001 0.43538135625 0.8215042374999999 0.45338983125 0.8294491531249999 0.4661016953125 0.81461864375 0.478813559375 0.8077330515625001 0.476694915625 0.80137711875 0.46927966093749995 0.7976694921874999 0.45233050781250006 0.79661016875 0.4279661015625 0.79237288125 0.41843220312499996 0.79661016875 0.414194915625 0.795550846875
4 0.3474576265625 0.7134533890625 0.3400423734375 0.7150423734375 0.33898305156249997 0.7192796609375 0.3262711859375 0.7224576265625 0.3262711859375 0.7235169484374999 0.333686440625 0.7494703390625 0.33686440625 0.7526483046875 0.34216101718749997 0.7537076265625 0.3474576265625 0.7484110171875 0.35063559375 0.748940678125 0.37288135625 0.7394067796875 0.3813559328125 0.728813559375 0.3813559328125 0.7229872875 0.3601694921875 0.7145127125 0.3474576265625 0.7134533890625
4 0.7457627125 0.407309321875 0.730932203125 0.4036016953125 0.7118644062499999 0.4036016953125 0.6949152546875 0.4014830515625 0.6790254234375 0.40307203437499994 0.664194915625 0.40942796562500006 0.664194915625 0.414194915625 0.6525423734375 0.42213983125 0.6525423734375 0.42266949218749994 0.6567796609375 0.42637711874999995 0.6737288140625 0.431673728125 0.6832627125 0.4322033890625 0.7012711859375 0.43961864375 0.7351694921874999 0.44597457656249995 0.7415254234375 0.44597457656249995 0.7648305078125001 0.4348516953125 0.77012711875 0.4269067796875 0.7627118640624999 0.4179025421875 0.7457627125 0.407309321875
4 0.39406779687500004 0.298199153125 0.37076271250000004 0.31091101718749997 0.35911016875 0.322563559375 0.35911016875 0.3273305078125 0.3612288140625 0.329449153125 0.37923728749999996 0.3299788140625 0.414194915625 0.3273305078125 0.43538135625 0.320444915625 0.44491525468750004 0.3151483046875 0.4480932203125 0.3125 0.44597457656249995 0.29343220312499996 0.43538135625 0.282309321875 0.4237288140625 0.2849576265625 0.39406779687500004 0.298199153125
4 0.8082627125 0.6165254234375 0.8082627125 0.617055084375 0.8114406781250001 0.626059321875 0.8220338984375 0.6313559328125 0.851694915625 0.64036016875 0.8601694921874999 0.6302966109375 0.855932203125 0.6054025421875 0.8453389828125 0.5953389828125 0.8347457625000001 0.5900423734375 0.8167372875 0.5963983046875 0.8093220343749999 0.6043432203125 0.8082627125 0.6165254234375
4 0.8400423734375 0.5052966109375 0.85487288125 0.4947033890625 0.85487288125 0.4904661015625 0.8432203390625 0.47987288125000005 0.830508475 0.47616525468750004 0.8220338984375 0.4894067796875 0.8220338984375 0.492319915625 0.8252118640624999 0.49947033906250005 0.8400423734375 0.5052966109375