4 0.51171875 0.3359375 0.50732421875 0.3564453125 0.5087890625 0.365234375 0.505859375 0.3662109375 0.50439453125 0.3720703125 0.50927734375 0.3701171875 0.51416015625 0.384765625 0.52197265625 0.3916015625 0.53955078125 0.3994140625 0.54443359375 0.3984375 0.5478515625 0.392578125 0.546875 0.3876953125 0.54931640625 0.3837890625 0.552734375 0.369140625 0.5517578125 0.3486328125 0.55322265625 0.3447265625 0.55126953125 0.33203125 0.55517578125 0.3173828125 0.546875 0.294921875 0.53076171875 0.2939453125 0.529296875 0.291015625 0.52880859375 0.291015625 0.51708984375 0.296875 0.515625 0.3017578125 0.51611328125 0.32421875 0.51171875 0.3359375
4 0.43212890625 0.2353515625 0.43115234375 0.240234375 0.427734375 0.244140625 0.43017578125 0.2451171875 0.43798828125 0.259765625 0.44287109375 0.2626953125 0.46337890625 0.29296875 0.46826171875 0.2841796875 0.47216796875 0.267578125 0.47119140625 0.2626953125 0.47314453125 0.2548828125 0.4814453125 0.240234375 0.47900390625 0.2197265625 0.4853515625 0.216796875 0.4755859375 0.212890625 0.472493653125 0.212890625 0.4501953125 0.216796875 0.43408203125 0.224609375 0.43017578125 0.2314453125 0.43212890625 0.2353515625
4 0.31103515625 0.77734375 0.31689453125 0.783203125 0.34228515625 0.79296875 0.35205078125 0.806640625 0.365234375 0.8173828125 0.37646484375 0.818359375 0.3779296875 0.791015625 0.36279296875 0.767578125 0.3603515625 0.7587890625 0.36083984375 0.748046875 0.35888671875 0.7451171875 0.35791015625 0.7353515625 0.345703125 0.7236328125 0.34521484375 0.7236328125 0.3291015625 0.73046875 0.318359375 0.740234375 0.3115234375 0.767578125 0.31103515625 0.77734375
4 0.16650390625 0.5595703125 0.16552734375 0.5830078125 0.16845703125 0.5888671875 0.1904296875 0.611328125 0.197265625 0.6142578125 0.19677734375 0.611328125 0.2021484375 0.603515625 0.19970703125 0.6005859375 0.19775390625 0.587890625 0.19775390625 0.5556640625 0.19970703125 0.5478515625 0.19775390625 0.537109375 0.19287109375 0.53515625 0.18994140625 0.53515625 0.1767578125 0.5361328125 0.1708984375 0.5400390625 0.1708984375 0.5478515625 0.16650390625 0.5595703125
4 0.25 0.6875 0.25390625 0.6953125 0.2587890625 0.6982421875 0.2666015625 0.6953125 0.27001953125 0.6904296875 0.279296875 0.662109375 0.275390625 0.6376953125 0.26416015625 0.625 0.26318359375 0.625 0.25048828125 0.64453125 0.24853515625 0.650390625 0.24755859375 0.6640625 0.25 0.6875
4 0.228515625 0.443359375 0.234375 0.44140625 0.23779296875 0.4345703125 0.23876953125 0.4189453125 0.24267578125 0.396484375 0.23876953125 0.3876953125 0.23974609375 0.3837890625 0.23583984375 0.3837890625 0.2158203125 0.4033203125 0.20849609375 0.419921875 0.22216796875 0.431640625 0.228515625 0.443359375
4 0.283203125 0.322265625 0.28271484375 0.3251953125 0.29150390625 0.345703125 0.30126953125 0.353515625 0.306640625 0.353515625 0.314453125 0.333984375 0.3154296875 0.322265625 0.31396484375 0.3154296875 0.31005859375 0.314453125 0.30712890625 0.302734375 0.30615234375 0.302734375 0.2822265625 0.3095703125 0.279296875 0.3125 0.2783203125 0.3173828125 0.283203125 0.322265625
4 0.56787109375 0.6484375 0.56201171875 0.6796875 0.56201171875 0.685546875 0.572265625 0.70703125 0.57958984375 0.7119140625 0.587890625 0.705078125 0.59765625 0.689453125 0.60107421875 0.67578125 0.60107421875 0.658203125 0.60302734375 0.642578125 0.6015625 0.6279296875 0.595703125 0.6142578125 0.59130859375 0.6142578125 0.583984375 0.603515625 0.58349609375 0.603515625 0.580078125 0.607421875 0.5751953125 0.623046875 0.57470703125 0.6318359375 0.56787109375 0.6484375
4 0.677734375 0.4033203125 0.6826171875 0.412109375 0.68505859375 0.4150390625 0.70263671875 0.4130859375 0.712890625 0.4033203125 0.71044921875 0.392578125 0.6982421875 0.365234375 0.6865234375 0.34375 0.67578125 0.3330078125 0.67138671875 0.3330078125 0.66943359375 0.3349609375 0.6689453125 0.3515625 0.67138671875 0.3837890625 0.677734375 0.4033203125
4 0.39208984375 0.794921875 0.4150390625 0.791015625 0.42431640625 0.78125 0.42919921875 0.771484375 0.42333984375 0.7548828125 0.416015625 0.748046875 0.40478515625 0.7470703125 0.404296875 0.7470703125 0.39599609375 0.75 0.39111328125 0.759765625 0.3828125 0.787109375 0.39208984375 0.794921875
4 0.52099609375 0.7900390625 0.53076171875 0.779296875 0.5341796875 0.767578125 0.52197265625 0.759765625 0.519287109375 0.759765625 0.5126953125 0.7626953125 0.50732421875 0.7763671875 0.51708984375 0.7900390625 0.52099609375 0.7900390625