4 0.3039587625 0.49130393437500003 0.2965152765625 0.5029480578125 0.29646145156250003 0.5034601703125 0.29937581875 0.505319790625 0.29862486875 0.5223272546875 0.3212912859375 0.533511671875 0.33710109374999997 0.5310311953125 0.3502144359375 0.5344805390625 0.3544770328125 0.5333752484375001 0.3759002703125 0.536662459375 0.39165625 0.53469409375 0.39602649687499997 0.532564578125 0.40104524843749995 0.5341276109375 0.40757370625 0.531189390625 0.4091372390625 0.52617603125 0.4028727015625 0.5068779015625 0.39655694218750004 0.49792977812499994 0.38171598906250004 0.49119223593749994 0.3843048015625 0.4862866375 0.37799164375 0.48717640468749995 0.3766434125 0.49014131718750004 0.367577365625 0.487635128125 0.345562053125 0.4899811515625 0.3327742625 0.49329702500000006 0.30924664062499996 0.49030640312499996 0.3039587625 0.49130393437500003
4 0.22725982500000003 0.412308134375 0.22070067031249999 0.4352637171875 0.2203597953125 0.4385069234375 0.22338441250000002 0.44918021250000006 0.2271599828125 0.4428460375 0.2484217421875 0.44766958749999997 0.264715975 0.4405800984375 0.27313351875 0.43939374062500003 0.27815226875 0.440956771875 0.2960126359375 0.43869181562500004 0.305778409375 0.4345405453125 0.276255378125 0.4096912328125 0.2737177875 0.4042468265625 0.25919978593750004 0.3944366125 0.25844363124999997 0.391768290625 0.25396573437500003 0.3949220296875 0.2487316828125 0.3954074484375 0.2448458625 0.3929279546875 0.23723829843750002 0.3962705234375 0.22725982500000003 0.412308134375
4 0.77990590625 0.3419867546875 0.7709527125 0.35813212656250004 0.7708988875 0.3586442390625 0.7818566234375 0.3727401796875 0.792001775 0.37484201875 0.7948623171875 0.37721375 0.8061942234374999 0.3778870125 0.815152621875 0.38141742500000003 0.8380907671875001 0.39987917500000003 0.8669600921875 0.40136015468749997 0.867172790625 0.3894738125 0.8573479859375001 0.37446140781250004 0.8440705656249999 0.36271050625 0.836616671875 0.335003059375 0.8311108921875 0.3282111453125 0.8208042640625001 0.32764564375 0.7913428625 0.33179789843749996 0.77990590625 0.3419867546875
4 0.592668575 0.1607632484375 0.590190015625 0.174482515625 0.589867065625 0.1775551890625 0.591379375 0.182891834375 0.6024421578125 0.18612565625 0.6108597 0.1849392984375 0.64469395 0.18849542187499999 0.65780729375 0.1919447671875 0.6606140078125 0.1948286125 0.6694083281250001 0.19005746875 0.67243034375 0.1908928640625 0.6701080546875 0.183400009375 0.6489487406250001 0.15787645 0.643120009375 0.154157209375 0.61840563125 0.1525951625 0.6056178421875 0.1559110375 0.5974155984375 0.15504894687499998 0.592668575 0.1607632484375
4 0.6983470890625 0.2500536953125 0.6764420296875 0.2612133859375 0.6763343796875 0.26223761093750003 0.68842504375 0.2754170890625 0.7136264515625 0.28220801875 0.74438225625 0.2756029640625 0.7498854359375 0.2725569859375 0.7538224796875 0.26468647343749996 0.751284890625 0.25924206875 0.7435132484375 0.2542830796875 0.719175646875 0.2491362484375 0.704714071875 0.24865181406249998 0.6983470890625 0.2500536953125
4 0.44892444062500003 0.1870766859375 0.426212003125 0.20591806093749998 0.42578140312499996 0.21001495781249999 0.4299901734375 0.20942177968750003 0.4387870953125 0.21448852812500002 0.46279914375000003 0.21287014062499998 0.47931127812499996 0.213570096875 0.4868650171875 0.210739640625 0.489561478125 0.20480981874999998 0.47795784374999994 0.196859221875 0.467161584375 0.1812269453125 0.44892444062500003 0.1870766859375
4 0.3431773109375 0.2463788609375 0.33336291406249996 0.27071803125 0.3332552640625 0.2717422546875 0.345235678125 0.2761080640625 0.34583035624999997 0.280312721875 0.3528458421875 0.28260338906250004 0.36525685625 0.2828722984375 0.3866236640625 0.2768337296875 0.3872157421875 0.2712004953125 0.38009000312499996 0.2600961609375 0.3595279703125 0.2486151546875 0.356398303125 0.2488039828125 0.351810153125 0.24314405468750003 0.3465761015625 0.243629471875 0.3431773109375 0.2463788609375
4 0.6230544546875 0.5916345015625 0.6185765578125 0.5947882421874999 0.61852273125 0.5953003531250001 0.6289934374999999 0.6041674125000001 0.6285090109375 0.6087764203125 0.6422170328125001 0.616430425 0.6574347640625 0.61958318125 0.6740545484375 0.6192589140625 0.69250959375 0.6211986171875 0.7072402953125 0.619122490625 0.7247212828125 0.6106044265625 0.732813271875 0.6026528484375 0.7284942484375 0.5944323578125 0.7070684093749999 0.581307253125 0.7009167281249999 0.5806606859375 0.66746185625 0.5833576703125 0.6492785390625 0.5886953 0.639997190625 0.588237559375 0.6230544546875 0.5916345015625
4 0.3271512453125 0.6552856312500001 0.3248853828125 0.65711855625 0.32440095625 0.6617275671875 0.3344948859375 0.674179409375 0.35575925 0.6888408515625 0.38312146875 0.704660971875 0.39413042656249997 0.7084069078125 0.40551355781250004 0.698730165625 0.409501825 0.6805096484375001 0.40669510937500003 0.677625803125 0.3980058390625 0.671534828125 0.378199959375 0.66272214375 0.3446348359375 0.6566054609374999 0.3271512453125 0.6552856312500001
4 0.7930374640625 0.41430135156250003 0.789046596875 0.422683975 0.788992771875 0.4231960859375 0.7887800734375 0.43508242968750005 0.79514965625 0.443518440625 0.8119335203125001 0.4514957296875 0.822724575 0.447452221875 0.8340000562500001 0.43879970312500005 0.8406309609375 0.41516147343750004 0.8334513953125 0.4045692515625 0.8038285187499999 0.4102578421875 0.7930374640625 0.41430135156250003
4 0.7935018953124999 0.5380970640625 0.7896994140625 0.5446872953125 0.789403375 0.5475039125000001 0.7962599906250001 0.5611688078125 0.8089401296875 0.5588771578125 0.8212947171874999 0.5498202890624999 0.8217253171875001 0.5457233921875 0.8084478953125 0.5339724875 0.7935018953124999 0.5380970640625