3 0.6617054125 0.28904186875 0.6606631843749999 0.2824883265625 0.6558396656250001 0.2637563046875 0.6315224374999999 0.240087625 0.61960439375 0.23473669218749998 0.6160237000000001 0.2387316609375 0.608274575 0.2595948984375 0.6031709937499999 0.2871519515625 0.6066450921875 0.3089970921875 0.6201131546875 0.3274083546875 0.623547034375 0.33740231875000004 0.6372554234375001 0.34075576875 0.6454856906249999 0.3328593421875 0.6585123453125 0.3070725296875 0.6617054125 0.28904186875
3 0.680251375 0.37252098437500003 0.6842192109375 0.3394792671875 0.6801573750000001 0.3305074234375 0.6753474234375 0.33008660624999997 0.6700698968750001 0.3350101828125 0.652901459375 0.3712052359375 0.651592253125 0.386169534375 0.66053090625 0.40095334375 0.669830053125 0.39315043437499997 0.680251375 0.37252098437500003
3 0.580701775 0.6363076796875 0.5753438171874999 0.6175289015625001 0.566805871875 0.5920095484375001 0.557773703125 0.57829461875 0.5535650546875 0.5833117078125001 0.5464438828125 0.603152825 0.5444132078125 0.620208121875 0.5451748921874999 0.6299683015624999 0.5520693046875 0.643496203125 0.5565454140625 0.660043709375 0.558081865625 0.6547928328125 0.5675413921875 0.6513121953125001 0.572912434375 0.645319740625 0.5784036390625 0.631798378125 0.5802342015625 0.6416520718750001 0.580701775 0.6363076796875
3 0.6671840203125 0.34337418125 0.6692815624999999 0.3317100328125 0.66308196875 0.322551159375 0.6582720156249999 0.32213034218750003 0.6486923265625 0.3331398875 0.6473298234375 0.3610242421875 0.649881853125 0.3687869359375 0.6560412296875 0.36609463125 0.6671840203125 0.34337418125
4 0.48204129062499995 0.360565146875 0.4840719671875 0.34350985 0.479528990625 0.3215711921875 0.474091084375 0.3221724984375 0.4663952546875 0.3301156796875 0.45876629375 0.34345000937500003 0.45399655625 0.354880371875 0.45262048593750004 0.3644535203125 0.46067729062499996 0.37700605781249996 0.47280901249999996 0.3737592078125 0.48204129062499995 0.360565146875
4 0.5488592765625 0.3416385859375 0.5496606921875 0.32016750156249996 0.549433446875 0.31045408281250003 0.5448371734374999 0.30143548125 0.5403077640625 0.2978080296875 0.5355646765625 0.3027783625 0.5282831234375001 0.31829720781250004 0.5257582249999999 0.347156925 0.530260984375 0.35724440468749996 0.5333741046875 0.35859382812499996 0.539880890625 0.3580860375 0.5434615843749999 0.3540910671875 0.5488592765625 0.3416385859375
4 0.7636379437499999 0.44120877812500003 0.764760121875 0.42838223593749997 0.7631165875 0.41639078749999997 0.75965605625 0.4128568515625 0.7370225796875001 0.41303079687500005 0.7327204171874999 0.4191167671875 0.7235414359375001 0.41939077031250005 0.71487024375 0.4261715578125 0.7110090062500001 0.4333731625 0.7070009546875 0.454563703125 0.7102880218750001 0.47854660156250006 0.7165278296875 0.49955665156249995 0.723889815625 0.5077401625 0.732186946875 0.5052348875 0.7362085671874999 0.502355553125 0.7411653328125001 0.4887874359375 0.7489546765624999 0.479775375 0.7636379437499999 0.44120877812500003
4 0.7054533578125 0.65691556875 0.7055066578125 0.6439955125 0.6896735921875 0.6156838015625 0.685398078125 0.6153097421875 0.6689108953125 0.63756261875 0.6627917359375 0.6521061 0.6682567765625 0.68812720625 0.6814307281249999 0.691433896875 0.701097896875 0.6759215937499999 0.7054533578125 0.65691556875
4 0.8417847796875 0.31125913125000004 0.8405555203124999 0.3068433453125 0.833634459375 0.299775471875 0.8172538749999999 0.2961882359375 0.8011402656250001 0.2710831609375 0.7965842078125001 0.2739157375 0.793070378125 0.2833018546875 0.7918546859375 0.297197275 0.797052265625 0.3116537828125 0.801034153125 0.3400057109375 0.8035193187499999 0.3423772546875 0.8217169015625 0.337506978125 0.83669428125 0.31404495 0.8417847796875 0.31125913125000004
4 0.877007378125 0.5857598078125 0.8740144203125 0.576881478125 0.8652094984375 0.5728799687499999 0.8524498234375001 0.577148940625 0.8478268999999999 0.574590365625 0.8425227234375001 0.585973971875 0.8392225734375 0.5867623046875 0.8356820953125 0.6026084515625 0.83494754375 0.629470684375 0.840746428125 0.6493651 0.8554166140625 0.6355697359375 0.87946589375 0.5945913796875 0.87619239375 0.5889196859375 0.877007378125 0.5857598078125
4 1 0.4458892171875 0.9926182562499999 0.4461631203125 0.98124821875 0.4591701515625 0.977734390625 0.46855626875 0.979351275 0.487007746875 0.980861078125 0.48821689687500003 1 0.4647633875 1 0.4458892171875
4 0.6124580265625 0.3902851515625 0.6135133390624999 0.3720674609375 0.60436100625 0.3658814375 0.5949014796875 0.369362075 0.588034203125 0.392456584375 0.58607039375 0.41490303125 0.59870990625 0.418162965625 0.607568125 0.40924442031249997 0.6124580265625 0.3902851515625
4 0.18545756875 0.62973185 0.18767527343749998 0.610538796875 0.182731590625 0.59933568125 0.17267075781250002 0.5973784125 0.1635586421875 0.6030435640625 0.1602051953125 0.6167519546875 0.1616883484375 0.6244211328125 0.16068633593749998 0.6297187671875 0.163425396875 0.6353437046875 0.160793415625 0.6469610953125 0.16569688437500002 0.6463130328125 0.16657873437499998 0.6485443046875 0.16460135781250002 0.6526795453124999 0.1664852203125 0.6496131828125 0.17780195781250002 0.649526209375 0.18545756875 0.62973185
4 0.2103862734375 0.3755725703125 0.209972 0.36799690625000003 0.20651146874999998 0.3644629703125 0.19170755 0.367476034375 0.1680187625 0.385867671875 0.170383765625 0.395768121875 0.1738442953125 0.39930205937499996 0.18767285 0.3951266015625 0.20734001875 0.379614296875 0.2103862734375 0.3755725703125
4 0.8393141500000001 0.413363671875 0.8402492968749999 0.4026748859375 0.8366816859374999 0.38189862343750003 0.83001451875 0.37808414218749997 0.8220647968750001 0.3827739296875 0.8175489546874999 0.397457684375 0.8162397484374999 0.4124219828125 0.8175092234375001 0.4286889453125 0.824082875 0.43357230468749997 0.831057234375 0.4277201234375 0.8393141500000001 0.413363671875
4 0.7290321578125 0.3627869703125 0.72961989375 0.349913671875 0.72634639375 0.344241978125 0.7166329734375 0.3444692234375 0.703379075 0.360542615625 0.6991839921875 0.3838709109375 0.7017093765625 0.3980936328125 0.7087239515625 0.404092628125 0.7138144484375 0.40130681093750004 0.7194660328125 0.39210772031249996 0.7290321578125 0.3627869703125