3 0.47732139843750004 0.25733212656250004 0.47485099999999997 0.25303074375 0.46304369999999995 0.25557904531250003 0.4365012734375 0.27231031875 0.4285379234375 0.2883242765625 0.42633550781249996 0.2940509359375 0.42575717500000004 0.310971659375 0.432581309375 0.33679739999999997 0.4385067734375 0.34552106562499996 0.451549271875 0.3451234546875 0.4565760671875 0.3367450453125 0.47229586562500003 0.32268297343749996 0.47963725156250003 0.3035941078125 0.480319034375 0.27769046249999996 0.47732139843750004 0.25733212656250004
3 0.3935148953125 0.36598411249999996 0.398974203125 0.38664470624999997 0.40588433593750006 0.3954892734375 0.4168104171875 0.38383715 0.418503046875 0.3700517875 0.4099339265625 0.3340166515625 0.406107428125 0.328549246875 0.40167641875 0.32800518749999996 0.3962781921875 0.335338478125 0.3935148953125 0.36598411249999996
3 0.46875237500000005 0.6161049203125 0.470194475 0.60028976875 0.467568271875 0.58097655 0.46472644062499996 0.5756300484375 0.4539212609375 0.5862975031250001 0.441293825 0.607735865625 0.4328381421875 0.6236893718750001 0.43223363125 0.628612715625 0.4357834234375 0.6200529515625 0.43815036875 0.6333372546875 0.44185596718750003 0.6397893265625 0.44974204218749997 0.6447556703124999 0.45012220156250005 0.649799915625 0.4573514109375 0.635694846875 0.46618725312500003 0.6247855859375 0.46875237500000005 0.6161049203125
3 0.4166458859375 0.3648261875 0.4216988578125 0.36844515625 0.4254991796875 0.36191517968750003 0.429627303125 0.33643469375 0.423079875 0.3246361203125 0.4186488671875 0.3240920609375 0.4112813015625 0.331183546875 0.410936046875 0.34213580625 0.4166458859375 0.3648261875
4 0.5765162125 0.37745919843750003 0.5750741125000001 0.39327435 0.5808874 0.40698181250000004 0.5912351484375 0.412250409375 0.6009347578125 0.4024467203125 0.6015305421875 0.39352425 0.599414125 0.3822697359375 0.5950778390625 0.3687436296875 0.589644709375 0.36008041562500004 0.5848422671875 0.358491234375 0.5765162125 0.37745919843750003
4 0.5296484578125 0.32772595781249997 0.5237578984375 0.33499879843749997 0.5216851109375 0.343739915625 0.5182823984375 0.363312390625 0.5207702484375 0.3756120234375 0.5232406453125 0.37991340625 0.52902775625 0.3816234875 0.532102665625 0.381001525 0.5381141281249999 0.37274401562500004 0.5413784859375 0.3461579578125 0.5377763390625 0.33072296562500003 0.534442175 0.3253160109375 0.5296484578125 0.32772595781249997
4 0.353999775 0.41510600625 0.351892084375 0.4078506203125 0.3453533828125 0.4000511734375 0.33710460000000003 0.3980388359375 0.334383671875 0.3917076640625 0.31394743125 0.3871993828125 0.31013838437499996 0.38973023125 0.3063467875 0.40025933281250003 0.3048959625 0.4120753578125 0.31076160625 0.44977757656249995 0.316073834375 0.4594254609375 0.317948446875 0.47264931250000003 0.32103208125 0.476026475 0.3280543921875 0.47988724843749997 0.33628572343749996 0.47390133125 0.3459678796875 0.45609939062500005 0.3535510703125 0.4350411875 0.353999775 0.41510600625
4 0.3160514375 0.6183453906249999 0.31633687187500004 0.636371684375 0.3311418078125 0.654181721875 0.343691971875 0.6537236609375 0.3555590921875 0.6221968062500001 0.3528207125 0.607867384375 0.3421875296875 0.5845724921875 0.33824885625 0.5840888828125 0.3184869328125 0.6066502671875 0.3160514375 0.6183453906249999
4 0.30368316093750003 0.2510047375 0.28428394375 0.2706121140625 0.26877977343750004 0.27070746875 0.2611616796875 0.2757691671875 0.25920106718749997 0.2795264890625 0.26326937031250003 0.28302455625 0.272304646875 0.30712276250000003 0.28782627031249997 0.3150256609375 0.29052974531250003 0.313358578125 0.2995812140625 0.2884826015625 0.3070609546875 0.27640732031250004 0.3086326828125 0.2636066265625 0.307259128125 0.2544423515625 0.30368316093750003 0.2510047375
4 0.203114890625 0.5165213203125 0.19844207656249999 0.517946596875 0.187722896875 0.5116328796875 0.1789905046875 0.5135592171875001 0.174576946875 0.5210134109375 0.174706575 0.52402786875 0.1706557234375 0.5285280546875 0.184528346875 0.570211946875 0.1951440765625 0.5855085859375 0.20421299531249998 0.5686308625 0.2087125515625 0.544195496875 0.20855674687499998 0.529183659375 0.2057236421875 0.527836284375 0.203114890625 0.5165213203125
4 0.0835785609375 0.3789039171875 0.085686253125 0.3861593046875 0.09940306875 0.41283136093749995 0.101000975 0.4120280453125 0.10601031718750001 0.39565138125 0.1046367640625 0.3864871078125 0.0968541390625 0.37253784218749997 0.089097690625 0.37058595625 0.085660075 0.374161925 0.0835785609375 0.3789039171875
4 0.452189946875 0.413169053125 0.4584868453125 0.42293783749999997 0.4705446734375 0.422419325 0.47308361874999993 0.40174128124999997 0.4713124546875 0.3795345078125 0.46342637968749995 0.3745681640625 0.45395985000000005 0.3784033890625 0.4514121796875 0.3950823078125 0.452189946875 0.413169053125
4 0.8140782265625001 0.6934885828125 0.816893878125 0.68683770625 0.8164962687499999 0.6737952078125 0.8093443312499999 0.6669199765625 0.7998690734375 0.6667560765625 0.793244375 0.6759378015624999 0.7915604703125 0.693722290625 0.794679009375 0.713095959375 0.8048971281249999 0.7153501015625 0.806011425 0.7184854609375 0.80501803125 0.7143654328125 0.8062445046875 0.712516996875 0.8105546125 0.7140457265625 0.8104075312499999 0.703033015625 0.8139660484375 0.698472378125 0.8140782265625001 0.6934885828125
4 0.8178735046875 0.45906886093750005 0.8198515671875001 0.46330979218749996 0.834656503125 0.4811198296875 0.8463603531249999 0.48755445000000003 0.8501694000000001 0.4850236 0.8542115265625 0.47652428750000003 0.8363229562500001 0.4553370859375 0.8235135359375001 0.4497662328125 0.8197044874999999 0.4522970828125 0.8178735046875 0.45906886093750005
4 0.24301637343750002 0.362497925 0.241807353125 0.3723446125 0.2465150703125 0.3869158390625 0.2516976703125 0.39354926562500003 0.25858162500000004 0.39039645312500004 0.2628568296875 0.375928678125 0.264549459375 0.3621433140625 0.2632880828125 0.34799524375 0.25699991093749996 0.34222558593749997 0.2502368578125 0.344393728125 0.24301637343750002 0.362497925
4 0.3532120203125 0.3360477 0.3512688609375 0.347803275 0.3542839484375 0.376159865625 0.35762683906250003 0.3855659421875 0.361695140625 0.389064009375 0.369192334375 0.3849869796875 0.374210403125 0.37260944375 0.3749009125 0.350704925 0.3660039890625 0.3336203015625 0.357262871875 0.3315475125 0.3532120203125 0.3360477