3 0.42236328125 0.353515625 0.43505859375 0.3515625 0.43896484375 0.3427734375 0.45263671875 0.3271484375 0.45751953125 0.3076171875 0.455078125 0.2822265625 0.44970703125 0.2626953125 0.44677734375 0.2587890625 0.435546875 0.2626953125 0.41162109375 0.2822265625 0.40576171875 0.298828125 0.404296875 0.3046875 0.40576171875 0.3212890625 0.41552734375 0.345703125 0.42236328125 0.353515625
3 0.40576171875 0.3935546875 0.40576171875 0.3798828125 0.39306640625 0.345703125 0.388671875 0.3408203125 0.38427734375 0.3408203125 0.3798828125 0.3486328125 0.380859375 0.37890625 0.388671875 0.3984375 0.396484375 0.40625 0.40576171875 0.3935546875
3 0.45654296875 0.634765625 0.4609375 0.640625 0.46923828125 0.64453125 0.47021484375 0.6494140625 0.4755859375 0.634765625 0.48291015625 0.623046875 0.484375 0.6142578125 0.48388671875 0.5986328125 0.47900390625 0.580078125 0.4755859375 0.5751953125 0.46630859375 0.5869140625 0.45654296875 0.609375 0.4501953125 0.6259765625 0.4501953125 0.630859375 0.45263671875 0.6220703125 0.45654296875 0.634765625
3 0.41162109375 0.37109375 0.41259765625 0.345703125 0.40478515625 0.3349609375 0.400390625 0.3349609375 0.39404296875 0.3427734375 0.39501953125 0.353515625 0.4033203125 0.375 0.40869140625 0.3779296875 0.41162109375 0.37109375
4 0.587890625 0.3896484375 0.58740234375 0.380859375 0.583984375 0.3701171875 0.578125 0.357421875 0.57177734375 0.349609375 0.56689453125 0.3486328125 0.56103515625 0.3681640625 0.5615234375 0.3837890625 0.56884765625 0.396484375 0.57958984375 0.400390625 0.587890625 0.3896484375
4 0.51513671875 0.3779296875 0.51806640625 0.376953125 0.52294921875 0.3681640625 0.52294921875 0.341796875 0.517578125 0.3271484375 0.513671875 0.322265625 0.50927734375 0.3251953125 0.50439453125 0.3330078125 0.50341796875 0.341796875 0.50244140625 0.361328125 0.50634765625 0.373046875 0.50927734375 0.376953125 0.51513671875 0.3779296875
4 0.31982421875 0.4921875 0.3232421875 0.4951171875 0.33056640625 0.498046875 0.337890625 0.4912109375 0.34521484375 0.47265625 0.35009765625 0.451171875 0.34814453125 0.431640625 0.34521484375 0.4248046875 0.337890625 0.41796875 0.32958984375 0.4169921875 0.326171875 0.4111328125 0.3056640625 0.4091796875 0.30224609375 0.412109375 0.2998046875 0.4228515625 0.2998046875 0.4345703125 0.31005859375 0.470703125 0.31640625 0.4794921875 0.31982421875 0.4921875
4 0.36669921875 0.666015625 0.37451171875 0.6337890625 0.3701171875 0.6201171875 0.35693359375 0.5986328125 0.35302734375 0.5986328125 0.33642578125 0.623046875 0.33544921875 0.634765625 0.337890625 0.65234375 0.3544921875 0.66796875 0.36669921875 0.666015625
4 0.271484375 0.341796875 0.27392578125 0.33984375 0.27978515625 0.314453125 0.28564453125 0.3017578125 0.28564453125 0.2890625 0.283203125 0.2802734375 0.279296875 0.27734375 0.2626953125 0.298828125 0.24755859375 0.30078125 0.24072265625 0.306640625 0.2392578125 0.310546875 0.24365234375 0.3134765625 0.25537109375 0.3359375 0.271484375 0.341796875
4 0.201171875 0.603515625 0.21337890625 0.6171875 0.22021484375 0.599609375 0.2216796875 0.5751953125 0.2197265625 0.560546875 0.216796875 0.5595703125 0.212890625 0.548828125 0.20849609375 0.55078125 0.197265625 0.5458984375 0.18896484375 0.548828125 0.185546875 0.556640625 0.18603515625 0.5595703125 0.1826171875 0.564453125 0.201171875 0.603515625
4 0.1005859375 0.458984375 0.103515625 0.4423828125 0.10107421875 0.43359375 0.091796875 0.4208984375 0.083984375 0.419921875 0.0810546875 0.423828125 0.07958984375 0.4287109375 0.08251953125 0.435546875 0.09912109375 0.4599609375 0.1005859375 0.458984375
4 0.462890625 0.4248046875 0.462890625 0.404296875 0.45849609375 0.3828125 0.4501953125 0.37890625 0.44140625 0.3837890625 0.44091796875 0.400390625 0.44384765625 0.41796875 0.451171875 0.4267578125 0.462890625 0.4248046875
4 0.826171875 0.673828125 0.82470703125 0.669921875 0.82568359375 0.66796875 0.830078125 0.6689453125 0.82861328125 0.658203125 0.83154296875 0.6533203125 0.8310546875 0.6484375 0.8330078125 0.6416015625 0.8310546875 0.62890625 0.8232421875 0.623046875 0.81396484375 0.6240234375 0.80859375 0.6337890625 0.80908203125 0.6513671875 0.814453125 0.669921875 0.82470703125 0.6708984375 0.826171875 0.673828125
4 0.837890625 0.443359375 0.84130859375 0.4404296875 0.84423828125 0.431640625 0.82421875 0.4130859375 0.81103515625 0.4091796875 0.8076171875 0.412109375 0.806640625 0.4189453125 0.80908203125 0.4228515625 0.82568359375 0.4384765625 0.837890625 0.443359375
4 0.251953125 0.4189453125 0.25439453125 0.404296875 0.25439453125 0.390625 0.25146484375 0.376953125 0.24462890625 0.3720703125 0.23828125 0.375 0.2333984375 0.3935546875 0.2333984375 0.4033203125 0.23974609375 0.4169921875 0.24560546875 0.4228515625 0.251953125 0.4189453125
4 0.3525390625 0.4052734375 0.359375 0.400390625 0.36279296875 0.3876953125 0.36083984375 0.3662109375 0.35009765625 0.3505859375 0.34130859375 0.349609375 0.337890625 0.3544921875 0.33740234375 0.3662109375 0.34375 0.3935546875 0.34814453125 0.40234375 0.3525390625 0.4052734375