3 0.686866825 0.5765328765625 0.6866390953125 0.556020515625 0.683653871875 0.5404902375 0.6764131203125 0.529017196875 0.6701034124999999 0.5302146953125 0.6647588296875 0.5450586984375 0.666314184375 0.561616065625 0.6742133265625 0.577951903125 0.6782535234375 0.5817194484375 0.6845973125 0.58149791875 0.686866825 0.5765328765625
3 0.2778728578125 0.4071096015625 0.2768395703125 0.3915111609375 0.27291245937499997 0.37699093281249996 0.266886246875 0.3723155828125 0.2500004609375 0.392448403125 0.2451097796875 0.40629939843749996 0.2459509765625 0.444379175 0.26965769375000004 0.43768837187500004 0.2778728578125 0.4071096015625
4 0.45860189531250006 0.22393285000000002 0.4595887046875 0.21021818125 0.4565926390625 0.20836849062499999 0.4528359375 0.19872810000000002 0.4484781640625 0.199857434375 0.443485240625 0.21078052656250001 0.44389421875 0.22249213750000002 0.44706069218750005 0.22922166718749998 0.4548684328125 0.22894901406249998 0.45860189531250006 0.22393285000000002
4 0.43949307656250003 0.278343821875 0.43741565781249997 0.2608275265625 0.43109355312500003 0.23368788281250003 0.4274731765625 0.22795136249999998 0.42119755000000003 0.23012482812499999 0.4203129859375 0.24676740000000003 0.42589769375 0.28077289843750003 0.43593002187499996 0.2882398234375 0.43949307656250003 0.278343821875
4 0.3130061375 0.3638649375 0.3125289953125 0.350201390625 0.30880637499999997 0.34153696718750004 0.2965726984375 0.34098701875000004 0.2886518703125 0.35201235625 0.2872111578125 0.3667200328125 0.288493859375 0.375469659375 0.2920801546875 0.3802302125 0.309409 0.372784971875 0.3130061375 0.3638649375
4 0.3677811421875 0.253487640625 0.3673380828125 0.2408000609375 0.364273853125 0.2369984359375 0.35838396562499997 0.23622695781249997 0.3517226 0.24134536562500003 0.3502028828125 0.26778169531249996 0.35392550312500004 0.27644611874999997 0.36055278749999997 0.2703517421875 0.3677811421875 0.253487640625
4 0.36240714218750003 0.39340886406250003 0.36196408281250003 0.3807212859375 0.35726549531249996 0.37209094375 0.35238565624999996 0.3722613515625 0.3447824046875 0.378389809375 0.34233164375 0.3921556 0.3453168671875 0.407685878125 0.3584583484375 0.40624980937500005 0.36240714218750003 0.39340886406250003
4 0.39442198125 0.414765509375 0.3945009875 0.4030368578125 0.3897342359375 0.39245458125 0.384854396875 0.3926249890625 0.3819946578125 0.39467916875000003 0.378431603125 0.4045751703125 0.381734403125 0.41520857031249997 0.38671648593749997 0.41796606406250003 0.39442198125 0.414765509375
4 0.41045883906249997 0.4542689578125 0.40893756562499994 0.4386875578125 0.40602050624999997 0.42510921562500004 0.40208255312499996 0.42426957343750005 0.3910758125 0.458854459375 0.388795459375 0.47750008906249997 0.40008725 0.4790600859375 0.4076223375 0.47097969375000004 0.41045883906249997 0.4542689578125
4 0.49189951875000004 0.8696485078125 0.49087707187499996 0.8403694796875 0.482909765625 0.82208170625 0.469631959375 0.8196139046875001 0.46450270781249997 0.8266331265625 0.46496900625000004 0.8539772593749999 0.4618598546875 0.862880253125 0.4624500828125 0.865791115625 0.4891420234375 0.874630590625 0.49189951875000004 0.8696485078125
4 0.42485205 0.5446420078124999 0.422422971875 0.531046625 0.41935874375 0.5272449984375001 0.41447890625 0.52741540625 0.4082714421875 0.53154080625 0.4097927140625 0.54712220625 0.41442313906250006 0.5538006125 0.4221967984375 0.5525519937500001 0.42485205 0.5446420078124999
4 0.3208635078125 0.7847455453125 0.318990578125 0.77308505625 0.315755940625 0.7644035921875 0.30746021562500003 0.7646932859375 0.304736803125 0.7706513359375 0.3047941234375 0.7862838578125 0.3133625 0.7938019062499999 0.3208635078125 0.7847455453125
4 0.2498765734375 0.7246863671875 0.24855978906249998 0.714960771875 0.2397869234375 0.70158691875 0.2354291515625 0.702716253125 0.22590804531250003 0.7098888421875 0.2183280328125 0.7306738546875 0.22118777343749998 0.728619675 0.22038221249999998 0.7335335953125 0.2229925390625 0.7383282296875 0.2331271125 0.7487230578124999 0.242081228125 0.7532961609375 0.2418085765625 0.7454884203125001 0.245961859375 0.7385032812500001 0.2470849953125 0.7286924828125 0.2498765734375 0.7246863671875
4 0.2173210515625 0.5059627359375 0.2162536828125 0.4893883265625 0.209637240625 0.481802115625 0.199491825 0.48508787499999995 0.1953726234375 0.49304898281250004 0.1931263515625 0.5126705796875 0.20179697343749997 0.5231165296875 0.21106866562499998 0.5227927546875 0.2173210515625 0.5059627359375
4 0.301798015625 0.476629475 0.303136484375 0.4589938953125 0.29693986250000004 0.44943870781250006 0.288087990625 0.44779350781250005 0.28051882031250003 0.4548979328125 0.279180353125 0.4725335125 0.281370859375 0.4792971234375 0.2864551875 0.48498252031250005 0.29862069999999996 0.483580534375 0.301798015625 0.476629475
4 0.360941678125 0.65924695 0.35889834062500003 0.642706621875 0.35127185 0.634178525 0.3469140765625 0.635307859375 0.344712728125 0.6422248374999999 0.345916425 0.6627031156250001 0.3484585875 0.665545815625 0.35916015 0.66419495 0.360941678125 0.65924695