3 0.32861328125 0.583984375 0.3359375 0.5673828125 0.3369140625 0.55078125 0.3310546875 0.5361328125 0.32470703125 0.53515625 0.31787109375 0.546875 0.3154296875 0.5625 0.31591796875 0.5830078125 0.318359375 0.587890625 0.32470703125 0.587890625 0.32861328125 0.583984375
3 0.75146484375 0.3974609375 0.74609375 0.3837890625 0.728515625 0.3642578125 0.72265625 0.369140625 0.71923828125 0.3837890625 0.71875 0.3994140625 0.72802734375 0.4296875 0.751953125 0.435546875 0.75146484375 0.3974609375
4 0.54638671875 0.220703125 0.54638671875 0.208984375 0.541015625 0.1982421875 0.53662109375 0.197265625 0.533203125 0.20703125 0.5302734375 0.208984375 0.53173828125 0.22265625 0.53564453125 0.2275390625 0.54345703125 0.2275390625 0.54638671875 0.220703125
4 0.57080078125 0.244140625 0.5693359375 0.2275390625 0.56298828125 0.2255859375 0.5595703125 0.2314453125 0.55419921875 0.2587890625 0.552734375 0.2763671875 0.556640625 0.2861328125 0.56640625 0.2783203125 0.57080078125 0.244140625
4 0.70703125 0.3681640625 0.7080078125 0.359375 0.7060546875 0.3447265625 0.69775390625 0.333984375 0.685546875 0.3349609375 0.68212890625 0.34375 0.68212890625 0.357421875 0.68603515625 0.3662109375 0.70361328125 0.373046875 0.70703125 0.3681640625
4 0.6416015625 0.2626953125 0.63916015625 0.236328125 0.63232421875 0.2314453125 0.62646484375 0.232421875 0.62353515625 0.236328125 0.62353515625 0.2490234375 0.63134765625 0.265625 0.63818359375 0.271484375 0.6416015625 0.2626953125
4 0.65380859375 0.38671875 0.65087890625 0.373046875 0.64306640625 0.3671875 0.63818359375 0.3671875 0.6337890625 0.3759765625 0.6337890625 0.388671875 0.63818359375 0.4013671875 0.6513671875 0.40234375 0.65380859375 0.38671875
4 0.6181640625 0.400390625 0.6142578125 0.390625 0.611328125 0.388671875 0.6064453125 0.388671875 0.60205078125 0.3994140625 0.6025390625 0.4111328125 0.6103515625 0.4140625 0.615234375 0.4111328125 0.6181640625 0.400390625
4 0.6103515625 0.4736328125 0.607421875 0.455078125 0.59521484375 0.4208984375 0.59130859375 0.421875 0.5888671875 0.435546875 0.587890625 0.451171875 0.59130859375 0.4677734375 0.59912109375 0.4755859375 0.6103515625 0.4736328125
4 0.55078125 0.861328125 0.54736328125 0.8525390625 0.546875 0.8251953125 0.54150390625 0.818359375 0.5283203125 0.8212890625 0.52099609375 0.83984375 0.52099609375 0.869140625 0.52392578125 0.8740234375 0.55029296875 0.8642578125 0.55078125 0.861328125
4 0.591796875 0.5439453125 0.5927734375 0.5283203125 0.58642578125 0.5244140625 0.58154296875 0.5244140625 0.57861328125 0.5283203125 0.57666015625 0.5419921875 0.57958984375 0.5498046875 0.58740234375 0.55078125 0.591796875 0.5439453125
4 0.70458984375 0.763671875 0.70166015625 0.7578125 0.693359375 0.7578125 0.6904296875 0.7666015625 0.68896484375 0.7783203125 0.69677734375 0.787109375 0.705078125 0.779296875 0.70458984375 0.763671875
4 0.7666015625 0.736328125 0.7666015625 0.744140625 0.775390625 0.7392578125 0.78515625 0.728515625 0.78759765625 0.7236328125 0.78662109375 0.71875 0.78955078125 0.720703125 0.78125 0.7001953125 0.771484375 0.693359375 0.76708984375 0.6923828125 0.7587890625 0.7060546875 0.7578125 0.7158203125 0.7607421875 0.7197265625 0.76220703125 0.7294921875 0.7666015625 0.736328125
4 0.80712890625 0.501953125 0.80419921875 0.482421875 0.7998046875 0.474609375 0.78955078125 0.4716796875 0.783203125 0.4794921875 0.78271484375 0.49609375 0.78955078125 0.5126953125 0.798828125 0.5126953125 0.80712890625 0.501953125
4 0.7177734375 0.4716796875 0.7197265625 0.46484375 0.7177734375 0.447265625 0.7099609375 0.4404296875 0.701171875 0.4423828125 0.6953125 0.4521484375 0.697265625 0.4697265625 0.70068359375 0.4765625 0.712890625 0.4775390625 0.7177734375 0.4716796875
4 0.65966796875 0.6572265625 0.66015625 0.63671875 0.65771484375 0.6298828125 0.6533203125 0.62890625 0.64599609375 0.6376953125 0.64453125 0.654296875 0.646484375 0.6591796875 0.6572265625 0.66015625 0.65966796875 0.6572265625