3 0.3010302421875 0.5201724750000001 0.297082103125 0.5411959515625 0.29851368125 0.54670564375 0.3049881828125 0.5480818421875 0.3098193828125 0.544944425 0.32088924375 0.5295990359375 0.32548460625 0.51287745 0.32268398593750003 0.4966659578125 0.31642120937499996 0.494293684375 0.30690799687500003 0.50476455 0.3010302421875 0.5201724750000001
3 0.7506670546875001 0.47415884531249997 0.77380060625 0.48532251249999997 0.7815597515625 0.44636964843750004 0.779045446875 0.4312600953125 0.765350515625 0.4075275484375 0.7583154390625 0.41123759687500006 0.7516533296875 0.425437721875 0.7477677265625 0.4412690921875 0.7506670546875001 0.47415884531249997
4 0.5953407937499999 0.2204342609375 0.5982664890625 0.22626153593749998 0.6062351046875001 0.2279553171875 0.61070539375 0.221617946875 0.6132460656250001 0.20966502343750001 0.6100965921875 0.197543703125 0.6058259687499999 0.195594871875 0.600222471875 0.20481461250000002 0.5968107953125 0.20617159843750002 0.5953407937499999 0.2204342609375
4 0.60697878125 0.29057819375 0.6186333328125 0.2847268046875 0.6305259734375 0.2508168625 0.6326311437500001 0.23356596875000002 0.6265800890625 0.23019761875000003 0.6218234828125 0.23543305 0.6104168249999999 0.2621587328125 0.6051116999999999 0.279770534375 0.60697878125 0.29057819375
4 0.7195189171874999 0.39049818125 0.7215977203125 0.40030976406249996 0.738045046875 0.4110933109375 0.7425899296875 0.40685395625 0.7454915125 0.3981009859375 0.746675196875 0.38273638593750003 0.7405374921875 0.369979896875 0.727874809375 0.3683294390625 0.7224830343749999 0.376553103125 0.7195189171874999 0.39049818125
4 0.687624846875 0.2858573640625 0.69332705 0.2933158859375 0.698718825 0.28509222031250003 0.7019451453125 0.2576688359375 0.69603121875 0.25120639218749996 0.689843034375 0.2509321328125 0.6860079125 0.254281271875 0.6832555171875 0.2672302734375 0.687624846875 0.2858573640625
4 0.66516793125 0.4257941234375 0.6784032468750001 0.42964845625 0.684281003125 0.4142405328125 0.6842568906250001 0.39966028593749997 0.677558609375 0.3919900421875 0.6725782265625 0.390931428125 0.6661903734375 0.3989433703125 0.6634379796875 0.4118923703125 0.66516793125 0.4257941234375
4 0.6340273421875 0.432709028125 0.6396428937499999 0.4307794109375 0.644960075 0.42045773124999997 0.6430929937500001 0.4096500703125 0.640528209375 0.40702274843749997 0.635547825 0.4059641359375 0.6287365281249999 0.4159682296875 0.62669389375 0.428027015625 0.6340273421875 0.432709028125
4 0.6029590921875 0.48336466875 0.6092339265625 0.49302706562500004 0.6211122578125 0.4934697234375 0.6221467578125 0.47390909375 0.617106090625 0.4363998640625 0.612910059375 0.43654905 0.6074557484375 0.449964821875 0.603072109375 0.46569033125 0.6029590921875 0.48336466875
4 0.44422351875 0.8775082765625 0.44615313749999996 0.8831238296875 0.4751644421875 0.878879571875 0.47629764999999996 0.875997203125 0.474716884375 0.8662914796875001 0.48014708125 0.8382954640625 0.4761507171875 0.8301584500000001 0.462068509375 0.8302884234375 0.4505752 0.847625965625 0.44422351875 0.8775082765625
4 0.5732214609375 0.5644944640625 0.5809783546875 0.5671843234375 0.5869427593750001 0.5611645359375 0.5913264015624999 0.5454390265625 0.585698790625 0.5400785203125 0.5807184046875 0.53901990625 0.576883284375 0.542369046875 0.5719270109375 0.5558906796875001 0.5732214609375 0.5644944640625
4 0.6514625203125 0.825778921875 0.6543520453125 0.8097358296875001 0.65263415 0.8031242000000001 0.6441674953125001 0.80132455625 0.6392737609375 0.80965408125 0.635238971875 0.8212894203125 0.6413020828125 0.8319478953124999 0.6514625203125 0.825778921875
4 0.7503265421875 0.7843283171875 0.7463060640625 0.76161105625 0.7378273531249999 0.7525212906250001 0.7335567296875001 0.7505724625 0.72212595625 0.762717896875 0.719012653125 0.77246694375 0.7211539921875 0.7770864203125 0.72053088125 0.7873647734375 0.72353116875 0.7952900640625 0.7218373859375 0.80325868125 0.7318606937500001 0.8001838015624999 0.7441504125 0.7913441796875 0.74769921875 0.7868931015625 0.74776175625 0.78170099375 0.7503265421875 0.7843283171875
4 0.7954234765625 0.5721639187500001 0.8048862078125 0.574175284375 0.8156818109374999 0.5650180812500001 0.816928034375 0.544461371875 0.8141394703125 0.5355400046875001 0.8043158296874999 0.5303286859375 0.796147546875 0.536921103125 0.7920502218750001 0.5537485515625 0.7954234765625 0.5721639187500001
4 0.71061 0.5083287359375 0.7126142109375 0.516042303125 0.7248534484375 0.519684915625 0.7311041703125001 0.5147670671875 0.734578384375 0.5082179734375 0.7363972375000001 0.4898651421875 0.72991068125 0.48119882187499996 0.7205225421875 0.481285471875 0.7124288546875001 0.4899759046875 0.71061 0.5083287359375
4 0.6177397921875001 0.6905580921875 0.6284849171875 0.69388311875 0.6316102781249999 0.69142419375 0.6365544937500001 0.6706124390625 0.6355463593749999 0.66311059375 0.6312757359375001 0.6611617640625 0.6218996531250001 0.6685385359375 0.6168062515625 0.6851542609375 0.6177397921875001 0.6905580921875