4 0.431640625 0.5126953125 0.43212890625 0.5185546875 0.4287109375 0.52734375 0.42822265625 0.5419921875 0.431640625 0.5673828125 0.43408203125 0.572265625 0.44677734375 0.5830078125 0.46728515625 0.564453125 0.46728515625 0.5556640625 0.4697265625 0.544921875 0.46484375 0.5361328125 0.46142578125 0.517578125 0.46240234375 0.5126953125 0.46044921875 0.505859375 0.4599609375 0.4931640625 0.4521484375 0.4765625 0.44775390625 0.474609375 0.4453125 0.474609375 0.43896484375 0.4775390625 0.43603515625 0.4853515625 0.4345703125 0.5009765625 0.431640625 0.5126953125
4 0.228515625 0.60546875 0.23193359375 0.6044921875 0.234375 0.6083984375 0.2451171875 0.6083984375 0.24755859375 0.60546875 0.251953125 0.607421875 0.251953125 0.5791015625 0.244140625 0.568359375 0.2431640625 0.568359375 0.22119140625 0.576171875 0.21875 0.5810546875 0.21875 0.5869140625 0.228515625 0.60546875
4 0.34033203125 0.71484375 0.345703125 0.716796875 0.3486328125 0.7119140625 0.345703125 0.7041015625 0.337890625 0.701171875 0.33740234375 0.701171875 0.32958984375 0.7080078125 0.33154296875 0.7158203125 0.33837890625 0.720703125 0.34033203125 0.71484375
4 0.38623046875 0.68359375 0.419921875 0.6982421875 0.43212890625 0.6953125 0.4375 0.689453125 0.4365234375 0.673828125 0.4326171875 0.6689453125 0.43115234375 0.6533203125 0.42822265625 0.6484375 0.40576171875 0.646484375 0.403157715625 0.646484375 0.3935546875 0.6484375 0.3876953125 0.6552734375 0.3837890625 0.6650390625 0.38623046875 0.68359375
4 0.3759765625 0.517578125 0.3701171875 0.5283203125 0.37109375 0.533203125 0.365234375 0.5400390625 0.36572265625 0.544921875 0.36376953125 0.5498046875 0.357421875 0.5556640625 0.35595703125 0.5615234375 0.34912109375 0.5693359375 0.34814453125 0.5810546875 0.3505859375 0.5908203125 0.35791015625 0.5947265625 0.3642578125 0.591796875 0.3720703125 0.5830078125 0.376953125 0.583984375 0.38037109375 0.580078125 0.37939453125 0.576171875 0.380859375 0.572265625 0.3876953125 0.5634765625 0.3876953125 0.5576171875 0.392578125 0.560546875 0.39453125 0.5498046875 0.392578125 0.533203125 0.39453125 0.5263671875 0.39404296875 0.521484375 0.39697265625 0.5166015625 0.39599609375 0.5126953125 0.39794921875 0.5087890625 0.3935546875 0.5048828125 0.39208984375 0.49609375 0.38330078125 0.48828125 0.38037109375 0.48828125 0.37451171875 0.4990234375 0.37451171875 0.5068359375 0.3720703125 0.513671875 0.3759765625 0.517578125
4 0.416015625 0.3798828125 0.42041015625 0.369140625 0.4208984375 0.3544921875 0.4169921875 0.3427734375 0.41357421875 0.33984375 0.41064453125 0.33984375 0.39990234375 0.34765625 0.3984375 0.361328125 0.40478515625 0.3759765625 0.416015625 0.3798828125
4 0.5439453125 0.2607421875 0.55224609375 0.2607421875 0.55615234375 0.2548828125 0.55908203125 0.240234375 0.55859375 0.2353515625 0.5546875 0.2314453125 0.55224609375 0.2314453125 0.54296875 0.234375 0.5400390625 0.2421875 0.5390625 0.2548828125 0.5439453125 0.2607421875
4 0.478515625 0.7392578125 0.482421875 0.736328125 0.48974609375 0.7109375 0.48828125 0.7041015625 0.47802734375 0.7001953125 0.4775390625 0.7001953125 0.470703125 0.7021484375 0.46826171875 0.712890625 0.47265625 0.7314453125 0.478515625 0.7392578125
4 0.51025390625 0.708984375 0.517578125 0.69140625 0.52685546875 0.67578125 0.52490234375 0.6689453125 0.51806640625 0.6669921875 0.517578125 0.666015625 0.50732421875 0.677734375 0.50341796875 0.693359375 0.50390625 0.7060546875 0.51025390625 0.708984375
4 0.5380859375 0.66796875 0.54638671875 0.6728515625 0.55224609375 0.6669921875 0.556640625 0.6669921875 0.56396484375 0.6494140625 0.55322265625 0.642578125 0.548828125 0.642578125 0.54052734375 0.6455078125 0.53759765625 0.650390625 0.5361328125 0.6591796875 0.5380859375 0.66796875
4 0.64697265625 0.53125 0.6416015625 0.5322265625 0.63916015625 0.5390625 0.63134765625 0.541015625 0.630859375 0.544921875 0.62744140625 0.544921875 0.6259765625 0.5478515625 0.626953125 0.5654296875 0.6240234375 0.5693359375 0.61865234375 0.56640625 0.61474609375 0.5732421875 0.61865234375 0.5849609375 0.623046875 0.5830078125 0.6259765625 0.591796875 0.63427734375 0.5966796875 0.63427734375 0.5908203125 0.640625 0.5771484375 0.650390625 0.576171875 0.65283203125 0.580078125 0.65380859375 0.595703125 0.6572265625 0.599609375 0.66162109375 0.599609375 0.67626953125 0.5830078125 0.6767578125 0.572265625 0.68896484375 0.5419921875 0.69091796875 0.53125 0.68994140625 0.525390625 0.68115234375 0.52734375 0.67822265625 0.5244140625 0.67431640625 0.5244140625 0.6640625 0.529296875 0.6572265625 0.529296875 0.65380859375 0.525390625 0.64697265625 0.53125
4 0.6015625 0.623046875 0.60595703125 0.6279296875 0.60888671875 0.626953125 0.61328125 0.619140625 0.6123046875 0.6064453125 0.609375 0.6015625 0.60546875 0.6015625 0.60205078125 0.60546875 0.60498046875 0.611328125 0.6025390625 0.6142578125 0.6015625 0.623046875
4 0.72802734375 0.5166015625 0.736328125 0.51953125 0.7431640625 0.5087890625 0.74365234375 0.5009765625 0.74072265625 0.4951171875 0.734375 0.4912109375 0.731201171875 0.4912109375 0.724609375 0.4931640625 0.72265625 0.4970703125 0.7236328125 0.5087890625 0.72802734375 0.5166015625
4 0.818359375 0.509765625 0.8251953125 0.501953125 0.82763671875 0.494140625 0.82763671875 0.4853515625 0.8232421875 0.482421875 0.8212890625 0.482421875 0.81787109375 0.4833984375 0.8134765625 0.4970703125 0.81591796875 0.5087890625 0.818359375 0.509765625