4 0.61472219375 0.5566744124999999 0.5899422359375001 0.5387817359375 0.580435403125 0.5408024765625 0.5682552265624999 0.5406343312499999 0.559869815625 0.5479309484375 0.540584828125 0.55589006875 0.5350789687499999 0.555957525 0.528133334375 0.5596395640625 0.5145133828125 0.563085996875 0.49835030468749997 0.575344353125 0.49724695468749996 0.580541696875 0.497807665625 0.583179634375 0.5024344593750001 0.5893646968749999 0.5115578328125 0.5907340078125001 0.528795296875 0.5887243453125001 0.5421439296874999 0.5891955515625 0.5483696765625 0.5873208046875 0.5586615078125 0.588993178125 0.574618371875 0.586152865625 0.6012975640625 0.5766220578125 0.6060184265624999 0.5728614859375 0.61472219375 0.5566744124999999
4 0.6552416828125 0.7680800125 0.64541649375 0.7789912078125 0.645640778125 0.7800463843750001 0.6591376984374999 0.8019916171875 0.6649799828125 0.8035069234375 0.6713178734375 0.8021597625 0.6891450125 0.787342003125 0.6873037015625 0.783873415625 0.69096825 0.7803373703125 0.6885011203125 0.768730440625 0.684771465625 0.7667660828125 0.685874815625 0.7615687390625 0.6552416828125 0.7680800125
4 0.7768446359375 0.6545560484374999 0.7848465859375 0.6506494843749999 0.7885581703125 0.6421406234375 0.7817717125 0.6413774328125 0.7826507765625 0.6351249140624999 0.7766963484375 0.633082021875 0.7689186828125 0.6380437609375 0.7675440140625 0.64715874375 0.7676561562499999 0.64768633125 0.7768446359375 0.6545560484374999
4 0.69436541875 0.5573913 0.689756696875 0.561679459375 0.6928026093749999 0.5863975453125 0.6934006640625 0.5892111718749999 0.6977187953125 0.5991381859375 0.7064587046875 0.6038975515625 0.7179189921875 0.6058729859375 0.737428265625 0.598969040625 0.7455351734375 0.559197590625 0.7395626734375 0.546681478125 0.7319912203125 0.542225171875 0.7153144671875 0.546872775 0.7109300296875001 0.552216109375 0.69436541875 0.5573913
4 0.6056674046875 0.659509709375 0.6123417203125 0.6597453109375 0.62236223125 0.6653353265625 0.63526229375 0.66369618125 0.6452647328125 0.6588129765625 0.6478078578125 0.6500010546875 0.6431810640625 0.6438159953125 0.6318799546875 0.63739533125 0.6318148484375 0.631894928125 0.6268045921875001 0.6290999203125 0.6228036171875 0.6310532015625 0.6182419296874999 0.6303685453125001 0.6071651046875 0.6250030578125 0.6008272140625001 0.6263502171875001 0.6028747390625 0.6204007609375 0.5908067046875 0.620760203125 0.573297921875 0.6266875078125 0.5654551484375 0.6261488421875 0.560285715625 0.6277990640625 0.5543312874999999 0.625756171875 0.5503303125000001 0.627709453125 0.5456564828125 0.626497209375 0.5424405046875 0.63214360625 0.533270096875 0.6357471078125 0.5268381375 0.6470399 0.527510990625 0.6502054265625 0.5404761625 0.6540666859375001 0.54892668125 0.652270471875 0.556881596875 0.6533367250000001 0.5602097171875 0.648217915625 0.5731748890625 0.652079175 0.5782321796875001 0.6499013671875 0.586972090625 0.6546607328125 0.592141521875 0.6530105109375001 0.5978716656249999 0.6539982281250001 0.6056674046875 0.659509709375
4 0.3709159546875 0.6614337578125 0.38604079062499996 0.6598731484375 0.400427665625 0.6496466062499999 0.4020736546875 0.6366139828125 0.3894449109375 0.6343354875 0.37348804375 0.6371758 0.361709403125 0.644090821875 0.35932545312499997 0.648457515625 0.35999830625 0.6516230421875 0.3709159546875 0.6614337578125
4 0.2102261078125 0.5235450687500001 0.21552575468750002 0.5328956546875 0.2246491265625 0.5342649671874999 0.23860550468750003 0.5324012953125 0.24382197187500002 0.5257782578125 0.24191555468749998 0.51680926875 0.2346805265625 0.5139357265625 0.21816295000000002 0.5141381 0.21299351875 0.5157883203125 0.20966539687500002 0.5209071296875 0.2102261078125 0.5235450687500001
4 0.7380976421875001 0.5034303625 0.7502778171875 0.5035985078125 0.769338521875 0.49458421093749994 0.7764433328125 0.486456946875 0.77237725 0.48290982343750005 0.7432309312500001 0.4808337015625 0.736173153125 0.48398815156249997 0.7343028796875 0.4959656 0.7344150218750001 0.49649318750000004 0.7380976421875001 0.5034303625
4 0.7032791031250001 0.46947445 0.7210772796875 0.4701027265625 0.73469723125 0.46665629218750004 0.7364083265625 0.459124071875 0.715712525 0.4552517359375 0.696680784375 0.4488199953125 0.6897351484375001 0.452502034375 0.6891925109375 0.460337315625 0.6882483374999999 0.4610894296875 0.7032791031250001 0.46947445
4 0.6557196765625 0.43271245625 0.6607950390624999 0.44100786718749996 0.6667494671875 0.44305076093749995 0.6765927281249999 0.44261278437499996 0.68565099375 0.4384816921875 0.68902615 0.42839006875 0.6813425546875 0.4234061765625 0.680333275 0.41865788750000005 0.659637471875 0.41478555000000006 0.654710396875 0.42796416718749997 0.6557196765625 0.43271245625
4 0.535538659375 0.37113268593750004 0.55432804375 0.36603603125 0.55922615625 0.36830345000000003 0.5572907765624999 0.37478049375 0.56558211875 0.377429509375 0.5773607578125 0.3705144875 0.57423885 0.3662152515625 0.5830728296875 0.3610289859375 0.5864479874999999 0.3509373609375 0.5801100984375 0.3522845203125 0.5638638406250001 0.3485692546875 0.5605646796875 0.338242028125 0.5642292296875 0.33470598281249997 0.5809059828125 0.33005838125000003 0.584346246875 0.325467159375 0.5833369671875 0.32071886875 0.562015346875 0.3087081921875 0.5502837406250001 0.31065039843750003 0.514734421875 0.3044210328125 0.5026663890624999 0.30478047343750003 0.49655278437500006 0.30718280937500003 0.5006839750000001 0.3162303359375 0.4981878828125 0.320069440625 0.4990850203125 0.32429014375 0.5067215828125 0.3342468515625 0.5082915734375 0.3416330796875 0.504851309375 0.3462243 0.5127591890625001 0.3522633671875 0.5150490703124999 0.35784230625 0.5230039859375 0.35890855781250003 0.526910890625 0.3669009078125 0.5312482921874999 0.3665303875 0.5320332875 0.3702235015625 0.535538659375 0.37113268593750004
4 0.5983459515625 0.380942403125 0.6033562078125 0.38373741093749997 0.60902124375 0.3792247234375 0.6127509 0.38118908125 0.62248201875 0.3802235171875 0.6267543125 0.3743525953125 0.6250251453125 0.3714115953125 0.6155653453125 0.3684595203125 0.6020575359375 0.3724335421875 0.5974488140624999 0.3767217 0.5983459515625 0.380942403125
4 0.45010574375 0.2704600828125 0.4537322953125 0.27713346250000004 0.4584061234375 0.27834570625 0.4708576171875 0.27459621093750003 0.4782988578125 0.268051709375 0.479561384375 0.2584091375 0.46637192812499995 0.253492703125 0.4578092671875 0.2547613296875 0.45214423125 0.2592740140625 0.4493768203125 0.2670307625 0.45010574375 0.2704600828125
4 0.42174998124999996 0.178609478125 0.43754767031249997 0.1802143953125 0.4496627359375 0.1748821359375 0.450158340625 0.1720196703125 0.44013782968750004 0.16642965625 0.4311265984375 0.16558793125 0.42161976562500003 0.16760867031249999 0.41946009999999995 0.17303053906250002 0.4199086703125 0.1751408921875 0.42174998124999996 0.178609478125