4 0.49615148124999997 0.4448892265625 0.492031515625 0.451049340625 0.49162666406250005 0.4536054703125 0.4929428359375 0.45853038437500004 0.509028990625 0.4694629859375 0.5222398921875 0.4720794375 0.5290731734375 0.47525792187500004 0.5343473734375 0.47504517343749997 0.5532071625 0.48170062343750003 0.561599525 0.48827034375 0.5732513453125 0.4874955609375 0.5824534109374999 0.488953025 0.6052807421875 0.47055840625 0.596139 0.455485190625 0.5914315921875 0.452119359375 0.565414640625 0.44433032812500006 0.54999689375 0.442412446875 0.5402280359375 0.44453356250000003 0.5341742968750001 0.44305069374999995 0.52141905625 0.44417476406249995 0.5048169171875 0.44311739531249994 0.49615148124999997 0.4448892265625
4 0.635531821875 0.23323848125 0.6237085484375 0.254948121875 0.6235466078125 0.2559705734375 0.6334980531250001 0.26593153125 0.6631491515625 0.27062780468750003 0.66183298125 0.2657028921875 0.6653051875 0.2636325828125 0.6670865312500001 0.2523856140625 0.6634015765625 0.2491817234375 0.6649908203125 0.24576508281249998 0.6471836421875 0.23246369687500001 0.6410489328125 0.23149205468749998 0.635531821875 0.23323848125
4 0.7555874124999999 0.36859258125 0.7471347265625 0.3756386109375 0.7470537562499999 0.3761498375 0.7488255890625 0.38481527187500003 0.75651938125 0.38917815 0.7621174609375 0.386920496875 0.7609632296875 0.38097313125 0.767421821875 0.379899871875 0.7634431453125 0.37193300625000003 0.7555874124999999 0.36859258125
4 0.6826107593749999 0.4256848 0.678973415625 0.435415196875 0.6785416015625 0.4381415640625 0.6768618734375 0.46198183593750003 0.6814883125 0.46585889218750004 0.697604628125 0.4699836171875 0.702069125 0.47488312656250004 0.7182664109375 0.4784966234375 0.7252917953125 0.47384478281250003 0.7303834046875 0.4615499578125 0.720633575 0.4238462671875 0.7016118421875001 0.4182132703125 0.690739565625 0.4206836734375 0.6826107593749999 0.4256848
4 0.5293334890625 0.380970103125 0.517114878125 0.38532346875 0.51662905625 0.388390825 0.52335120625 0.39888841249999996 0.5323103609375 0.40187955468750003 0.5356714359375 0.4071283484375 0.5400851234374999 0.40573120781250005 0.544012990625 0.40740142031250004 0.54961106875 0.40514376875 0.55464235625 0.406464696875 0.5621234015625001 0.4055533765625 0.5791811984375 0.41035126718750004 0.5907520468749999 0.41008770781250004 0.5884943953125 0.40448962968749996 0.5946291046875001 0.405461271875 0.604964753125 0.399761571875 0.6092974703125 0.3988756578125 0.6132253375000001 0.4005458703125 0.6178819343749999 0.3976150515625 0.6176691859375001 0.3923408515625 0.6281667750000001 0.3856187015625 0.6322867421875 0.3794585875 0.629411490625 0.3711424390625 0.6195918234375 0.36696690468750004 0.6071604625 0.3660460703125 0.597847265625 0.371907709375 0.5914696453125 0.37246974375 0.5842823234375001 0.3781440375 0.5788461828125 0.37937923906250004 0.5738148953125 0.37805831093750003 0.5656860906250001 0.3830594390625 0.560735771875 0.38122728437500003 0.5485171609374999 0.38558064999999997 0.545075115625 0.38084308125 0.537513103125 0.3822656265625 0.5293334890625 0.380970103125
4 0.3666430234375 0.3824530796875 0.356682065625 0.392404525 0.35619624375000003 0.39547187968749997 0.3586968078125 0.39953628281250003 0.3703184671875 0.4055693734375 0.3857362125 0.40748725625000004 0.39771191250000004 0.40466756718749997 0.395484421875 0.3922616109375 0.381200259375 0.38318656875 0.3666430234375 0.3824530796875
4 0.2243143515625 0.5134571625000001 0.2197085640625 0.5226846328125 0.2193037125 0.5252407625 0.22274575625 0.5299783312499999 0.227777046875 0.5312992578125 0.24359964218750002 0.5306610109375 0.2503821140625 0.5275428453125001 0.2517586078125 0.51885200625 0.24643359999999997 0.5127681046875 0.2329797875 0.51168533125 0.2243143515625 0.5134571625000001
4 0.726052309375 0.5153652078125 0.722873821875 0.5221984890625 0.7227928515625 0.5227097140625 0.725182284375 0.53409321875 0.7320965359375 0.5367604796875 0.7598948328125 0.53330254375 0.76360995 0.5296985578125 0.756401978125 0.5222683234375001 0.7377041296875 0.5145904234375 0.726052309375 0.5153652078125
4 0.69441825 0.5496586359375 0.6804484546875 0.55845109375 0.6813899359375 0.559124259375 0.6823012562499999 0.566605303125 0.6891345375 0.5697837875 0.7070321984375 0.5626615453125 0.7266508828125 0.557908084375 0.724636140625 0.5507763265625 0.7114252390625 0.548159875 0.69441825 0.5496586359375
4 0.65517136875 0.579077959375 0.6507275203125 0.5872829765625001 0.6499987875000001 0.591884009375 0.6553746046875 0.6042645609374999 0.6749932890625 0.5995111015625 0.6757220203125 0.59491006875 0.6828283734375 0.5897470015625 0.6790926093749999 0.580246459375 0.670214425 0.5767440921875 0.6607694484375 0.5768203062499999 0.65517136875 0.579077959375
4 0.5130141515625 0.6891471874999999 0.50620151875 0.6990732265624999 0.50555375625 0.7031630343749999 0.5081352890625 0.706716209375 0.5046329234375 0.71559439375 0.5106056921875 0.7175884890625001 0.5221765421875 0.7173249312500001 0.5558968 0.7095644375 0.5672247390625 0.71083455625 0.5870355234375 0.69825076875 0.5877642562500001 0.6936497359375 0.584241240625 0.6894233937500001 0.5680439546875 0.6858098953125 0.5643589984374999 0.682606003125 0.5670008546874999 0.6725434265625 0.5823677921875 0.66816465625 0.5885025015625 0.6691363 0.5847667359375001 0.6596357578125 0.5760504921875 0.6551109390625001 0.5788241281250001 0.6508337875 0.5672024703125 0.6448006953125 0.559397546875 0.6477569187500001 0.561574228125 0.6538662234375 0.5569986015625 0.6562858171875 0.5387564109375 0.6523484374999999 0.5354461453125 0.65339629375 0.534879353125 0.6569748765625001 0.5307085765624999 0.656838340625 0.52736815 0.6646940734375 0.5198061375 0.6661166187500001 0.5178930125 0.6715781625 0.5106247203125001 0.67776368125 0.514147734375 0.6819900234375 0.5130141515625 0.6891471874999999
4 0.6030486015625 0.6368528578125 0.5983920031250001 0.6397836765625 0.597744240625 0.6438734828125 0.6023706796875 0.6477505406249999 0.615500609375 0.65087821875 0.62440895625 0.647572709375 0.625917228125 0.6446672953125 0.621533703125 0.6392565593749999 0.612169696875 0.638821546875 0.608697490625 0.64089185625 0.6030486015625 0.6368528578125
4 0.46514313124999995 0.7465473953124999 0.4620051296875 0.7531250640625 0.4614788234375 0.7564480312499999 0.4645160171875 0.7637417281250001 0.47016490624999996 0.7677807265625 0.478425490625 0.768565025 0.490806040625 0.7631892078125 0.48911518125000003 0.7540125468750001 0.4816643 0.748115990625 0.46955681875 0.745150253125 0.46514313124999995 0.7465473953124999
4 0.4394533015625 0.842572128125 0.437864059375 0.8459887687500001 0.437540178125 0.8480336718749999 0.43987879999999996 0.8531205249999999 0.44908086562499994 0.8545779890625 0.45766532968750007 0.8533173843749999 0.46697852656250005 0.8474557468749999 0.466360928125 0.8447376765625 0.45449635781250003 0.8402382609375 0.4394533015625 0.842572128125