4 0.0771484375 0.5283203125 0.09521484375 0.5498046875 0.11083984375 0.556640625 0.1181640625 0.556640625 0.11669921875 0.548828125 0.119140625 0.5439453125 0.1142578125 0.5361328125 0.111328125 0.521484375 0.099609375 0.5087890625 0.09814453125 0.5087890625 0.0869140625 0.517578125 0.083984375 0.5244140625 0.0771484375 0.525390625 0.0771484375 0.5283203125
4 0.28515625 0.5166015625 0.28466796875 0.5263671875 0.28662109375 0.5322265625 0.28515625 0.55078125 0.2880859375 0.5595703125 0.283203125 0.5634765625 0.27001953125 0.5615234375 0.26953125 0.5654296875 0.271484375 0.5673828125 0.267578125 0.568359375 0.26513671875 0.580078125 0.26513671875 0.595703125 0.26953125 0.607421875 0.27880859375 0.6064453125 0.2841796875 0.583984375 0.2822265625 0.578125 0.28662109375 0.580078125 0.29541015625 0.5625 0.30517578125 0.53515625 0.3212890625 0.5009765625 0.330078125 0.474609375 0.32666015625 0.4677734375 0.30126953125 0.46484375 0.298828125 0.46484375 0.2890625 0.4677734375 0.28466796875 0.478515625 0.28369140625 0.509765625 0.28515625 0.5166015625
4 0.27783203125 0.4541015625 0.283203125 0.4521484375 0.294921875 0.4560546875 0.30224609375 0.455078125 0.31201171875 0.447265625 0.31005859375 0.4423828125 0.3134765625 0.439453125 0.31005859375 0.435546875 0.31005859375 0.431640625 0.30517578125 0.421875 0.29443359375 0.412109375 0.28759765625 0.4111328125 0.287109375 0.4111328125 0.2783203125 0.4208984375 0.27099609375 0.435546875 0.27099609375 0.4482421875 0.27783203125 0.4541015625
4 0.31640625 0.6025390625 0.31494140625 0.609375 0.302734375 0.6103515625 0.29345703125 0.6181640625 0.291015625 0.6279296875 0.29296875 0.6376953125 0.29443359375 0.640625 0.302734375 0.6416015625 0.30859375 0.638671875 0.3115234375 0.630859375 0.31787109375 0.6298828125 0.32080078125 0.63671875 0.32177734375 0.6455078125 0.32861328125 0.658203125 0.333984375 0.6591796875 0.34228515625 0.646484375 0.34716796875 0.6220703125 0.345703125 0.6103515625 0.35009765625 0.5849609375 0.34912109375 0.5791015625 0.34228515625 0.57421875 0.33984375 0.57421875 0.322265625 0.576171875 0.3193359375 0.5791015625 0.31591796875 0.5908203125 0.31640625 0.6025390625
4 0.36865234375 0.5224609375 0.37353515625 0.5244140625 0.37939453125 0.51953125 0.38525390625 0.5205078125 0.392578125 0.5302734375 0.39306640625 0.53515625 0.39013671875 0.5419921875 0.39404296875 0.552734375 0.40380859375 0.5546875 0.40771484375 0.548828125 0.4140625 0.5283203125 0.41748046875 0.509765625 0.41796875 0.4970703125 0.42041015625 0.48828125 0.419921875 0.4833984375 0.416015625 0.4775390625 0.38232421875 0.474609375 0.3798129875 0.474609375 0.3642578125 0.4755859375 0.36279296875 0.482421875 0.36328125 0.4951171875 0.36865234375 0.5224609375
4 0.3359375 0.46484375 0.3525390625 0.4658203125 0.376953125 0.458984375 0.3759765625 0.4326171875 0.36962890625 0.41796875 0.3623046875 0.4130859375 0.36083984375 0.416015625 0.35693359375 0.4150390625 0.3515625 0.4189453125 0.341796875 0.4111328125 0.3392578125 0.4111328125 0.3251953125 0.4130859375 0.32177734375 0.4208984375 0.32421875 0.4580078125 0.3359375 0.46484375
4 0.37548828125 0.384765625 0.3837890625 0.3896484375 0.39208984375 0.388671875 0.3955078125 0.384765625 0.392578125 0.3662109375 0.3857421875 0.345703125 0.380859375 0.337890625 0.38037109375 0.337890625 0.37646484375 0.341796875 0.37158203125 0.3720703125 0.37548828125 0.380859375 0.37548828125 0.384765625
4 0.3515625 0.169921875 0.3515625 0.1845703125 0.35400390625 0.1923828125 0.3525390625 0.22265625 0.35546875 0.234375 0.36083984375 0.2392578125 0.37255859375 0.23828125 0.3740234375 0.244140625 0.376953125 0.24609375 0.3798828125 0.23828125 0.38525390625 0.2314453125 0.3857421875 0.2197265625 0.38916015625 0.201171875 0.38720703125 0.1875 0.38818359375 0.1640625 0.38525390625 0.1611328125 0.38232421875 0.1611328125 0.3681640625 0.1630859375 0.3623046875 0.1669921875 0.35693359375 0.166015625 0.3515625 0.169921875
4 0.29052734375 0.2705078125 0.298828125 0.2724609375 0.30712890625 0.2646484375 0.30908203125 0.2509765625 0.3076171875 0.2431640625 0.302734375 0.2333984375 0.29736328125 0.228515625 0.2939453125 0.228515625 0.29052734375 0.2314453125 0.28515625 0.2431640625 0.283203125 0.2548828125 0.29052734375 0.2705078125
4 0.4580078125 0.345703125 0.44482421875 0.3486328125 0.439453125 0.3564453125 0.435546875 0.3544921875 0.431640625 0.357421875 0.43359375 0.361328125 0.4296875 0.365234375 0.43212890625 0.369140625 0.4306640625 0.3798828125 0.43310546875 0.384765625 0.43505859375 0.4033203125 0.43896484375 0.4072265625 0.4384765625 0.412109375 0.4404296875 0.416015625 0.43798828125 0.4228515625 0.43994140625 0.443359375 0.43701171875 0.447265625 0.435546875 0.458984375 0.4384765625 0.462890625 0.45703125 0.4697265625 0.4599609375 0.4697265625 0.4619140625 0.4658203125 0.490234375 0.4619140625 0.4931640625 0.4580078125 0.49169921875 0.4560546875 0.49267578125 0.453125 0.49755859375 0.4521484375 0.501953125 0.458984375 0.50390625 0.4521484375 0.5029296875 0.4384765625 0.4990234375 0.4267578125 0.49462890625 0.4033203125 0.48486328125 0.384765625 0.47412109375 0.3564453125 0.46533203125 0.34765625 0.45947265625 0.345703125 0.46142578125 0.3427734375 0.4658203125 0.3427734375 0.466796875 0.3388671875 0.46240234375 0.333984375 0.44775390625 0.333984375 0.447265625 0.333984375 0.44775390625 0.337890625 0.44482421875 0.341796875 0.451171875 0.3408203125 0.4580078125 0.345703125
4 0.458984375 0.2431640625 0.44287109375 0.2431640625 0.43701171875 0.2470703125 0.4365234375 0.251953125 0.44384765625 0.2783203125 0.44287109375 0.283203125 0.44970703125 0.2880859375 0.4541015625 0.298828125 0.46240234375 0.310546875 0.474609375 0.30859375 0.48095703125 0.314453125 0.4931640625 0.3134765625 0.50634765625 0.3056640625 0.51806640625 0.294921875 0.51953125 0.291015625 0.52099609375 0.2822265625 0.51513671875 0.265625 0.50634765625 0.2578125 0.48974609375 0.2568359375 0.4892578125 0.25390625 0.49267578125 0.2470703125 0.4794921875 0.2412109375 0.47802734375 0.2412109375 0.47119140625 0.24609375 0.4677734375 0.2431640625 0.462890625 0.24609375 0.458984375 0.2431640625
4 0.5576171875 0.3466796875 0.560546875 0.359375 0.56396484375 0.365234375 0.58056640625 0.3740234375 0.58642578125 0.37109375 0.587890625 0.3671875 0.587890625 0.3564453125 0.58447265625 0.3408203125 0.58935546875 0.322265625 0.5888671875 0.306640625 0.5791015625 0.2783203125 0.57177734375 0.2734375 0.5693359375 0.2734375 0.5625 0.2802734375 0.552734375 0.306640625 0.55712890625 0.3173828125 0.5576171875 0.3466796875
4 0.60498046875 0.3505859375 0.60498046875 0.365234375 0.60986328125 0.3818359375 0.61181640625 0.3837890625 0.60986328125 0.3876953125 0.61279296875 0.392578125 0.61572265625 0.4150390625 0.62353515625 0.431640625 0.62109375 0.439453125 0.63134765625 0.44140625 0.63427734375 0.4375 0.642578125 0.4365234375 0.6494140625 0.4326171875 0.65771484375 0.419921875 0.65966796875 0.404296875 0.65966796875 0.3876953125 0.65673828125 0.376953125 0.6552734375 0.3603515625 0.66064453125 0.357421875 0.662109375 0.3525390625 0.65869140625 0.3486328125 0.65771484375 0.33984375 0.64453125 0.3251953125 0.64013671875 0.3251953125 0.61328125 0.326171875 0.60693359375 0.337890625 0.60791015625 0.341796875 0.60498046875 0.3505859375
4 0.5810546875 0.4736328125 0.57373046875 0.4736328125 0.5751953125 0.4765625 0.587890625 0.474609375 0.58984375 0.4775390625 0.58837890625 0.4970703125 0.58984375 0.509765625 0.587890625 0.5146484375 0.580078125 0.513671875 0.57763671875 0.501953125 0.572265625 0.498046875 0.55224609375 0.5087890625 0.54736328125 0.521484375 0.5458984375 0.533203125 0.54736328125 0.552734375 0.55322265625 0.56640625 0.5478515625 0.576171875 0.5458984375 0.5869140625 0.55078125 0.6015625 0.55224609375 0.6201171875 0.55517578125 0.626953125 0.5517578125 0.634765625 0.55126953125 0.642578125 0.5576171875 0.6416015625 0.556640625 0.6533203125 0.55908203125 0.654296875 0.56201171875 0.6611328125 0.56005859375 0.666015625 0.56201171875 0.6689453125 0.56103515625 0.673828125 0.56298828125 0.6875 0.5625 0.693359375 0.56005859375 0.6962890625 0.55810546875 0.712890625 0.5615234375 0.7119140625 0.56396484375 0.7001953125 0.56787109375 0.69921875 0.5693359375 0.703125 0.5771484375 0.705078125 0.57861328125 0.7080078125 0.5732421875 0.712890625 0.5791015625 0.716796875 0.59912109375 0.7158203125 0.60107421875 0.712890625 0.599609375 0.7080078125 0.6015625 0.703125 0.6083984375 0.7021484375 0.61181640625 0.6923828125 0.61376953125 0.677734375 0.61669921875 0.6708984375 0.625 0.66015625 0.62841796875 0.650390625 0.63037109375 0.650390625 0.62890625 0.646484375 0.63134765625 0.642578125 0.6318359375 0.6328125 0.63037109375 0.6298828125 0.6318359375 0.626953125 0.62744140625 0.62109375 0.63037109375 0.6181640625 0.62841796875 0.61328125 0.63232421875 0.6044921875 0.63134765625 0.5986328125 0.63330078125 0.591796875 0.63134765625 0.583984375 0.63232421875 0.580078125 0.62890625 0.57421875 0.63427734375 0.5595703125 0.6376953125 0.5107421875 0.6357421875 0.5029296875 0.63623046875 0.4736328125 0.63134765625 0.458984375 0.62890625 0.45703125 0.62451171875 0.45703125 0.595703125 0.46484375 0.58740234375 0.47265625 0.58349609375 0.470703125 0.5810546875 0.4736328125
4 0.53662109375 0.751953125 0.53662109375 0.7626953125 0.53515625 0.767578125 0.5390625 0.771484375 0.53662109375 0.775390625 0.54052734375 0.775390625 0.5458984375 0.7900390625 0.54931640625 0.791015625 0.55322265625 0.796875 0.55712890625 0.796875 0.56005859375 0.79296875 0.560546875 0.7841796875 0.556640625 0.748046875 0.55224609375 0.732421875 0.5537109375 0.720703125 0.544921875 0.716796875 0.542236328125 0.716796875 0.53662109375 0.71875 0.53271484375 0.7236328125 0.5322265625 0.740234375 0.53662109375 0.751953125
4 0.7021484375 0.46875 0.69189453125 0.544921875 0.693359375 0.5595703125 0.70068359375 0.5751953125 0.69921875 0.60546875 0.705078125 0.6181640625 0.70556640625 0.6240234375 0.703125 0.6259765625 0.70556640625 0.6279296875 0.70751953125 0.6357421875 0.7216796875 0.6396484375 0.73046875 0.6259765625 0.72998046875 0.623046875 0.73388671875 0.615234375 0.73779296875 0.599609375 0.7373046875 0.583984375 0.73046875 0.568359375 0.7275390625 0.556640625 0.72705078125 0.54296875 0.73486328125 0.4541015625 0.732421875 0.4384765625 0.72802734375 0.4345703125 0.72021484375 0.43359375 0.716796875 0.4267578125 0.716796875 0.4228515625 0.71240234375 0.4228515625 0.70751953125 0.4267578125 0.70458984375 0.435546875 0.705078125 0.45703125 0.7021484375 0.46875
4 0.751953125 0.56640625 0.75146484375 0.572265625 0.75537109375 0.580078125 0.76416015625 0.5791015625 0.77001953125 0.572265625 0.77490234375 0.5732421875 0.78466796875 0.548828125 0.78173828125 0.5439453125 0.78076171875 0.53515625 0.7763671875 0.5234375 0.76953125 0.513671875 0.76611328125 0.513671875 0.75341796875 0.51953125 0.74658203125 0.5361328125 0.74853515625 0.556640625 0.751953125 0.56640625