4 0.60608934375 0.22051252500000001 0.619579690625 0.2251675046875 0.6415478265625 0.2377281515625 0.6476509921875 0.26570842968749997 0.6540987281249999 0.27419759374999997 0.6676784703124999 0.2814124890625 0.682282175 0.28859162656250004 0.704035765625 0.29500847812500003 0.729147315625 0.309509784375 0.7435364765625 0.31054512500000003 0.7690283531250001 0.30657928437500004 0.7699092875 0.3024476625 0.754013434375 0.28762453906249996 0.753405553125 0.27021711718749997 0.74690418125 0.260192003125 0.7363784578125 0.25235785 0.7276861234374999 0.2383083875 0.7171067640625 0.22893828749999998 0.6898936453125 0.21297254843750002 0.6748429687499999 0.1929938359375 0.6162135953125001 0.1581334890625 0.6110758875 0.15780029375 0.5867867640625 0.16685020625 0.5784520046875 0.1630404046875 0.542362890625 0.15712416093749998 0.5521913374999999 0.144990975 0.5623773609375 0.14309745000000001 0.56218069375 0.13746563750000002 0.55382805625 0.13314385 0.50726685625 0.12092940468749999 0.4960389875 0.12234670624999999 0.4871451140625 0.13188421875 0.489129665625 0.1887143328125 0.48832024531249996 0.1948938859375 0.4813849078125 0.20179996875 0.48165309062499995 0.2094797140625 0.5251245124999999 0.22128945 0.5438956 0.2303734890625 0.56762560625 0.23467089218749998 0.60608934375 0.22051252500000001
4 0.72989500625 0.5657873484375 0.7379388328125 0.5906242125000001 0.758471790625 0.5914450062500001 0.7675802109375 0.5880512890625 0.7748731249999999 0.5913848671874999 0.779814165625 0.586086246875 0.78705344375 0.5878838765625 0.7989119437500001 0.5751671921875 0.8302973140625 0.5638190437499999 0.8277487734375001 0.549555034375 0.8087631406250001 0.5343272 0.8086379890625001 0.53074331875 0.8335041078125001 0.5088580734375 0.8312416296875 0.50278579375 0.8361469125 0.496463209375 0.8296812984375 0.48746206093750005 0.82445419375 0.48456895156249996 0.8162624671875 0.4848550125 0.7942894578125 0.5015131546875 0.75131864375 0.5040389421875 0.7431626734375001 0.5053489703125 0.7361558203125 0.510207121875 0.736745821875 0.5271025609375 0.7463190921875 0.5370204015625 0.7446466171874999 0.5478435609375001 0.72989500625 0.5657873484375
4 0.8619297250000001 0.4714703078125 0.8547668328125001 0.442501821875 0.8493967 0.43551284843750004 0.8212083796874999 0.4503376046875 0.8154042828125 0.460279828125 0.8248524015625 0.46661378750000004 0.8282103609375 0.47469824374999997 0.85183309375 0.4759237484375 0.8581914375 0.4818529984375 0.8522264281249999 0.487187375 0.8564116875 0.4896042578125 0.8603645203125 0.485365365625 0.8619297250000001 0.4714703078125
4 0.7900879749999999 0.7041397765624999 0.7786634390625 0.6999252640625 0.769376228125 0.69819915 0.747944459375 0.7009979953125 0.7263290265625 0.7278957968750001 0.7255732421875 0.7356113 0.7307824671875001 0.7379924250000001 0.743141575 0.7396112671874999 0.751100878125 0.7326694265625 0.7783546265625 0.7204403421875 0.7912370921874999 0.7076879 0.7900879749999999 0.7041397765624999
4 0.5719913062499999 0.44776309531249997 0.5732119375 0.4533591515625 0.592917596875 0.4598475171875 0.6011093234375 0.45956145625 0.6112059546874999 0.45510801562500003 0.613991790625 0.4468090125 0.605496121875 0.4383913640625 0.5809388171875 0.43976153125 0.5719913062499999 0.44776309531249997
4 0.49923608281250004 0.4487659421875 0.48763275781250004 0.4394316 0.4741424109375 0.43477661875000007 0.42199166093749996 0.4386481921875 0.414931171875 0.44197039531250004 0.40420390937499995 0.45772321875 0.4037341875 0.47363045000000004 0.4111164953125 0.47952394218750005 0.4287921 0.4865958078125 0.44519343750000007 0.48653566562500006 0.4869793765625 0.4794377890625 0.49894514843750004 0.46979300312500005 0.49923608281250004 0.4487659421875
4 0.34741771093749996 0.6811526109375 0.3517638796875 0.6881773421874999 0.385447484375 0.683925440625 0.3988305578125 0.6855085234375 0.40522952968750003 0.66324295 0.415361915625 0.6598134765625 0.4203208359375 0.6550268406249999 0.41153910781249997 0.6384174625 0.3998821453125 0.6275471703125 0.39632752031249996 0.6138309015625001 0.390058571875 0.6104615671875 0.368698315625 0.6153083421875001 0.3636857578125 0.6185590296875 0.3575419625 0.618773575 0.332716475 0.6124639968750001 0.31953006875 0.616512728125 0.3176381734375 0.65041088125 0.324050153125 0.6578760781249999 0.3512990296875 0.674865784375 0.34741771093749996 0.6811526109375
4 0.33480177499999997 0.496029309375 0.32398511874999997 0.50922221875 0.3262118390625 0.514270534375 0.3335226328125 0.51811609375 0.345792346875 0.5171750203125 0.3568056671875 0.5096139234375 0.34301138125 0.49625523125 0.339885846875 0.4948265546875 0.33480177499999997 0.496029309375
4 0.41276948437499994 0.5855759390624999 0.3995652 0.5891126875 0.40398288281249994 0.5981853515625 0.40248919375 0.6141283390625001 0.4139137296875 0.6183428531249999 0.43451820156250004 0.6212115796875 0.4426920515625 0.6204135359375 0.4537232515625 0.613364421875 0.4373089109375 0.583693790625 0.41276948437499994 0.5855759390624999
4 0.194710225 0.5357787140625 0.1981933359375 0.5474470499999999 0.22212001250000002 0.557376265625 0.2322523984375 0.553946790625 0.2361694734375 0.54868393125 0.23487732499999997 0.54103994375 0.2233455171875 0.5337535328125 0.20795026718749998 0.53326593125 0.194710225 0.5357787140625
4 0.5828210109375 0.787243584375 0.5798742640625 0.7909347390625 0.581380959375 0.804722521875 0.5976929 0.80210246875 0.60981958125 0.797065528125 0.61461759375 0.787671046875 0.608384403125 0.785325678125 0.596061053125 0.784730803125 0.5828210109375 0.787243584375
4 0.6657752640625 0.8140779859375 0.6638882421875001 0.8187573484374999 0.6681807734375 0.8242461296875 0.6837190515625 0.8288295953124999 0.7047038515625 0.8132311765625 0.7095197421874999 0.8043486765625 0.7022804640625 0.8025510499999999 0.6787113671875 0.8028614921875 0.6657752640625 0.8140779859375
4 0.4661766703125 0.9112670156249999 0.45929496875 0.9197090484375 0.46250989843749996 0.9236976374999999 0.47391655468750005 0.9274001671875001 0.4860789953125 0.92338719375 0.49612198750000003 0.9173978046875 0.49484771875 0.9102658 0.486512959375 0.906455996875 0.4661766703125 0.9112670156249999
4 0.3852394640625 0.8541183453125001 0.3945624296875 0.8568684234375 0.40038440625 0.8474381843750001 0.39593096562499996 0.8373415546875 0.3876140859375 0.834043734375 0.3742667703125 0.83348461875 0.3714630546875 0.8412716375 0.3852394640625 0.8541183453125001