4 0.36972518125 0.758859625 0.35764324062499997 0.7518735624999999 0.33889794375000004 0.7357161765625 0.33826017343750003 0.707716575 0.3336545265625 0.6983639109374999 0.3219644546875 0.6889036796875 0.30928471874999997 0.6792867015625 0.28959893281250004 0.6690673203124999 0.268198128125 0.650460353125 0.2545779015625 0.6467813812500001 0.229365965625 0.6458316843749999 0.2277493078125 0.6496336078125 0.240243103125 0.6668298421875 0.23757838750000002 0.6836541921875 0.2419489125 0.6944913578125 0.25059160625 0.7039761796875 0.2563144765625 0.7190855109375 0.264722046875 0.7300548328125 0.28786706562500003 0.7504597953125 0.2985874546875 0.7724476218749999 0.3483659171875 0.81685354375 0.35323588125 0.818132115625 0.378241890625 0.8139767265625 0.3855322390625 0.81918938125 0.419073371875 0.8316032328125 0.4073740953125 0.84141693125 0.3972422953125 0.8413339531249999 0.39638018124999996 0.846777125 0.40359215624999994 0.8524846140625 0.44601110468750005 0.8728987859374999 0.457054196875 0.8736333453125 0.4673719375 0.86613706875 0.47607144999999995 0.8112105109375 0.47800160625 0.8054292546875 0.48594814218750004 0.80009365 0.48712375156250004 0.7926711421875 0.44759543125 0.7732220484375001 0.43127052031249996 0.7609987421875 0.409291903125 0.7524452015625 0.36972518125 0.758859625
4 0.315302459375 0.40429741874999997 0.3122151109375 0.378953325 0.29265687812499996 0.3743338640625 0.283279625 0.3758921359375 0.2769005703125 0.37133106250000003 0.2711684921875 0.3754956625 0.2645543140625 0.372419090625 0.2507973265625 0.38241412656249996 0.2185501484375 0.3874516171875 0.2183350125 0.40162046093750003 0.23371943750000002 0.41978177343749995 0.23317082031249997 0.42324561093749996 0.20521579375000001 0.439615096875 0.2062546421875 0.4458666 0.20036581718750002 0.451020865625 0.204893090625 0.4608683625 0.209371184375 0.46462110624999997 0.21728852656250003 0.465875090625 0.24149080937499998 0.45398369531249994 0.2832136 0.45957744375000004 0.2912876875 0.4598417578125 0.29892072812500003 0.456485490625 0.30150706875 0.44015597343749996 0.2941675390625 0.42884856562499996 0.297792728125 0.41877054999999996 0.315302459375 0.40429741874999997
4 0.1709508796875 0.47020260937499997 0.17242156718749999 0.4993486265625 0.1762726703125 0.5070600390625 0.20609946406250002 0.49808846874999996 0.2135265765625 0.4896271125 0.20563842812500002 0.4817835421875 0.20392340937500003 0.47339595624999997 0.1814745484375 0.46781141875000004 0.1764770296875 0.460932925 0.1831987765625 0.456925075 0.17963197343749998 0.45382391406249994 0.1750463125 0.4571555921875 0.1709508796875 0.47020260937499997
4 0.283334875 0.2602485578125 0.293515853125 0.2664262890625 0.30210936718750003 0.26981635625 0.323205884375 0.271128728125 0.348975646875 0.2493406578125 0.3511409234375 0.242074896875 0.3465844546875 0.23881698906249998 0.3350219390625 0.234956678125 0.3260857359375 0.24013553437500001 0.29764048125000003 0.246789684375 0.2828938265625 0.2566279734375 0.283334875 0.2602485578125
4 0.44486448125000005 0.5470645671875001 0.44473692812500004 0.5414646484375 0.42703047656250004 0.5315587625 0.41911313593750005 0.5303047796875 0.4085894671875 0.5326959703124999 0.40436647968750006 0.5401430687500001 0.4109514640625 0.549809228125 0.43478186250000006 0.55307634375 0.44486448125000005 0.5470645671875001
4 0.5148957656250001 0.5596781749999999 0.524293003125 0.5708042453125 0.53637494375 0.57779030625 0.587161490625 0.5838051171875 0.5945594078124999 0.58193335 0.607796971875 0.5688125625 0.611216234375 0.5536294625 0.605229046875 0.5465942203124999 0.58958030625 0.536506996875 0.5738239968750001 0.5335041953124999 0.532385509375 0.5325207015625 0.519098765625 0.539546734375 0.5148957656250001 0.5596781749999999
4 0.7040035953125 0.3649194671875 0.701142159375 0.3573648015625 0.6680128828125 0.35516112031249997 0.6554606984375 0.3511440609375 0.6451629453125001 0.3713246828125 0.6347960234375 0.3727262046875 0.62914231875 0.3763959703125 0.6344733203125 0.3939794703125 0.6436354375 0.4065900421875 0.6444883406249999 0.42042080000000004 0.6498777296875 0.424825125 0.67128774375 0.42415816093750003 0.6767063265625 0.4219728984375 0.68264433125 0.42291338593749994 0.7052991203125 0.4336030109375 0.7187134171875 0.432176896875 0.7268551046875 0.39998810625000003 0.72209270625 0.3916251125 0.6991044359374999 0.3702304796875 0.7040035953125 0.3649194671875
4 0.6815702203125 0.544989803125 0.6944159140624999 0.5343431843750001 0.69322031875 0.52908135 0.6869196359374999 0.5240254453125 0.67496525 0.522639303125 0.6629816703125 0.5278427484375 0.6737312531249999 0.5432409859375 0.6764651328125 0.54519573125 0.6815702203125 0.544989803125
4 0.623431796875 0.4444771109375 0.6367677203125 0.44354583124999997 0.63421978125 0.43401183125 0.638628709375 0.41898547812500003 0.62844773125 0.4128077453125 0.609202996875 0.40620895 0.6012072796875 0.40544979999999997 0.589302075 0.41015841249999996 0.5995230234375 0.44170482812499995 0.623431796875 0.4444771109375
4 0.823473790625 0.532972321875 0.8223073875000001 0.5211208984375 0.8011908859375 0.5071241843750001 0.790823965625 0.508525709375 0.7860815546875 0.5128470546874999 0.7858956125 0.5204263109375 0.795606346875 0.5295730453124999 0.810294615625 0.5329139328125 0.823473790625 0.532972321875
4 0.4978160984375 0.21914648125 0.50133371875 0.21615288906250002 0.5024601484375 0.2026356265625 0.4863119703125 0.20210699375000002 0.4737305921875 0.2046795234375 0.467371521875 0.21280279375000002 0.4729176578125 0.21621744999999998 0.4846369234375 0.21908809375 0.4978160984375 0.21914648125
4 0.42318837499999995 0.17790628125000002 0.42587307656249995 0.1737662734375 0.4227765203125 0.16769610937499999 0.40871524375 0.1603965515625 0.3856593765625 0.171455025 0.3793786796875 0.1790834609375 0.3859928578125 0.18216003125 0.408676840625 0.18626006875 0.42318837499999995 0.17790628125000002
4 0.6329363953125 0.1218516234375 0.641118053125 0.1150315171875 0.6387760421875 0.110602603125 0.6285166890625 0.1049197046875 0.616092059375 0.106502565625 0.6053332671875 0.11037825781249999 0.6052257 0.11746267968749999 0.61251605 0.122675334375 0.6329363953125 0.1218516234375
4 0.69997105 0.191816775 0.6915342859375 0.187437040625 0.6841855484375 0.1954035609375 0.6865767390624999 0.20592722968750002 0.6939454625 0.21064505156250002 0.7066543937499999 0.213672440625 0.7107990078124999 0.20672017812500001 0.69997105 0.191816775