4 0.20263671875 0.5224609375 0.208984375 0.529296875 0.21630859375 0.529296875 0.22900390625 0.48828125 0.23828125 0.470703125 0.2431640625 0.4482421875 0.23095703125 0.4111328125 0.23583984375 0.3984375 0.24853515625 0.3779296875 0.275390625 0.373046875 0.28369140625 0.3671875 0.291015625 0.3544921875 0.29833984375 0.3408203125 0.30517578125 0.3203125 0.31982421875 0.296875 0.3212890625 0.283203125 0.318359375 0.2587890625 0.314453125 0.2578125 0.2998046875 0.2724609375 0.283203125 0.2724609375 0.2734375 0.2783203125 0.265625 0.2880859375 0.251953125 0.2958984375 0.24267578125 0.3056640625 0.2265625 0.3310546875 0.20703125 0.3447265625 0.171875 0.3994140625 0.17138671875 0.404296875 0.17919921875 0.427734375 0.17529296875 0.435546875 0.16845703125 0.4697265625 0.1572265625 0.4599609375 0.15576171875 0.4501953125 0.150390625 0.4501953125 0.14599609375 0.4580078125 0.1328125 0.501953125 0.1337890625 0.5126953125 0.142578125 0.521484375 0.19677734375 0.521484375 0.20263671875 0.5224609375
4 0.505859375 0.2822265625 0.5068359375 0.2900390625 0.51123046875 0.296875 0.52734375 0.296875 0.537109375 0.2880859375 0.54736328125 0.2900390625 0.56396484375 0.3046875 0.587890625 0.2978515625 0.58935546875 0.2783203125 0.58642578125 0.26953125 0.58984375 0.2626953125 0.5849609375 0.2578125 0.5869140625 0.2509765625 0.5751953125 0.2392578125 0.5654296875 0.208984375 0.5517578125 0.2109375 0.53662109375 0.228515625 0.533203125 0.228515625 0.51318359375 0.2041015625 0.50732421875 0.2060546875 0.50146484375 0.201171875 0.49267578125 0.20703125 0.48974609375 0.2119140625 0.48974609375 0.2197265625 0.5048828125 0.2412109375 0.505859375 0.2822265625
4 0.48046875 0.2080078125 0.482421875 0.185546875 0.48828125 0.1796875 0.4931640625 0.185546875 0.49560546875 0.181640625 0.49169921875 0.177734375 0.478515625 0.17578125 0.45068359375 0.181640625 0.44384765625 0.1865234375 0.45703125 0.2138671875 0.46630859375 0.2197265625 0.47265625 0.2109375 0.48046875 0.2080078125
4 0.7255859375 0.314453125 0.72802734375 0.3095703125 0.72998046875 0.2978515625 0.7236328125 0.2900390625 0.712890625 0.263671875 0.701171875 0.2509765625 0.69775390625 0.251953125 0.693359375 0.2626953125 0.69140625 0.271484375 0.693359375 0.2919921875 0.71826171875 0.3134765625 0.7255859375 0.314453125
4 0.45849609375 0.431640625 0.45849609375 0.423828125 0.45458984375 0.4140625 0.44677734375 0.4111328125 0.4384765625 0.4189453125 0.43896484375 0.4423828125 0.4462890625 0.451171875 0.45166015625 0.4501953125 0.45849609375 0.431640625
4 0.46533203125 0.6123046875 0.47119140625 0.60546875 0.478515625 0.5888671875 0.47900390625 0.5732421875 0.4736328125 0.533203125 0.46484375 0.521484375 0.44482421875 0.5205078125 0.435546875 0.53125 0.4306640625 0.5439453125 0.4326171875 0.59375 0.435546875 0.6005859375 0.4501953125 0.611328125 0.46533203125 0.6123046875
4 0.60205078125 0.6611328125 0.59521484375 0.6845703125 0.5986328125 0.697265625 0.630859375 0.7001953125 0.63818359375 0.6943359375 0.6552734375 0.6689453125 0.6611328125 0.6728515625 0.66796875 0.6689453125 0.6650390625 0.63671875 0.6669921875 0.6240234375 0.64599609375 0.6171875 0.64306640625 0.607421875 0.638671875 0.6025390625 0.62255859375 0.6103515625 0.61181640625 0.62109375 0.5986328125 0.6240234375 0.59521484375 0.6298828125 0.59912109375 0.650390625 0.60205078125 0.6552734375 0.60205078125 0.6611328125
4 0.50146484375 0.6875 0.50537109375 0.6806640625 0.5048828125 0.6689453125 0.498046875 0.658203125 0.48486328125 0.6708984375 0.4833984375 0.673828125 0.484375 0.6787109375 0.49658203125 0.689453125 0.50146484375 0.6875
4 0.59912109375 0.6181640625 0.603515625 0.607421875 0.60693359375 0.587890625 0.6064453125 0.580078125 0.60009765625 0.5693359375 0.5712890625 0.583984375 0.572265625 0.607421875 0.5751953125 0.6201171875 0.583984375 0.6162109375 0.59912109375 0.6181640625
4 0.5390625 0.7880859375 0.5361328125 0.7783203125 0.53125 0.7744140625 0.52392578125 0.775390625 0.5166015625 0.7861328125 0.515625 0.80078125 0.517578125 0.8134765625 0.52880859375 0.810546875 0.5390625 0.7880859375
4 0.78662109375 0.4541015625 0.78466796875 0.4384765625 0.7802734375 0.4267578125 0.771484375 0.421875 0.76904296875 0.427734375 0.76806640625 0.439453125 0.77001953125 0.4521484375 0.7734375 0.455078125 0.78662109375 0.4541015625
4 0.80810546875 0.3720703125 0.81298828125 0.357421875 0.798828125 0.3369140625 0.79052734375 0.33203125 0.78857421875 0.3388671875 0.7880859375 0.361328125 0.79833984375 0.3740234375 0.802734375 0.3759765625 0.80810546875 0.3720703125
4 0.89599609375 0.5712890625 0.89990234375 0.560546875 0.896484375 0.548828125 0.89111328125 0.5390625 0.88427734375 0.5400390625 0.88037109375 0.5478515625 0.88427734375 0.5673828125 0.89208984375 0.57421875 0.89599609375 0.5712890625
4 0.830078125 0.6337890625 0.8212890625 0.6279296875 0.8115234375 0.6318359375 0.80810546875 0.6396484375 0.80712890625 0.65234375 0.814453125 0.6552734375 0.8271484375 0.642578125 0.830078125 0.6337890625