4 0.22998046875 0.4599609375 0.23046875 0.4833984375 0.23388671875 0.498046875 0.24560546875 0.4990234375 0.25634765625 0.4951171875 0.26806640625 0.486328125 0.2763671875 0.47265625 0.2783203125 0.455078125 0.27783203125 0.416015625 0.27001953125 0.3974609375 0.2646484375 0.3759765625 0.25537109375 0.3662109375 0.25048828125 0.365234375 0.2421875 0.37109375 0.23046875 0.3916015625 0.22900390625 0.4013671875 0.22412109375 0.4072265625 0.22412109375 0.416015625 0.22998046875 0.4599609375
4 0.31689453125 0.3330078125 0.349609375 0.400390625 0.3623046875 0.3876953125 0.37353515625 0.3623046875 0.37255859375 0.345703125 0.3740234375 0.3408203125 0.37109375 0.333984375 0.36962890625 0.3173828125 0.36376953125 0.31640625 0.3603515625 0.306640625 0.36083984375 0.3017578125 0.35009765625 0.28125 0.32958984375 0.2548828125 0.32177734375 0.2509765625 0.31640625 0.2626953125 0.3095703125 0.2978515625 0.3095703125 0.306640625 0.31005859375 0.3134765625 0.31689453125 0.3330078125
4 0.205078125 0.265625 0.20751953125 0.27734375 0.23193359375 0.2822265625 0.2412109375 0.2783203125 0.275390625 0.27734375 0.27685546875 0.2724609375 0.27783203125 0.259765625 0.275390625 0.2421875 0.2646484375 0.2001953125 0.25732421875 0.1875 0.24755859375 0.1806640625 0.22314453125 0.1796875 0.20068359375 0.201171875 0.19921875 0.208984375 0.20068359375 0.236328125 0.2041015625 0.2529296875 0.20068359375 0.259765625 0.205078125 0.265625
4 0.44873046875 0.3193359375 0.455078125 0.318359375 0.46484375 0.30859375 0.47119140625 0.310546875 0.47607421875 0.28515625 0.4765625 0.2705078125 0.47509765625 0.251953125 0.47021484375 0.2353515625 0.46240234375 0.2314453125 0.43798828125 0.2314453125 0.43505859375 0.2275390625 0.4228515625 0.2392578125 0.4189453125 0.251953125 0.42333984375 0.271484375 0.43896484375 0.3134765625 0.44873046875 0.3193359375
4 0.38671875 0.62109375 0.3798828125 0.6337890625 0.38037109375 0.6591796875 0.3935546875 0.7158203125 0.39990234375 0.724609375 0.412109375 0.7294921875 0.4560546875 0.701171875 0.466796875 0.67578125 0.498046875 0.5791015625 0.51708984375 0.5126953125 0.51611328125 0.5068359375 0.5126953125 0.5029296875 0.482421875 0.4921875 0.41943359375 0.4990234375 0.408203125 0.505859375 0.39453125 0.5595703125 0.39404296875 0.5849609375 0.38818359375 0.6015625 0.388671875 0.6123046875 0.38671875 0.62109375
4 0.4443359375 0.4736328125 0.4970703125 0.4736328125 0.5 0.4658203125 0.50732421875 0.4580078125 0.5126953125 0.4326171875 0.50146484375 0.3564453125 0.49560546875 0.3408203125 0.48193359375 0.337890625 0.47021484375 0.3466796875 0.46533203125 0.36328125 0.46630859375 0.3916015625 0.46484375 0.4091796875 0.43408203125 0.439453125 0.43359375 0.4482421875 0.43603515625 0.4501953125 0.43896484375 0.466796875 0.4443359375 0.4736328125
4 0.61376953125 0.2626953125 0.61376953125 0.30078125 0.615234375 0.3076171875 0.62255859375 0.3232421875 0.626953125 0.3232421875 0.64453125 0.345703125 0.65185546875 0.34375 0.666015625 0.3291015625 0.6748046875 0.3056640625 0.67236328125 0.2900390625 0.662109375 0.263671875 0.65869140625 0.244140625 0.66162109375 0.2353515625 0.67578125 0.2158203125 0.67578125 0.208984375 0.666015625 0.1982421875 0.634765625 0.1787109375 0.626953125 0.1875 0.6220703125 0.2041015625 0.62451171875 0.216796875 0.62451171875 0.23046875 0.619140625 0.251953125 0.61376953125 0.2626953125
4 0.669921875 0.4873046875 0.68896484375 0.466796875 0.6865234375 0.45703125 0.6904296875 0.4365234375 0.68896484375 0.4189453125 0.6748046875 0.3857421875 0.65869140625 0.3857421875 0.65380859375 0.3779296875 0.63916015625 0.37890625 0.62255859375 0.3896484375 0.61865234375 0.3994140625 0.615234375 0.400390625 0.61865234375 0.4228515625 0.63134765625 0.4658203125 0.64306640625 0.482421875 0.669921875 0.4873046875
4 0.294921875 0.6943359375 0.30615234375 0.685546875 0.3115234375 0.6689453125 0.31201171875 0.640625 0.3076171875 0.6142578125 0.3046875 0.6103515625 0.29541015625 0.6064453125 0.28515625 0.6103515625 0.2802734375 0.6181640625 0.27734375 0.6416015625 0.27734375 0.669921875 0.27978515625 0.681640625 0.28662109375 0.6904296875 0.294921875 0.6943359375
4 0.51318359375 0.712890625 0.51806640625 0.71875 0.52001953125 0.73046875 0.529296875 0.736328125 0.5419921875 0.716796875 0.548828125 0.701171875 0.5537109375 0.6376953125 0.54931640625 0.6279296875 0.53466796875 0.6171875 0.52880859375 0.6259765625 0.517578125 0.62890625 0.5126953125 0.64453125 0.513671875 0.658203125 0.51611328125 0.6650390625 0.51220703125 0.69921875 0.51318359375 0.712890625
4 0.478515625 0.896484375 0.48046875 0.8916015625 0.47607421875 0.8828125 0.47607421875 0.8720703125 0.45947265625 0.865234375 0.4453125 0.8662109375 0.42431640625 0.880859375 0.4150390625 0.8955078125 0.41162109375 0.90625 0.4111328125 0.9189453125 0.42333984375 0.9267578125 0.431640625 0.927734375 0.478515625 0.896484375
4 0.22509765625 0.869140625 0.236328125 0.876953125 0.27783203125 0.88671875 0.29248046875 0.9013671875 0.298828125 0.9248046875 0.306640625 0.939453125 0.32568359375 0.9521484375 0.34912109375 0.9541015625 0.34423828125 0.9443359375 0.345703125 0.9189453125 0.32958984375 0.8955078125 0.314453125 0.86328125 0.3017578125 0.8505859375 0.2998046875 0.84375 0.30224609375 0.837890625 0.296875 0.8212890625 0.291015625 0.818359375 0.28857421875 0.8212890625 0.27685546875 0.8173828125 0.27001953125 0.8193359375 0.220703125 0.7841796875 0.216796875 0.7880859375 0.21240234375 0.7861328125 0.2119140625 0.7783203125 0.205078125 0.76953125 0.20166015625 0.7724609375 0.19677734375 0.7685546875 0.181640625 0.7705078125 0.17333984375 0.8017578125 0.173828125 0.80859375 0.17236328125 0.8095703125 0.17724609375 0.822265625 0.22509765625 0.869140625
4 0.25048828125 0.7373046875 0.25927734375 0.728515625 0.26123046875 0.7119140625 0.26025390625 0.6953125 0.25732421875 0.6884765625 0.23583984375 0.6884765625 0.22998046875 0.701171875 0.228515625 0.7177734375 0.23095703125 0.7294921875 0.24267578125 0.7373046875 0.25048828125 0.7373046875
4 0.1181640625 0.654296875 0.12646484375 0.673828125 0.14794921875 0.669921875 0.1611328125 0.6611328125 0.17236328125 0.640625 0.181640625 0.615234375 0.1826171875 0.5673828125 0.1767578125 0.55859375 0.16748046875 0.5625 0.154296875 0.5615234375 0.146484375 0.5703125 0.1376953125 0.5693359375 0.13134765625 0.5751953125 0.126953125 0.595703125 0.12158203125 0.6025390625 0.1181640625 0.6201171875 0.11962890625 0.6259765625 0.1171875 0.6337890625 0.119140625 0.642578125 0.1181640625 0.654296875
4 0.03369140625 0.55078125 0.04296875 0.57421875 0.0537109375 0.59375 0.080078125 0.626953125 0.083984375 0.626953125 0.0908203125 0.619140625 0.0908203125 0.6123046875 0.0966796875 0.6064453125 0.0966796875 0.5205078125 0.08837890625 0.5126953125 0.05712890625 0.5029296875 0.05078125 0.4892578125 0.0419921875 0.4814453125 0.0400390625 0.4814453125 0.033203125 0.4970703125 0.0341796875 0.50390625 0.029296875 0.5087890625 0.03173828125 0.5390625 0.03369140625 0.55078125