4 0.2747341125 0.5275709156249999 0.272650403125 0.50972511875 0.26324045625000003 0.47117122343749995 0.251267209375 0.454590446875 0.2410410609375 0.4345518453125 0.22962635312500002 0.42700554999999996 0.22457000312500003 0.427154740625 0.21769258125 0.43485147187499995 0.21077941875 0.45782883593749996 0.21156112187499998 0.46782995468750005 0.20806693125 0.47474560468749993 0.210075421875 0.48344533749999996 0.22591770156250002 0.5256050078125 0.2317569984375 0.5486927125000001 0.2384877125 0.5624111859375 0.2503105234375 0.560699834375 0.26005086718750003 0.5543784625 0.26964201718749997 0.5430007421874999 0.2747341125 0.5275709156249999
4 0.33680836406250003 0.368661390625 0.3315645921875 0.35256331093750004 0.32554160312499997 0.35293566875 0.3199267171875 0.34405037968749996 0.31929420625 0.3391056109375 0.3039747203125 0.32126105781250003 0.27764986875000003 0.2998483390625 0.2690241109375 0.29776711875 0.266385596875 0.310594171875 0.267653103125 0.3469552640625 0.2696615953125 0.355654996875 0.2717070734375 0.362309871875 0.282936846875 0.3800804515625 0.3307176203125 0.43930235156249997 0.340382746875 0.4238349171875 0.3456967640625 0.3961359484375 0.3409363078125 0.3799262859375 0.3412704359375 0.37475835156250004 0.33680836406250003 0.368661390625
4 0.22753393906250002 0.3165093078125 0.2211003640625 0.2996677578125 0.2008712296875 0.260557190625 0.1907202984375 0.2496646515625 0.17949176875 0.2451298515625 0.155102678125 0.24974235625 0.1377796734375 0.2761411828125 0.13811504375 0.2842090265625 0.145813640625 0.3109401140625 0.1529906875 0.3265918625 0.1511696171875 0.33413940000000003 0.156858478125 0.3389349765625 0.1619530609375 0.34997670625 0.1872348140625 0.349230746875 0.1955252015625 0.343244125 0.2291343296875 0.3344666875 0.22946845625 0.32929875468750003 0.22753393906250002 0.3165093078125
4 0.42100928125000003 0.26369673437499996 0.41238227812500006 0.248379734375 0.40375652031250003 0.24629851249999998 0.3795905953125 0.25187765624999997 0.375798021875 0.2486806046875 0.3663930484375 0.26306982031250004 0.3654276546875 0.2765287640625 0.3742408359375 0.2948572578125 0.39930315312500003 0.3328519953125 0.41030851874999996 0.3364201609375 0.41636849218750005 0.3340029453125 0.42380320468750005 0.32210491874999997 0.4305326765625 0.322587615625 0.42956355156250003 0.2963392265625 0.4266993859375 0.2817280890625 0.42100928125000003 0.26369673437499996
4 0.5048160937499999 0.712701471875 0.5096467921875 0.6851140890625 0.51848576875 0.582275725 0.5221599203125 0.5121926796875 0.5198542875000001 0.5066160234375 0.5155783953124999 0.5035305546875 0.48315782812499997 0.49981568593750003 0.422371903125 0.520976334375 0.4128177375 0.5303091984375 0.411558934375 0.586598553125 0.416877925 0.6118426968749999 0.41487192031250003 0.6296145203125 0.4178100640625 0.64013594375 0.4178852796875 0.6492820078125 0.4140199765625 0.66341045 0.420305603125 0.6884314265625 0.44629881562499996 0.741483634375 0.454590446875 0.748732790625 0.4677892375 0.7507764031249999 0.5048160937499999 0.712701471875
4 0.4616167375 0.34697421875 0.4474143234375 0.347198628125 0.43782317187500003 0.35857635 0.436783803125 0.37612500781249997 0.444222246875 0.4039343125 0.446789275 0.42166852656250003 0.42325834687499997 0.45866399375 0.42478352187499996 0.467475309375 0.42764644374999994 0.46885066875000003 0.434340171875 0.484614 0.44121883593750005 0.490153046875 0.49341723281250005 0.4781020984375 0.4945318171875 0.4696995046875 0.4999962703125 0.46029266562500004 0.4995104640625 0.43393269375 0.47098721250000003 0.361101415625 0.4616167375 0.34697421875
4 0.6169481515624999 0.3141676140625 0.6276169 0.2964321546875 0.63096065625 0.2712243765625 0.6249734124999999 0.2563161 0.6087982484375 0.2325601421875 0.6009517046874999 0.2140084828125 0.6018431234375 0.2046392515625 0.6113960453125 0.18207061093750002 0.6098338859375 0.1753041515625 0.5977126937499999 0.16690280156249998 0.562316996875 0.154711365625 0.556592390625 0.16519642343750002 0.5555530234375 0.18274508125 0.5608707703125 0.194753446875 0.563995090625 0.20828636562499997 0.5635882328124999 0.23077979062499998 0.5607265531250001 0.2426402078125 0.5694300171875 0.28033905 0.5724421328125 0.286770759375 0.5832625625000001 0.30056320937500003 0.5876124265625 0.2995589640625 0.6101447046875 0.31777462968750003 0.6169481515624999 0.3141676140625
4 0.6333107359375 0.3541708421875 0.626692225 0.347553575 0.6124158359375 0.3518677 0.5984378312499999 0.3662945234375 0.5968029406250001 0.3768535546875 0.5936428765625 0.3786012734375 0.6021589171875 0.4000528421875 0.6245444890625 0.4396837140625 0.6399379515625 0.4534385546875 0.6676362953125 0.45213468125 0.6817992375 0.42748357343750004 0.6771509874999999 0.41837511875000005 0.6763310546875 0.397183078125 0.6708641171874999 0.38011836250000003 0.6492602468750001 0.3504886078125 0.6333107359375 0.3541708421875
4 0.32415723750000003 0.6556484499999999 0.3149002125 0.6618582359375 0.31185235312500004 0.6707071609375 0.3143084203125 0.694575946875 0.3207802265625 0.7226084187499999 0.3258748078125 0.7336501484375 0.3346497578125 0.7407877187499999 0.3437588359375 0.742757359375 0.35286666875 0.7314912203125 0.35438935312500003 0.7138309796875 0.34840086718749996 0.685686925 0.33802552656249996 0.6605919734375 0.3342329515625 0.657394921875 0.32415723750000003 0.6556484499999999
4 0.5869740203125 0.627553496875 0.5803924953124999 0.6188913734375 0.5634381171875 0.611605853125 0.5596467875 0.621644578125 0.549199959375 0.6271108953125 0.5479374265625 0.6436929171875 0.552028384375 0.6570026671875 0.5560071359375 0.6632112125 0.5599513890625001 0.69793616875 0.564042346875 0.711245921875 0.5702145265625 0.7159299140625001 0.5748257875 0.7270832265625 0.585347834375 0.7307629734375001 0.5934507984375 0.7085290796875 0.5966466078125 0.6915007281250001 0.5869740203125 0.627553496875
4 0.5144628875 0.8978155609374999 0.5086273234375 0.914435190625 0.507698915625 0.9258492781250001 0.5101167515625 0.938527140625 0.5239850390624999 0.9434706640625 0.5324246203125 0.9425403937500001 0.5716818906250001 0.9008960546875 0.5724993359375 0.8956165390624999 0.566140978125 0.8879210515624999 0.5636861546875 0.8772880437499999 0.5456911671875 0.874315403125 0.5318980953125 0.87851794375 0.5144628875 0.8978155609374999
4 0.433123653125 0.9909197984375 0.45676927031250003 0.9874970953125001 0.449704428125 0.978946553125 0.445352075 0.95347924375 0.4240465875 0.9339621921875001 0.4016992453125 0.905522240625 0.386231809375 0.8958571140625 0.3827363765625 0.8895369859375 0.3838139734375 0.8831792500000001 0.374703653125 0.8679738328125 0.36823433437499997 0.8664129171875 0.36648723906249997 0.8698707421874999 0.3539949328125 0.8686821828125 0.3476748046875 0.8721776171875 0.290825671875 0.8486485546875 0.2878517875 0.8534077671875 0.2830555890625 0.8524787390625 0.2807869453125 0.8448572249999999 0.27201199531250003 0.837719653125 0.2692982625 0.8414006437499999 0.263572415625 0.8386499234375 0.2490358734375 0.8440422671875 0.2479607625 0.876871559375 0.250006240625 0.883526434375 0.2487794515625 0.8848278203125 0.256513790625 0.8962782718750001 0.31459095625 0.9317417265625 0.327492609375 0.9369084171875001 0.3708063375 0.9370902421875 0.3886533765625 0.9482423093750001 0.40029249375 0.9699910218750001 0.4113730765625 0.9827052500000001 0.433123653125 0.9909197984375
4 0.2810396359375 0.7643643390625 0.2833834984375 0.781131915625 0.2884780796875 0.7921736453125 0.30186305 0.797228753125 0.3095961453125 0.7954434265625 0.3162873859375 0.7847352015625 0.3144268421875 0.7678560421875 0.3096663875 0.7516463796874999 0.30520431718749996 0.7455494171875 0.283938303125 0.7504590640625 0.2810396359375 0.7643643390625
4 0.20358403906250003 0.6427586109375001 0.195775725 0.6353978734375 0.18748533750000002 0.6413844953125001 0.174212571875 0.643430596875 0.1684879671875 0.6539156546875 0.15956506875 0.654957509375 0.1546209234375 0.6622079078125 0.15495753750000002 0.68351153125 0.15120319375 0.6915053999999999 0.1518369484375 0.709685946875 0.15462589843750002 0.71515101875 0.15399463124999999 0.7234420296875 0.157936396875 0.73169543125 0.15964774843750001 0.743518240625 0.172327478125 0.760954071875 0.192700828125 0.7521778765625 0.20374193593749998 0.74046540625 0.2101717796875 0.717599625 0.21355252187499998 0.6903469890625 0.20358403906250003 0.6427586109375001
4 0.1229857875 0.7082014921875001 0.12744661562499998 0.701062675 0.10780803125 0.615998621875 0.097806290625 0.6101624343750001 0.06464225 0.6076373671875 0.055234790624999995 0.5955550281249999 0.04474973125 0.5898304234375 0.0428164578125 0.5902767546875001 0.03962065 0.6073051078125 0.042149446875 0.6138484 0.038432090625 0.6197974125 0.047766821875 0.6492052453125 0.052378084375 0.6603585578125 0.0669171125 0.6814377703125001 0.082013434375 0.6983156859374999 0.1157002671875 0.72515586875 0.1195668140625 0.7242632062500001 0.124547946875 0.71496795 0.1229857875 0.7082014921875001