4 0.28691998124999996 0.4687872859375 0.29408139218749996 0.4504507765625 0.3048100046875 0.40831349218749996 0.30176494531250003 0.3861168671875 0.302185809375 0.3614730328125 0.29503565625 0.348304153125 0.290073084375 0.3458491359375 0.279470509375 0.3497599859375 0.2609773296875 0.3684360578125 0.256590909375 0.3785137203125 0.2496590625 0.38340813906250004 0.2471271375 0.39285741406249997 0.2407601859375 0.441789903125 0.234532775 0.46712847812499997 0.2339836265625 0.4838608375 0.2462876546875 0.48828299218750004 0.258949528125 0.48717452968749997 0.27406680625 0.481097490625 0.28691998124999996 0.4687872859375
4 0.428599740625 0.346957634375 0.4318090984375 0.328687475 0.42579774531250003 0.3259514390625 0.4249402703125 0.3144686765625 0.42687128437500005 0.309359590625 0.42124253749999996 0.28422006718750004 0.40681394531250004 0.24997083281250002 0.3995490109375 0.243523 0.3904048234375 0.2545764234375 0.37293566562499997 0.290406384375 0.370403740625 0.2998556578125 0.3689588546875 0.3073456046875 0.370673809375 0.330311128125 0.38639649062500003 0.41216972187499995 0.40368784843750005 0.402174025 0.42306326250000004 0.3781078453125 0.426797009375 0.359978196875 0.42977680312500005 0.35515012968750004 0.428599740625 0.346957634375
4 0.3498220125 0.240326390625 0.3522639140625 0.22072529375 0.35282431875000003 0.17248754375 0.3486156984375 0.1567309453125 0.3400971796875 0.14657131406249999 0.3141590203125 0.1384959046875 0.2838479421875 0.15513068125 0.2800241734375 0.16310850625 0.273720240625 0.192927778125 0.2726084421875 0.2117599765625 0.2669684390625 0.21812584375 0.269999996875 0.225689946875 0.26924604375 0.238991528125 0.2940589046875 0.25126661562499997 0.30514760937499996 0.24973662343749997 0.3421362125 0.258522390625 0.3451160078125 0.2536943234375 0.3498220125 0.240326390625
4 0.5639260515625 0.28869299531250003 0.5634646796875 0.2694392671875 0.5561997437499999 0.2629914328125 0.529980259375 0.2559659421875 0.527959221875 0.25092320625000003 0.5114735796875001 0.26000949375000004 0.5036212359375 0.27253436875000003 0.502714240625 0.2947973421875 0.507397734375 0.344440190625 0.5161975796875 0.353549903125 0.5232959703125 0.3543266109375 0.5365970156250001 0.3466376125 0.5428514296875 0.350564078125 0.555409778125 0.3246712734375 0.56015404375 0.3090629921875 0.5639260515625 0.28869299531250003
4 0.4140653296875 0.766176025 0.4329163546875 0.7419693359374999 0.4943284765625 0.6470199453125 0.5339097765624999 0.581105309375 0.534548946875 0.5745247734375 0.5320035203125 0.5693415265625 0.502585934375 0.54908080625 0.4329703875 0.5383044796875 0.4189401484375 0.5424221890625 0.388784359375 0.5962334796875 0.38094551875 0.623390875 0.3698703171875 0.6395533875 0.36730013125 0.651243009375 0.362670646875 0.6601302437500001 0.35167196562499997 0.6718120609375 0.3448819046875 0.6992504734375 0.342723571875 0.7639395609374999 0.3470087140625 0.7752154640625 0.35871183125 0.78397780625 0.4140653296875 0.766176025
4 0.5603498375 0.39013706875 0.5465109015625 0.3830530359375 0.5313936234375001 0.3891300765625 0.5213672015624999 0.4055736078125 0.5142575546875 0.4363022890625 0.507620534375 0.45477930781250003 0.4658629078125 0.478474690625 0.46280659062499996 0.48778345625 0.4648658890625 0.49058584375000003 0.463229703125 0.50927753125 0.46702871406249996 0.518172575 0.5236628015625 0.5333476328125 0.5290597390625 0.5257913375000001 0.5391761859375 0.519499628125 0.5522589234375 0.4937473328125 0.562141315625 0.4086218953125 0.5603498375 0.39013706875
4 0.72731056875 0.43824996250000003 0.7467377453124999 0.4265759546875 0.7629285609374999 0.403907065625 0.7648078125 0.38640580625 0.76139140625 0.3551072796875 0.7633471796875 0.333125321875 0.7690254421875 0.3245191078125 0.7898592437499999 0.307595503125 0.79182851875 0.3002460671875 0.7844353015625 0.2858867578125 0.7565008609375 0.25589574531250003 0.7455787015625 0.2630968609375 0.735552278125 0.27954039375 0.7345170015625 0.29389189375 0.73057845 0.308590765625 0.7186210125 0.330143384375 0.7097581500000001 0.3401468890625 0.6987864734375 0.38109374375 0.6983903671875 0.38886471093749997 0.7017550124999999 0.407771065625 0.70647451875 0.4090356546875 0.718882071875 0.43824215312500003 0.72731056875 0.43824996250000003
4 0.7225550468749999 0.4853636328125 0.71956175 0.475559178125 0.703548734375 0.47239380468750003 0.6826249078125 0.479165584375 0.675616540625 0.4885407 0.6716644875 0.48860705 0.6688647390625 0.513738765625 0.67012056875 0.5635884734375 0.6779233953125 0.5848093375000001 0.7053582031250001 0.5977869734375 0.7317172281250001 0.5812185484375 0.73190853125 0.5700168046874999 0.7420114734375 0.5490925765625 0.7455021562499999 0.5297724968749999 0.73985990625 0.49000045625000005 0.7225550468749999 0.4853636328125
4 0.2688296484375 0.6181061234375 0.25669216562499997 0.6193550953125 0.24919766875 0.6263493515625 0.23929952812500002 0.6507043578125 0.2311411015625 0.68115201875 0.23038715 0.6944536 0.23519667968750002 0.7058700124999999 0.2429860046875 0.71245835625 0.2575788921875 0.7062408078125 0.26812970625 0.6899377859375 0.276812521875 0.659630634375 0.2796887921875 0.630018221875 0.27766775312499997 0.6249754875 0.2688296484375 0.6181061234375
4 0.5372293984375001 0.726033225 0.535323140625 0.71426944375 0.5226860249999999 0.6985050359375 0.5138614234375 0.7062681921875 0.5009564859375 0.7061862265625 0.49121138750000004 0.7215798375 0.48832161718749995 0.736559728125 0.48897428906249996 0.7446117125 0.47493279531250004 0.7802348125 0.47204302499999995 0.7952147046875 0.47559897187500005 0.8029193187500001 0.4743206296875 0.816080390625 0.482596084375 0.8250495921875001 0.5018567171874999 0.8077044578124999 0.5136993734375 0.7928728875 0.5372293984375001 0.726033225
4 0.38542642968749996 0.9779357937500001 0.3832388484375 0.9672219312499999 0.3863334234375 0.9556728171875 0.37047345 0.9435460484375 0.354984825 0.9405211843749999 0.32821619062499996 0.9502280531249999 0.3140329109375 0.9633071578125 0.3115728 0.967149175 0.3763587640625 0.9845085203125 0.381922246875 0.9826233500000001 0.38542642968749996 0.9779357937500001
4 0.21529235937500002 0.8997148015624999 0.20531545156250003 0.88241259375 0.20518717031249997 0.8745011187499999 0.20949706875000002 0.8689041515625 0.20851130625 0.8495099140625 0.20306260625 0.8446740390624999 0.1995966828125 0.8471212484375 0.1881366296875 0.8395493343749999 0.18023252343750001 0.8396820375 0.1373968671875 0.78769345 0.132076446875 0.7907690484375001 0.1279195921875 0.7874046234375001 0.1296458015625 0.77886475625 0.1248362703125 0.767448346875 0.12032156875 0.7696145343749999 0.11620297187499999 0.7640097609375001 0.099384240625 0.7617537953125 0.0814672140625 0.7929625484375 0.080022328125 0.8004524937499999 0.078167834375 0.801080884375 0.07975450625 0.8161349328125 0.11764109375000001 0.880301025 0.12745145625 0.8919321046875 0.16921133125 0.91437463125 0.17918823749999999 0.9316768375000001 0.22402355625 0.943690425 0.22226471406249998 0.9387179437500001 0.21529235937500002 0.8997148015624999
4 0.1712729 0.7011199890625 0.16491720468749999 0.718547090625 0.164163253125 0.731848671875 0.1744980046875 0.7436202609375 0.182888240625 0.7458684171875001 0.1948591796875 0.7389483203125 0.20173926406249998 0.7216617296875001 0.20547301093749998 0.70353208125 0.20429594843749999 0.6953395859375 0.18122280156249998 0.6891571546875 0.1712729 0.7011199890625
4 0.15894863125 0.5436515843749999 0.15518787812499998 0.5325161921875 0.144099175 0.534046184375 0.130221978125 0.5292025 0.1192998171875 0.5364036171875 0.1101421265625 0.5328245218750001 0.10163711093750001 0.5372974109374999 0.091009778125 0.5580811296875 0.083272215625 0.5638849578125 0.0745376375 0.5817999375 0.07442285625 0.5885209828125 0.0695503078125 0.596217790625 0.06911594062500001 0.606229103125 0.064691259375 0.618547115625 0.067979384375 0.6419341703125 0.09217783125 0.6439169234375 0.108868278125 0.6382614140625 0.12683706875 0.6194448328125 0.14411492343750001 0.5948166140625 0.15894863125 0.5436515843749999
4 0.047422415625 0.565532034375 0.055403042187499994 0.5609186359375 0.0801596453125 0.46852573125 0.0734956203125 0.4577377078125 0.042747931249999996 0.43824588750000004 0.039869415625 0.4217203890625 0.0326810015625 0.4107918578125 0.030583442187499997 0.41022981875 0.0187407859375 0.425061390625 0.0178202890625 0.43269184687499995 0.0111697671875 0.4365363453125 0.0050706390625 0.4697863953125 0.0037922984375 0.48294746718750003 0.0070039015625000004 0.51081521875 0.0129139734375 0.534904821875 0.031665965625 0.5781896078125001 0.035861084375000005 0.5793136875 0.045453140625 0.5728814703125 0.047422415625 0.565532034375