4 0.3771643234375 0.48393097812499997 0.36078916250000004 0.481821915625 0.34969871874999997 0.48228624687500005 0.3419723953125 0.4865039140625 0.3377859109375 0.49648337812500004 0.3418528984375 0.5082705453125 0.3503260203125 0.5125888187500001 0.3584916359375 0.5133922921875 0.3734672046875 0.5110701843750001 0.3791411421875 0.5065261203125 0.3837607765625 0.4899313109375 0.3771643234375 0.48393097812499997
4 0.5122018781250001 0.45440820625 0.5147313421875 0.4486213734375 0.5131121015625 0.4416796328125 0.49891496875 0.4297668234375 0.4915778640625 0.42686703593750003 0.4844164765625 0.42597570312500005 0.47546627812500003 0.42777065781249995 0.4718008 0.43213900625 0.47342003750000006 0.43908074687500004 0.46779002968750005 0.44412692812500004 0.4663526546875 0.45083013125000004 0.47281731718750003 0.45532412187500004 0.491288796875 0.4582616953125 0.5044316249999999 0.4581237609375 0.5122018781250001 0.45440820625
4 0.4174784546875 0.42424265625 0.41691351875000005 0.42935165781249995 0.42451420000000006 0.43526413281250004 0.4387051875 0.43554045468749997 0.44852782500000005 0.43215129843750005 0.4497894859375 0.42343963906250004 0.44031213437499994 0.419209221875 0.42620900625 0.4199371296875 0.4174784546875 0.42424265625
4 0.3537727640625 0.42475660625 0.35434384531249996 0.43128409218749997 0.36678995 0.43474881718749997 0.381897309375 0.43393305312499997 0.386567015625 0.42947684375 0.3849038484375 0.422032990625 0.3764746578125 0.4182168296875 0.3613672984375 0.4190325953125 0.3537727640625 0.42475660625
4 0.4909339484375 0.1997484171875 0.488963275 0.18878976249999999 0.4754690109375 0.1849107796875 0.46547065468750004 0.18629148125 0.4639454203125 0.1919904546875 0.46451650000000005 0.19851794218750002 0.4721611109375 0.20493253125000002 0.47404392656249994 0.21488695781249997 0.4779290515625 0.21302918124999998 0.47373642031249996 0.2113721578125 0.47430135625 0.20626315625 0.48726846874999996 0.20411676562499997 0.4909339484375 0.1997484171875
4 0.3573276234375 0.210931496875 0.3382472828125 0.2126008109375 0.33466966249999996 0.21797338906250002 0.337161340625 0.223320928125 0.352318771875 0.2346437640625 0.3586077203125 0.23712929843750002 0.3666854765625 0.23692854375 0.3762006109375 0.2300245859375 0.37510237812499997 0.2174717296875 0.3665413984375 0.212149228125 0.3573276234375 0.210931496875
4 0.4581151140625 0.14848223124999999 0.460908153125 0.145708084375 0.4718668078125 0.1437374125 0.47863283125 0.14010971562500002 0.47819353906249995 0.1350885734375 0.47273310156250004 0.1305067234375 0.466532015625 0.1290254171875 0.4575378875 0.130318259375 0.45182002031249996 0.1343602109375 0.4500373546875 0.1486829859375 0.43768525468749997 0.1578589765625 0.44118116250000006 0.16311865781249998 0.4474261796875 0.165102078125 0.45546000781249996 0.1643992078125 0.45930120468749996 0.1620393171875 0.4581151140625 0.14848223124999999
4 0.3705423796875 0.5123379890625 0.358535565625 0.5138944078125001 0.347231621875 0.5234846531249999 0.35732398125 0.5347446671875 0.37688754687500003 0.5385986093749999 0.3848774453125 0.537393628125 0.3895032234375 0.53243530625 0.38539230625 0.5201460250000001 0.37674346718749996 0.5138192953125 0.3705423796875 0.5123379890625
4 0.42077133125 0.6238078109375 0.4222526359375 0.617606721875 0.430763540625 0.610790625 0.43394579999999994 0.6008990187500001 0.427349346875 0.594898684375 0.4053819625 0.5867014312500001 0.3995261609375 0.577600553125 0.40004716875 0.5719894375 0.396946625 0.571248784375 0.3796111640625 0.56972969375 0.373761509375 0.572265303125 0.371275975 0.5785542515625 0.3863455484375 0.588872859375 0.381675840625 0.593329065625 0.385347465625 0.600597203125 0.38487653437499997 0.6183469203125 0.39693342187499997 0.628929103125 0.40902809375000004 0.628376915625 0.42077133125 0.6238078109375
4 0.338485365625 0.2500208421875 0.3307151140625 0.253736396875 0.3305016125 0.2628623140625 0.33993503281250004 0.2665906140625 0.354082090625 0.266364821875 0.3618523421875 0.2626492671875 0.3621097734375 0.254025465625 0.359837740625 0.251188496875 0.351584265625 0.24938079531250001 0.338485365625 0.2500208421875
4 0.32466425 0.2886708953125 0.32182113437500004 0.2793064421875 0.288769453125 0.283210003125 0.2780304453125 0.2876912484375 0.27047983750000004 0.29391737500000004 0.27009062031250003 0.3010348328125 0.2794361828125 0.3037589046875 0.293451453125 0.3020267703125 0.30135349218749996 0.299817559375 0.3070274296875 0.2952734921875 0.3190342421875 0.293717075 0.32466425 0.2886708953125
4 0.34858910625 0.36550712343749997 0.358154315625 0.3707417671875 0.3653596328125 0.3721352140625 0.3703368453125 0.37119380625 0.385839565625 0.37489707031249997 0.37632443125 0.3818010265625 0.377636165625 0.38522796875 0.384665765625 0.3846129578125 0.3852746296875 0.3800060703125 0.38213015625 0.37876330468749997 0.38588349375000003 0.37539918437500003 0.39212851249999997 0.3773826046875 0.3896869078125 0.384173665625 0.396936153125 0.3860692265625 0.39541092031249997 0.3917682 0.3996035515625 0.3934252234375 0.40353260625000004 0.3920695609375 0.41305388593750003 0.396802090625 0.41977598125000004 0.3926722796875 0.43283094999999994 0.39153011718749997 0.44121006874999996 0.3832076765625 0.44841538437499995 0.384601121875 0.44928782500000003 0.38300692187499996 0.453304740625 0.3826554859375 0.46443911250000003 0.3826932703125 0.4686756734375 0.3848524078125 0.4795903984375 0.3823796203125 0.4868835734375 0.3847772953125 0.493825315625 0.38315805625 0.5012063484375 0.386559959375 0.5051793328125 0.3857064125 0.5076587234375001 0.367780978125 0.50634084375 0.35271755 0.502888865625 0.3479599828125 0.48882966562499996 0.34919000312500004 0.47708642812499996 0.35375910781250003 0.466956284375 0.35363346562500003 0.4522381453125 0.34733177187500003 0.44105984375 0.3467918734375 0.43442560781250006 0.3519259125 0.42922874687499996 0.350356746875 0.42433939374999996 0.3523023828125 0.40102249062500006 0.3518125609375 0.393208309375 0.355026 0.3894989 0.3588922359375 0.380504771875 0.3601850765625 0.378364528125 0.35885445 0.38203000781249996 0.3544861015625 0.363251025 0.3480337296875 0.34793016718750003 0.357975409375 0.34858910625 0.36550712343749997
4 0.486620909375 0.30081131875 0.462695140625 0.30492838125 0.45885394531249996 0.3072882734375 0.45916145 0.310803071875 0.46475367343749996 0.316891265625 0.47706799218749996 0.318849646875 0.49095147343749995 0.3156111703125 0.4937445125 0.31283702343750003 0.49186169843750005 0.3028825953125 0.486620909375 0.30081131875
4 0.3811391296875 0.32117084375 0.392405290625 0.32271497031249996 0.39733857499999997 0.32127145 0.40069654843749997 0.3133883 0.3930958671875 0.3074758265625 0.3770282125 0.3088815640625 0.374762325 0.31768108281249996 0.3811391296875 0.32117084375
4 0.2906003703125 0.4429324140625 0.29898563437500003 0.446246459375 0.332344821875 0.445857696875 0.3498937828125 0.43825087187499995 0.349843709375 0.42611226875 0.34551929062500003 0.4229489046875 0.3362615859375 0.421229059375 0.3253407140625 0.4120653609375 0.3171750984375 0.4112618859375 0.31241753125 0.414713865625 0.30137101718750003 0.41568031093749996 0.29757375 0.41854231718749996 0.2970966734375 0.42465554531249994 0.2908077265625 0.4221700109375 0.284826284375 0.42319927812499997 0.28360855625000003 0.432413053125 0.2878890453125 0.4350743046875 0.2906003703125 0.4429324140625
4 0.3115960765625 0.3474933765625 0.319805621875 0.3487989640625 0.32473890625 0.3473554421875 0.3216322171875 0.334978303125 0.314991834375 0.32847585625 0.30560234375 0.3252496671875 0.304899475 0.31721584062499997 0.27289595 0.3215336578125 0.2596652625 0.3206673640625 0.2668705796875 0.32206080937500003 0.2599288390625 0.3236800484375 0.2563072875 0.3285505125 0.2614663640625 0.3412540484375 0.2872749453125 0.34709141093749996 0.29744901874999996 0.3477191671875 0.306838509375 0.3509453546875 0.3115960765625 0.3474933765625