4 0.494140625 0.6376953125 0.4990234375 0.6298828125 0.50048828125 0.6220703125 0.49951171875 0.607421875 0.49560546875 0.6015625 0.47998046875 0.595703125 0.4736328125 0.6015625 0.47021484375 0.6171875 0.4697265625 0.6279296875 0.47314453125 0.6357421875 0.482421875 0.640625 0.494140625 0.6376953125
4 0.4384765625 0.5048828125 0.44287109375 0.5107421875 0.44921875 0.5126953125 0.4541015625 0.5068359375 0.45849609375 0.4892578125 0.45947265625 0.4765625 0.45654296875 0.46875 0.451171875 0.4658203125 0.4443359375 0.466796875 0.431640625 0.4794921875 0.42822265625 0.486328125 0.4267578125 0.4931640625 0.427734375 0.501953125 0.431640625 0.505859375 0.4384765625 0.5048828125
4 0.4306640625 0.5517578125 0.43212890625 0.5380859375 0.4296875 0.5283203125 0.42138671875 0.5263671875 0.41650390625 0.53515625 0.416015625 0.548828125 0.41943359375 0.5576171875 0.42431640625 0.55859375 0.4306640625 0.5517578125
4 0.42529296875 0.607421875 0.42578125 0.5927734375 0.421875 0.587890625 0.41455078125 0.5888671875 0.41015625 0.5966796875 0.40966796875 0.611328125 0.41455078125 0.619140625 0.4208984375 0.619140625 0.42529296875 0.607421875
4 0.21240234375 0.486328125 0.22216796875 0.4853515625 0.220703125 0.4814453125 0.21875 0.4853515625 0.2138671875 0.484375 0.212890625 0.4716796875 0.208984375 0.4677734375 0.1982421875 0.46875 0.193359375 0.4814453125 0.19384765625 0.4912109375 0.19921875 0.4931640625 0.20556640625 0.4931640625 0.21240234375 0.486328125
4 0.23095703125 0.6044921875 0.23388671875 0.5986328125 0.234375 0.5908203125 0.228515625 0.5810546875 0.21630859375 0.5810546875 0.21044921875 0.5888671875 0.20849609375 0.59765625 0.20849609375 0.6162109375 0.21337890625 0.6201171875 0.21875 0.6181640625 0.23095703125 0.6044921875
4 0.15625 0.5029296875 0.1640625 0.515625 0.16943359375 0.5126953125 0.171875 0.5068359375 0.171875 0.4990234375 0.169921875 0.4951171875 0.15673828125 0.4951171875 0.154296875 0.4921875 0.1533203125 0.4814453125 0.150390625 0.474609375 0.1455078125 0.474609375 0.140625 0.4794921875 0.138671875 0.4853515625 0.13916015625 0.494140625 0.142578125 0.5 0.15625 0.5029296875
4 0.52099609375 0.625 0.5263671875 0.6064453125 0.52587890625 0.5986328125 0.521484375 0.59375 0.50927734375 0.5966796875 0.50244140625 0.6044921875 0.50048828125 0.6103515625 0.5009765625 0.6220703125 0.50927734375 0.6337890625 0.52099609375 0.625
4 0.57568359375 0.6015625 0.57958984375 0.6064453125 0.5869140625 0.603515625 0.60400390625 0.60546875 0.615234375 0.5947265625 0.61572265625 0.5830078125 0.6123046875 0.5712890625 0.6064453125 0.5693359375 0.6005859375 0.560546875 0.59130859375 0.556640625 0.5849609375 0.5625 0.5751953125 0.5830078125 0.56591796875 0.587890625 0.560546875 0.5869140625 0.5595703125 0.58984375 0.556640625 0.6064453125 0.55859375 0.6123046875 0.564453125 0.615234375 0.57568359375 0.6015625
4 0.2607421875 0.619140625 0.26171875 0.60546875 0.2587890625 0.59765625 0.25048828125 0.5966796875 0.24755859375 0.5986328125 0.2451171875 0.6064453125 0.24462890625 0.619140625 0.24755859375 0.626953125 0.25634765625 0.6279296875 0.2607421875 0.619140625
4 0.2880859375 0.689453125 0.29150390625 0.6806640625 0.291015625 0.6669921875 0.28955078125 0.6591796875 0.28564453125 0.6533203125 0.28515625 0.6416015625 0.28076171875 0.6357421875 0.271484375 0.6376953125 0.2724609375 0.669921875 0.27587890625 0.6806640625 0.28125 0.6884765625 0.2880859375 0.689453125
4 0.35400390625 0.5791015625 0.3544921875 0.587890625 0.35302734375 0.58984375 0.34912109375 0.5859375 0.34130859375 0.603515625 0.349609375 0.619140625 0.35693359375 0.619140625 0.36279296875 0.6103515625 0.36474609375 0.603515625 0.3642578125 0.5986328125 0.369140625 0.583984375 0.375 0.59375 0.37841796875 0.5927734375 0.37841796875 0.5859375 0.3740234375 0.5849609375 0.37255859375 0.587890625 0.36962890625 0.583984375 0.3720703125 0.578125 0.37841796875 0.5810546875 0.380859375 0.57421875 0.38623046875 0.576171875 0.38818359375 0.572265625 0.38720703125 0.568359375 0.392578125 0.5595703125 0.38916015625 0.552734375 0.38916015625 0.5400390625 0.3818359375 0.53125 0.3837890625 0.5244140625 0.38232421875 0.5234375 0.38232421875 0.51953125 0.38330078125 0.5087890625 0.3857421875 0.5048828125 0.38427734375 0.494140625 0.38720703125 0.4873046875 0.38623046875 0.48046875 0.39013671875 0.4736328125 0.3896484375 0.4697265625 0.37255859375 0.4658203125 0.35791015625 0.4658203125 0.35302734375 0.46875 0.35302734375 0.482421875 0.3564453125 0.494140625 0.35546875 0.50390625 0.34814453125 0.517578125 0.3466796875 0.5283203125 0.35107421875 0.53515625 0.34912109375 0.5400390625 0.3505859375 0.544921875 0.34814453125 0.5673828125 0.3505859375 0.5751953125 0.35400390625 0.5791015625
4 0.3134765625 0.5078125 0.31982421875 0.5029296875 0.32275390625 0.4912109375 0.32080078125 0.4775390625 0.318359375 0.474609375 0.30859375 0.4755859375 0.30615234375 0.48046875 0.30810546875 0.50390625 0.31005859375 0.5078125 0.3134765625 0.5078125
4 0.3193359375 0.5732421875 0.318359375 0.568359375 0.31103515625 0.564453125 0.3046875 0.5712890625 0.3046875 0.5869140625 0.31298828125 0.58984375 0.31689453125 0.583984375 0.3193359375 0.5732421875
4 0.40380859375 0.6728515625 0.40966796875 0.673828125 0.40673828125 0.6796875 0.4072265625 0.685546875 0.416015625 0.6875 0.4189453125 0.68359375 0.4267578125 0.681640625 0.4306640625 0.673828125 0.43310546875 0.6416015625 0.42724609375 0.6240234375 0.41552734375 0.623046875 0.412109375 0.626953125 0.40966796875 0.6357421875 0.39990234375 0.6455078125 0.3984375 0.6533203125 0.4013671875 0.658203125 0.4013671875 0.6689453125 0.40380859375 0.6728515625
4 0.30908203125 0.701171875 0.3134765625 0.705078125 0.326171875 0.701171875 0.333984375 0.6767578125 0.33544921875 0.6669921875 0.33935546875 0.658203125 0.33642578125 0.6533203125 0.33837890625 0.6455078125 0.33740234375 0.640625 0.3251953125 0.642578125 0.318359375 0.6484375 0.314453125 0.6572265625 0.306640625 0.6572265625 0.30810546875 0.6884765625 0.30615234375 0.701171875 0.30810546875 0.6943359375 0.30908203125 0.701171875