4 0.423612065625 0.42728774375 0.40638175781249997 0.4238325625 0.39457161875 0.4235021484375 0.38605477499999996 0.427406746875 0.380868678125 0.43769195625 0.3843117828125 0.4505093546875 0.39298779375000004 0.45572353750000005 0.4015982671875 0.45718292812500005 0.41767151093750005 0.4558292453125 0.4240333953125 0.45142569843749997 0.4301705703125 0.43414857656250005 0.423612065625 0.42728774375
4 0.5691848859374999 0.40596707656250003 0.5723002890625 0.4000105109375 0.5710964109375001 0.39251965 0.5569066015625 0.37881671250000004 0.5493314765624999 0.375193 0.5417938015625 0.3737148828125 0.5321573468749999 0.3749562140625 0.5279410578125 0.3793223078125 0.5291449359375 0.38681316875 0.5227924140625 0.3917531125 0.5207685359374999 0.3987637515625 0.5272989531250001 0.40401538593749997 0.5466935828125 0.4085059140625 0.5606586796874999 0.4093352765625 0.5691848859374999 0.40596707656250003
4 0.47084869375 0.3669047984375 0.469869525 0.3722875140625 0.477500828125 0.37912962031249997 0.49254808906249997 0.38047665625 0.503229253125 0.3776074046875 0.5052156796875 0.3684511703125 0.49546686875 0.3632557125 0.48043833593749996 0.3629814734375 0.47084869375 0.3669047984375
4 0.40316879375000003 0.36272053125000003 0.4032905109375 0.36969371875 0.416248353125 0.3742965984375 0.4323496859375 0.3745521125 0.437638771875 0.3701672921875 0.43642553125 0.3621400328125 0.42775888125000006 0.35746224843749996 0.41165755 0.3572067359375 0.40316879375000003 0.36272053125000003
4 0.56551070625 0.13399406875 0.5642319234375 0.12221201718750001 0.550191921875 0.1170914625 0.5394733046875 0.11781511874999999 0.5374307 0.123752959375 0.5375524171875 0.130726146875 0.5451930843749999 0.1381046515625 0.546453140625 0.1488139046875 0.55071624375 0.1471298046875 0.5463876 0.1450591125 0.54736676875 0.139676396875 0.5612944171875001 0.1383601640625 0.56551070625 0.13399406875
4 0.42281921562499997 0.13594819687499998 0.402436053125 0.13630398593749998 0.39823848906250003 0.141742878125 0.400487078125 0.147605815625 0.415740321875 0.1607536296875 0.42223328593750004 0.16385966875 0.4308250328125 0.1642462609375 0.44144065781249997 0.1576222171875 0.441206584375 0.1442122421875 0.43251184687500005 0.137925259375 0.42281921562499997 0.13594819687499998
4 0.534470534375 0.07712369999999999 0.5376421140625001 0.074385528125 0.549424165625 0.0731067453125 0.556877575 0.069757271875 0.5567839453125 0.0643932828125 0.5513263265624999 0.059122921875 0.5448520875 0.05708967968749999 0.53520626875 0.057794610937500004 0.5288350203125 0.061661757812499995 0.5258787890625001 0.07673710624999999 0.5120822203125 0.085562925 0.51540360625 0.0914071359375 0.521887209375 0.09397677812500001 0.5304695921875 0.093826971875 0.5347233328125001 0.091606471875 0.534470534375 0.07712369999999999
4 0.4144718421875 0.4569582203125 0.40160763125 0.45771932812499994 0.3888932234375 0.46706281875 0.3987731140625 0.47976786406249994 0.41925926718750006 0.48531246250000004 0.42783228749999996 0.48462625781249996 0.4331120125 0.47970503750000004 0.42965954531249995 0.466351240625 0.42094608281249996 0.4589914609375 0.4144718421875 0.4569582203125
4 0.45952785937499996 0.5790445546874999 0.4615611015625 0.5725703171875 0.47110392812499996 0.565964996875 0.475217225 0.5556985125 0.4686587203125 0.54883768125 0.44594270625 0.5385029421875 0.44040082031249994 0.528404990625 0.44137062812499994 0.5224858765625 0.4381335078125 0.5214692546874999 0.419839765625 0.5185691984374999 0.41344042812500004 0.52082715 0.410334390625 0.527320115625 0.42556890625 0.5393951296874999 0.4202798203125 0.5437799515624999 0.4236386578125 0.5517697578125 0.4218207625 0.5705811734374999 0.43383688593749997 0.5827123671875001 0.446719825 0.5830240578125 0.45952785937499996 0.5790445546874999
4 0.39991051093749996 0.1760536875 0.39138430625 0.17942188750000002 0.390480040625 0.18909579375000002 0.4002194859375 0.19375485312500002 0.415257384375 0.194565490625 0.4237835921875 0.191197290625 0.4246972203125 0.1820597828125 0.422495446875 0.17887884062499998 0.4138662484375 0.17634665 0.39991051093749996 0.1760536875
4 0.3823658 0.21606554843749998 0.380042309375 0.2059114203125 0.344658703125 0.2076021671875 0.332923465625 0.2115629453125 0.3244440734375 0.21761313906250002 0.3235023546875 0.2251414515625 0.33322307812499996 0.22872771093750002 0.3482328859375 0.227929153125 0.35678718125 0.22617015000000001 0.363149065625 0.221766603125 0.37601327812499996 0.22100549531250002 0.3823658 0.21606554843749998
4 0.4020639734375 0.2994254515625 0.4118315109375 0.3056937078125 0.4193785484375 0.30770822343750004 0.42473317499999996 0.307078196875 0.440918771875 0.3121613 0.43030314843750006 0.31878534531249997 0.4314414859375 0.3225214109375 0.43895107187500004 0.32239033125 0.439939603125 0.3175440140625 0.43669312031249996 0.31599099375 0.440928134375 0.3126976984375 0.44741173749999996 0.3152673390625 0.44431506093750006 0.32229670312500003 0.4518714609375 0.3248476171875 0.4498288578125 0.33078545625 0.4541575015625 0.33285615 0.45842996718749995 0.33170845 0.46818813906249995 0.33744030625 0.47563218437500004 0.3335544328125 0.48957855937500006 0.3333109984375 0.4990932984375 0.3250964828125 0.5066403359375 0.327110996875 0.50768504375 0.325483075 0.5119762359375 0.32540817187500004 0.5237957390625 0.3262749859375 0.5281337453125 0.32888207812500003 0.539906434375 0.3270668984375 0.547472196875 0.3301542125 0.55496305625 0.32895033281249997 0.5625475453125001 0.33311044375 0.566829375 0.3324991421875 0.570792865625 0.313650275 0.5705119796875 0.29755830625 0.56719995625 0.29225049375 0.5521807859375001 0.2925126546875 0.53937275 0.29649215624999997 0.52862604375 0.295606615625 0.5134664296875 0.287822790625 0.5016375640625 0.2864195765625 0.49421224375 0.2913782484375 0.48881080312499997 0.2893262828125 0.48347490156250006 0.2910291078125 0.458753734375 0.2887778046875 0.45021816562500006 0.29160960625 0.44599251406249996 0.2954393015625 0.43634669375 0.2961442328125 0.4341730109375 0.2945724875 0.43838929843749996 0.29020639375 0.4189291296875 0.28196107187499997 0.40192353125 0.29137946718749996 0.4020639734375 0.2994254515625
4 0.5534275453124999 0.2409809 0.5277178453125 0.2435759140625 0.5234641046874999 0.24579641406250002 0.5235296453125 0.24955120625 0.5290153531249999 0.2564307640625 0.5419451046875 0.2594244484375 0.556926825 0.25701669374999997 0.5600984046875 0.2542785203125 0.5588383484375 0.2435692671875 0.5534275453124999 0.2409809
4 0.43991694375 0.2547666078125 0.4517645375 0.2572426203125 0.45710980156250003 0.2560761921875 0.46126055 0.24795530625 0.45362924531250004 0.24111319843749998 0.4364644796875 0.2414128109375 0.4334052546875 0.2505877703125 0.43991694375 0.2547666078125
4 0.334743796875 0.37732895312500003 0.343401084375 0.3814703390625 0.37885023125 0.3835343859375 0.39804823906250003 0.376760534375 0.39889632812500003 0.36386823281249997 0.3945395953125 0.3601883421875 0.3848376 0.3576748796875 0.3739223625 0.3471341578125 0.365311890625 0.345674765625 0.360004078125 0.34898678906249997 0.3482033 0.349192771875 0.3439589234375 0.3519496703125 0.34299847968749997 0.358405184375 0.3365055140625 0.35529914375 0.3300780890625 0.3559478984375 0.3281010265625 0.36564053125 0.33244839531250003 0.368784021875 0.334743796875 0.37732895312500003
4 0.36412280625000004 0.277552096875 0.372742640625 0.27954788750000004 0.378087903125 0.278381459375 0.3757082375 0.26500893593749997 0.36914036875 0.2576117046875 0.359410284375 0.2534890453125 0.359260478125 0.2449066609375 0.3249590328125 0.2471150828125 0.31097520625 0.24521292187500002 0.31852224375 0.2472274375 0.311031384375 0.24843131562499998 0.3068244578125 0.253333809375 0.311359084375 0.26720528125 0.3383288390625 0.2753195203125 0.3490849078125 0.276741459375 0.3588149921875 0.28086411875 0.36412280625000004 0.277552096875