4 0.52783203125 0.2939453125 0.533203125 0.2880859375 0.53466796875 0.2763671875 0.53369140625 0.2626953125 0.52587890625 0.236328125 0.51513671875 0.23046875 0.50537109375 0.23828125 0.4990234375 0.248046875 0.50048828125 0.2578125 0.525390625 0.3037109375 0.5283203125 0.298828125 0.52783203125 0.2939453125
4 0.486328125 0.3251953125 0.48779296875 0.3154296875 0.48681640625 0.298828125 0.482421875 0.2822265625 0.47314453125 0.2822265625 0.46630859375 0.2919921875 0.46337890625 0.310546875 0.46435546875 0.3193359375 0.4765625 0.3310546875 0.486328125 0.3251953125
4 0.51220703125 0.369140625 0.51123046875 0.3505859375 0.50439453125 0.3447265625 0.49755859375 0.3486328125 0.49560546875 0.3544921875 0.494140625 0.365234375 0.4970703125 0.3828125 0.50927734375 0.384765625 0.51220703125 0.369140625
4 0.6416015625 0.3896484375 0.64404296875 0.3642578125 0.64013671875 0.341796875 0.61962890625 0.3447265625 0.61962890625 0.353515625 0.62939453125 0.3837890625 0.63623046875 0.39453125 0.6416015625 0.3896484375
4 0.61474609375 0.4482421875 0.62060546875 0.44140625 0.6162109375 0.419921875 0.611328125 0.4130859375 0.60400390625 0.41015625 0.59912109375 0.4150390625 0.5986328125 0.4345703125 0.6015625 0.4423828125 0.6083984375 0.4482421875 0.61474609375 0.4482421875
4 0.6767578125 0.4091796875 0.67578125 0.3955078125 0.67041015625 0.3857421875 0.65380859375 0.3896484375 0.6513671875 0.40234375 0.65185546875 0.4208984375 0.66552734375 0.427734375 0.673828125 0.4248046875 0.6767578125 0.4091796875
4 0.85400390625 0.4189453125 0.85546875 0.412109375 0.85986328125 0.4091796875 0.84521484375 0.373046875 0.830078125 0.3515625 0.82275390625 0.3447265625 0.818359375 0.3447265625 0.8193359375 0.3486328125 0.8173828125 0.353515625 0.818359375 0.3759765625 0.826171875 0.400390625 0.841796875 0.4169921875 0.85400390625 0.4189453125
4 0.60107421875 0.75 0.60498046875 0.7451171875 0.611328125 0.744140625 0.61572265625 0.736328125 0.61083984375 0.6943359375 0.599609375 0.6826171875 0.591796875 0.68359375 0.5751953125 0.7197265625 0.57421875 0.7314453125 0.5771484375 0.744140625 0.5830078125 0.7509765625 0.60107421875 0.75
4 0.48779296875 0.662109375 0.484375 0.6474609375 0.478515625 0.642578125 0.46630859375 0.6416015625 0.4609375 0.6455078125 0.45703125 0.65625 0.45947265625 0.6806640625 0.46484375 0.689453125 0.48193359375 0.6865234375 0.48779296875 0.662109375
4 0.32080078125 0.7060546875 0.3388671875 0.703125 0.34716796875 0.697265625 0.3515625 0.6884765625 0.35107421875 0.6806640625 0.33837890625 0.662109375 0.32568359375 0.6650390625 0.31640625 0.673828125 0.314453125 0.68359375 0.31005859375 0.689453125 0.31494140625 0.701171875 0.32080078125 0.7060546875
4 0.33251953125 0.453125 0.33447265625 0.423828125 0.32568359375 0.4130859375 0.318359375 0.439453125 0.3173828125 0.4501953125 0.31982421875 0.455078125 0.330078125 0.45703125 0.33251953125 0.453125
4 0.29443359375 0.4619140625 0.2998046875 0.458984375 0.30419921875 0.451171875 0.29833984375 0.43359375 0.2861328125 0.4345703125 0.279296875 0.4462890625 0.279296875 0.451171875 0.28662109375 0.458984375 0.291015625 0.45703125 0.29443359375 0.4619140625
4 0.2421875 0.39453125 0.2451171875 0.392578125 0.24658203125 0.37890625 0.244140625 0.369140625 0.2333984375 0.3681640625 0.2099609375 0.376953125 0.20458984375 0.388671875 0.2041015625 0.3974609375 0.21728515625 0.4072265625 0.236328125 0.4091796875 0.2421875 0.39453125