4 0.2372230453125 0.534443215625 0.24840104062499999 0.5391934875 0.258164384375 0.5359208875 0.300789575 0.502036915625 0.295244784375 0.49991249218749995 0.290318903125 0.5012980781249999 0.2833291765625 0.496843340625 0.2710296203125 0.49746102499999995 0.257166421875 0.50093951875 0.23150387343749998 0.5137368328125 0.227431859375 0.525829271875 0.2372230453125 0.534443215625
4 0.319038365625 0.5644806578125 0.32788726874999996 0.5618863171874999 0.33771118906250003 0.5472286046875 0.329925721875 0.5382609984375 0.319631884375 0.5385250218750001 0.3027601078125 0.542534009375 0.286507240625 0.55005300625 0.28818713749999997 0.5595801687499999 0.29945354687500003 0.5648318703124999 0.319038365625 0.5644806578125
4 0.38714927499999996 0.5167965109375 0.386944603125 0.5039071078124999 0.3703683625 0.5037278281249999 0.35149086875 0.5080904796875 0.34671153125 0.5161714796875 0.3519607859375 0.5224841703124999 0.358331603125 0.5234289015625 0.36962830156250004 0.5229880484375 0.38714927499999996 0.5167965109375
4 0.373985146875 0.371767096875 0.3679982796875 0.367135528125 0.3414818625 0.3692259890625 0.319123425 0.3773045421875 0.32584545781249996 0.3978340921875 0.3348711890625 0.3962426125 0.3641915140625 0.3807322546875 0.373985146875 0.371767096875
4 0.42191037500000006 0.40312710156250003 0.4294027546875 0.3987038734375 0.4341820921875 0.390622871875 0.433032690625 0.3841042875 0.4249516890625 0.37932495 0.40368452499999996 0.3877281015625 0.39754866718750004 0.39398021562499996 0.395866321875 0.40203215312499996 0.4017647734375 0.40616229375 0.42191037500000006 0.40312710156250003
4 0.40277742656250004 0.3356690625 0.39826578437500004 0.3276752515625 0.38168954374999997 0.3274959734375 0.3678263453125 0.3309744671875 0.35877032343750004 0.3382585046875 0.365787890625 0.3545997875 0.3792671390625 0.3548081296875 0.39823304843749996 0.350946909375 0.40277742656250004 0.3356690625
4 0.2898603203125 0.1937522421875 0.293694925 0.19204205624999998 0.299062884375 0.1931636203125 0.32195181562499997 0.1880936453125 0.34560864687500004 0.1756499921875 0.35982795625 0.15659811562499998 0.359623284375 0.1437087125 0.3523380234375 0.14344224218749999 0.3485337046875 0.13945986875 0.31408038125000004 0.1610455109375 0.2947583609375 0.1804801125 0.2890645796875 0.1892393734375 0.2898603203125 0.1937522421875
4 0.67887729375 0.365055175 0.7189892125 0.3755610296875 0.7312003546875 0.374441915625 0.7437070328125001 0.3691345328125 0.749666059375 0.361879559375 0.7453918234375 0.3435034953125 0.7396702046875 0.3403762140625 0.7375179421875 0.3340344609375 0.728699328125 0.3309362421875 0.6864605375 0.343554278125 0.676459784375 0.3572091328125 0.67887729375 0.365055175
4 0.6998293343750001 0.5014730921874999 0.707882496875 0.4943658875 0.7017793734375 0.47734634375 0.67564690625 0.4757499671875 0.661222928125 0.4819124421875 0.65726961875 0.488813753125 0.6584771484374999 0.5015263234375 0.66346115625 0.5063347234375 0.67519993125 0.50840101875 0.6998293343750001 0.5014730921874999
4 0.7080094515625001 0.6416941031250001 0.7187150812499999 0.6496297859375 0.7290973375 0.64986719375 0.7359102328125 0.6533190734375001 0.7470603859375 0.646182803125 0.7510136953125001 0.6392814921875 0.7447337421875 0.621259090625 0.7372135234375 0.6137957734375 0.7273920484375 0.6108743859375 0.719457590625 0.6127904656250001 0.7027020703125 0.6291874265625 0.7080094515625001 0.6416941031250001
4 0.49360469843750004 0.6748462703125 0.4891511859375 0.6730464453125 0.458711746875 0.6763456624999999 0.449271775 0.6873165375 0.47767520625 0.690063540625 0.48888348906249995 0.6891212578125 0.4934557078125 0.685729953125 0.49360469843750004 0.6748462703125
4 0.4967827625 0.7280559359375001 0.5034794046875 0.7191198437499999 0.50067794375 0.7149606375 0.50507333125 0.710566475 0.501092184375 0.70558124375 0.49227356875000006 0.7024830265625 0.4752830890625 0.7116831421875001 0.4784963390625 0.72404205 0.491768465625 0.728940090625 0.4967827625 0.7280559359375001
4 0.4461273546875 0.8160918593750001 0.455241503125 0.8150018093750001 0.462882875 0.799694896875 0.4614403859375 0.7797854796875 0.44533651250000006 0.7764207937500001 0.44280030000000004 0.7737658765625001 0.42849502343749996 0.7747372234375 0.418908509375 0.7790126828124999 0.41985079374999995 0.790220965625 0.43312047343750004 0.8126981078125001 0.4461273546875 0.8160918593750001