4 0.7691608984375 0.5349112859375 0.779045303125 0.5382228046875001 0.790360384375 0.5334205609375 0.8002708546875 0.524710509375 0.7961464375 0.512479975 0.7701649374999999 0.49953270937500005 0.7561300531249999 0.49601222656250005 0.7436786125 0.49538533124999995 0.736603428125 0.4998894296875 0.7316165171875 0.498487225 0.7260036859375 0.5006347921875001 0.7691608984375 0.5349112859375
4 0.7075408421875 0.5637846390625 0.7273673953124999 0.5641433359375 0.7387718921875 0.5588339828125 0.74047081875 0.5491988906249999 0.72401605625 0.5415915828125 0.7069353734375 0.5375340421875 0.6965144640625 0.5372651859375 0.6886345265625 0.5463332750000001 0.6985822859375 0.5611592515625 0.7075408421875 0.5637846390625
4 0.6563192453125 0.5218116562499999 0.6677554203125 0.5222595328125 0.67420468125 0.5213052046875 0.6795175859375 0.5149217390625 0.6746778328125 0.5067480859375 0.6555666171875 0.5023325078124999 0.6387858625 0.5025108687500001 0.638580965625 0.5155466578125 0.6563192453125 0.5218116562499999
4 0.69148265 0.39363259375 0.7006200421875 0.3952437625 0.7074213609375 0.37448219531250004 0.6847855859374999 0.366307884375 0.6579415921875 0.3641889484375 0.651881675 0.3688720640625 0.66179775625 0.3779408125 0.69148265 0.39363259375
4 0.60337065625 0.40057977187500005 0.6237653875 0.4036530359375 0.6297358890625 0.3994770296875 0.62803135 0.39133332187500003 0.6218186609374999 0.385009090625 0.6002875703125 0.37650668593750003 0.592107703125 0.3813388765625 0.5909452796875 0.38793130625 0.5957850328125 0.3961049609375 0.60337065625 0.40057977187500005
4 0.62733085 0.3478110359375 0.6465314828125 0.351719503125 0.6601770218749999 0.35151119531249997 0.6672782703125 0.334985528125 0.6581092 0.32761713124999997 0.644074315625 0.324096646875 0.6272935609375 0.32427500781249996 0.6227276703125 0.3323588234375 0.62733085 0.3478110359375
4 0.7045243343750001 0.183121365625 0.7276966109375 0.18825301562500002 0.7331306078125001 0.18711966875 0.7370128375 0.188849965625 0.7378175921875 0.1842859734375 0.732051990625 0.1754261921875 0.7124880765625 0.1557673671875 0.6776057609375 0.133930371875 0.673755209375 0.13795730625 0.666380096875 0.1382255046875 0.6661751984375 0.15126129375 0.680573365625 0.170532134375 0.7045243343750001 0.183121365625
4 0.2902590171875 0.3715135765625 0.302621040625 0.3726475828125 0.34322605624999997 0.362029534375 0.345671996875 0.354094790625 0.335545403125 0.3402830359375 0.2927831484375 0.32751412812499997 0.28385626875000003 0.33064596874999996 0.2816785796875 0.3370593796875 0.2758869140625 0.34022116874999997 0.2715632125 0.358805221875 0.27759706562500003 0.3661436734375 0.2902590171875 0.3715135765625
4 0.322039796875 0.4999934171875 0.34697435312499997 0.5070044375 0.3588576140625 0.5049167625 0.363902265625 0.5000546265625 0.365122428125 0.48719785625 0.36111910625 0.480217440625 0.34651604062499997 0.47398239062499997 0.3200613921875 0.47559224218749996 0.3138859921875 0.49280403906250003 0.322039796875 0.4999934171875
4 0.29243709375 0.6500680515624999 0.30294741875 0.6498298 0.3137837390625 0.641805878125 0.31915438125 0.629158071875 0.30218918125 0.6125718531250001 0.294156471875 0.61063259375 0.284214325 0.613585415625 0.2766026390625 0.6211321734374999 0.2702484046875 0.639358190625 0.2742517265625 0.6463386046874999 0.28554074375 0.6535579312500001 0.29243709375 0.6500680515624999
4 0.5356221062500001 0.6898108703125 0.5469688625 0.69076585625 0.5757222953125 0.6879927125 0.56616388125 0.676895525 0.5353482406250001 0.6735534015625 0.5308400921875001 0.675372878125 0.5309928625 0.686380228125 0.5356221062500001 0.6898108703125
4 0.5276322984374999 0.7291864375 0.5327086265625 0.73008153125 0.5461436578125001 0.7251302140625 0.5493943531250001 0.7126314812500001 0.5321925750000001 0.703323825 0.52326569375 0.7064556640624999 0.5192363078125 0.7114968203125 0.5236867171874999 0.7159416843749999 0.5208514296875 0.7201476359375001 0.5276322984374999 0.7291864375
4 0.5697016671874999 0.81712741875 0.578928475 0.818231478125 0.592095253125 0.8148014921875 0.6055246703125 0.7920713765625 0.60647658125 0.7807359359375 0.5967710109375 0.7764101984375 0.5822890390625 0.7754252671875 0.5797220046875 0.7781098906249999 0.5634200125 0.781509928125 0.5619632734375 0.8016452609375 0.5697016671874999 0.81712741875