2 0.4698160140625 0.42488009531250004 0.46335678125 0.42632625625 0.4494960328125 0.44042686093750005 0.446520190625 0.463168025 0.456255696875 0.4783271671875 0.46174235937499997 0.48239673281249995 0.46584221093749995 0.48260262656249997 0.46846683906250003 0.4794462828125 0.4775736421875 0.4277990328125 0.4698160140625 0.42488009531250004
2 0.4745650640625 0.4272685390625 0.47064204218750005 0.42605978593750005 0.4599061265625 0.428302909375 0.4494960328125 0.44042686093750005 0.446520190625 0.463168025 0.45982505468749996 0.481541640625 0.46383649218749995 0.482248965625 0.46728714687500006 0.480272309375 0.470146734375 0.46991912031250005 0.4779575921875 0.4314858703125 0.4745650640625 0.4272685390625
2 0.5292802437499999 0.4395014 0.4972771640625 0.43334137500000003 0.48845854843750003 0.43643959218750006 0.4791143390625 0.4777045859375 0.48132717812500003 0.482747946875 0.49489484062500005 0.4820381734375 0.507252525 0.47646187187500005 0.51583373125 0.4629814 0.5317002 0.44923445781250004 0.533587215625 0.44439699218750006 0.5292802437499999 0.4395014
2 0.4422973703125 0.8507051921875 0.454862175 0.8498185890625001 0.47521244375 0.8399643796875 0.48435443281249996 0.8291678859375 0.48568066718749997 0.8216464421874999 0.478865321875 0.8075192203125001 0.4536145625 0.7865222015625 0.45476396562500004 0.7800036171875 0.447064465625 0.77089069375 0.4349417390625 0.7692701484375 0.427863596875 0.7742263171875 0.4264489484375 0.782249190625 0.43476735624999996 0.7878521078125 0.42532983281250003 0.79446033125 0.4186659296875 0.808795896875 0.4139217765625 0.8415656531250001 0.4154854171875 0.8444264609375001 0.421237325 0.8469917375 0.4422973703125 0.8507051921875
2 0.3892883859375 0.59422288125 0.4159259546875 0.61908356875 0.4242764484375 0.6318132624999999 0.434214828125 0.6326487843749999 0.4407575796875 0.59554299375 0.4393404828125 0.5859867671875 0.4461509296875 0.5649557875 0.44216733281250004 0.55236191875 0.4354125640625 0.5496198109375 0.4300446078125 0.5507413750000001 0.42671265468749997 0.5579091578125001 0.42234755625 0.5592075515625 0.41314499062500004 0.5586189296875 0.4017295890625 0.5529869484375001 0.389695278125 0.550864975 0.3874243140625 0.552015603125 0.3904631796875 0.5582386515625 0.4065392140625 0.56676050625 0.4107577703125 0.5721575296875 0.3987840359375 0.58142066875 0.3892883859375 0.59422288125
2 0.47961118750000004 0.656680996875 0.47630707499999997 0.651962234375 0.46790025156250004 0.6468607468750001 0.45595435625 0.6442373453125 0.451677671875 0.6450343078125 0.4488762140625 0.6491935140625 0.4395925796875 0.7018436234375 0.44446033281249997 0.70942319375 0.460948159375 0.70974534375 0.475399978125 0.704021275 0.4843626859375 0.676648540625 0.47984859375 0.6670632515625 0.47961118750000004 0.656680996875
2 0.3229981125 0.7004145984375 0.3222302125 0.693040921875 0.3154754453125 0.6902988156250001 0.2860388640625 0.6871764296875 0.26604225625 0.695024921875 0.2608232875 0.70703016875 0.2648650125 0.71343005 0.27583833750000003 0.721569178125 0.28996678125 0.7235433859375 0.31188069375 0.7165499859375 0.317099659375 0.7045447390625 0.3229981125 0.7004145984375
2 0.4836317859375 0.29961233125 0.483012878125 0.3031223390625 0.487585096875 0.30651364375 0.50053385 0.309313878125 0.5101784921875 0.3073953515625 0.51171184375 0.30456360312499997 0.5079656546875 0.30235199218750003 0.492185153125 0.29801840468749996 0.4836317859375 0.29961233125
2 0.450411384375 0.23584847656250002 0.44058991093750005 0.2387698625 0.4420954234375 0.24782465937499998 0.4474052546875 0.25289708437499997 0.455074465625 0.25631745 0.46746243906249996 0.25643370625 0.47427533437499997 0.2529818265625 0.469849659375 0.24289510625 0.46336013749999994 0.2386487109375 0.450411384375 0.23584847656250002
2 0.4234602328125 0.2890024640625 0.4323091359375 0.29159680312499997 0.43490347500000004 0.28274790156249996 0.42139149062500003 0.2596845875 0.41920649218749995 0.242754684375 0.39693647187500003 0.23417470156250003 0.377172371875 0.21724724687500002 0.37041760468749996 0.21450514062499998 0.3507443703125 0.21465535624999998 0.3380027359375 0.21654481875 0.335201278125 0.2207040234375 0.33496631875 0.22790086875 0.3479756484375 0.2420862171875 0.3572993640625 0.265445065625 0.36697429375 0.2692190953125 0.3944935703125 0.2714863875 0.4234602328125 0.2890024640625
2 0.4406783265625 0.23826843437499998 0.4428330359375 0.24950577968749998 0.455074465625 0.25631745 0.4695565734375 0.25628593906249997 0.47427533437499997 0.2529818265625 0.472416159375 0.24593274843750002 0.46536585625000004 0.23900237343750003 0.44940852500000006 0.2356716453125 0.4406783265625 0.23826843437499998