2 0.458984375 0.541015625 0.4716796875 0.529296875 0.474609375 0.5234375 0.47412109375 0.51953125 0.470703125 0.517578125 0.42041015625 0.517578125 0.4189453125 0.525390625 0.42138671875 0.53125 0.43701171875 0.5419921875 0.458984375 0.541015625
2 0.458984375 0.541015625 0.47412109375 0.525390625 0.47412109375 0.521484375 0.4716796875 0.5185546875 0.46142578125 0.517578125 0.423828125 0.5166015625 0.42041015625 0.5205078125 0.419921875 0.5244140625 0.423828125 0.5341796875 0.43701171875 0.5419921875 0.458984375 0.541015625
2 0.4716796875 0.5048828125 0.46875 0.4921875 0.46142578125 0.4814453125 0.447265625 0.4755859375 0.431640625 0.462890625 0.4267578125 0.4619140625 0.4228515625 0.466796875 0.42236328125 0.498046875 0.4267578125 0.505859375 0.46728515625 0.5078125 0.4716796875 0.5048828125
2 0.767578125 0.498046875 0.775390625 0.505859375 0.7900390625 0.509765625 0.82177734375 0.5087890625 0.82421875 0.5068359375 0.82568359375 0.5009765625 0.82568359375 0.48046875 0.82275390625 0.46875 0.81005859375 0.451171875 0.79833984375 0.4443359375 0.791015625 0.4443359375 0.77880859375 0.453125 0.76318359375 0.48046875 0.7568359375 0.48046875 0.74951171875 0.4892578125 0.75 0.5009765625 0.755859375 0.5068359375 0.763671875 0.5068359375 0.767578125 0.498046875
2 0.55126953125 0.580078125 0.552734375 0.58203125 0.55810546875 0.578125 0.5634765625 0.5615234375 0.56787109375 0.556640625 0.57861328125 0.56640625 0.59228515625 0.5732421875 0.611328125 0.5439453125 0.6219596671875001 0.5339391546875001 0.62109375 0.5244140625 0.5849609375 0.5244140625 0.576171875 0.52734375 0.55517578125 0.5244140625 0.5439453125 0.5302734375 0.54248046875 0.537109375 0.54443359375 0.5419921875 0.5517578125 0.5439453125 0.5537109375 0.5478515625 0.5546875 0.556640625 0.55126953125 0.568359375 0.55126953125 0.580078125
2 0.685546875 0.5078125 0.69189453125 0.501953125 0.689453125 0.486328125 0.681640625 0.4736328125 0.654296875 0.4697265625 0.64599609375 0.4755859375 0.63623046875 0.4775390625 0.63232421875 0.4814453125 0.62890625 0.490234375 0.62841796875 0.501953125 0.6298828125 0.505859375 0.63427734375 0.5078125 0.685546875 0.5078125
2 0.72021484375 0.67578125 0.7255859375 0.6708984375 0.7314453125 0.6591796875 0.73095703125 0.6455078125 0.720703125 0.6259765625 0.70849609375 0.623046875 0.70361328125 0.6181640625 0.69677734375 0.6201171875 0.6953125 0.626953125 0.697265625 0.6552734375 0.7080078125 0.6728515625 0.72021484375 0.67578125
2 0.30419921875 0.5283203125 0.3046875 0.515625 0.30126953125 0.5068359375 0.29833984375 0.505859375 0.296875 0.509765625 0.29541015625 0.525390625 0.29833984375 0.533203125 0.3017578125 0.533203125 0.30419921875 0.5283203125
2 0.26025390625 0.5751953125 0.26220703125 0.5673828125 0.26025390625 0.5556640625 0.255859375 0.5498046875 0.2470703125 0.5556640625 0.244140625 0.5625 0.24365234375 0.5751953125 0.248046875 0.583984375 0.25634765625 0.5810546875 0.26025390625 0.5751953125
2 0.24853515625 0.6865234375 0.25537109375 0.685546875 0.2666015625 0.6708984375 0.287109375 0.658203125 0.2890625 0.6484375 0.28662109375 0.6220703125 0.29833984375 0.591796875 0.29931640625 0.5830078125 0.29052734375 0.58203125 0.27099609375 0.5986328125 0.25537109375 0.603515625 0.2509765625 0.6259765625 0.23828125 0.6474609375 0.23681640625 0.654296875 0.240234375 0.6728515625 0.244140625 0.6845703125 0.24853515625 0.6865234375
2 0.26220703125 0.5673828125 0.259765625 0.5537109375 0.255859375 0.5498046875 0.24951171875 0.552734375 0.244140625 0.560546875 0.24365234375 0.576171875 0.24755859375 0.583984375 0.2578125 0.580078125 0.26220703125 0.5673828125