2 0.608521603125 0.593136128125 0.6074968140625 0.5842903578125 0.551349765625 0.5803641749999999 0.5473813062499999 0.5822802 0.546530909375 0.5866077890625 0.549343690625 0.593385059375 0.5626008921875 0.60747325625 0.5870548359375001 0.61028000625 0.6053380984375 0.599494096875 0.608521603125 0.593136128125
2 0.6075076890625 0.5919684640625 0.607267853125 0.5875646390625 0.6037573140625 0.582932103125 0.5617069875 0.581088421875 0.5501832109375 0.5813793656249999 0.5472286656249999 0.5844630546875 0.5469233859375 0.5888287609375 0.5626008921875 0.60747325625 0.5870548359375001 0.61028000625 0.6023835531249999 0.6025777859375 0.6075076890625 0.5919684640625
2 0.6068427453125 0.5623093515625001 0.6087398671875001 0.5273455765625 0.6047605328125 0.521583496875 0.5992330421875 0.5222937390625 0.5807971390625 0.535262503125 0.5645308265625 0.5407056328125 0.555514553125 0.552139553125 0.551251690625 0.566099390625 0.555928784375 0.5697167359375 0.6013261328125 0.5706977 0.6068427453125 0.5623093515625001
2 0.24084029999999998 0.54000625625 0.24230125781249998 0.5269472546875 0.23481138124999998 0.5165526390624999 0.2277248609375 0.5160571015625 0.21241807812500002 0.48427736718750003 0.199477034375 0.47350156875 0.19130027968750002 0.4729297953125 0.17768323125000002 0.47965494375000006 0.16213643125 0.4983095484375 0.157949890625 0.511177959375 0.1563471703125 0.534097921875 0.1575246015625 0.5407608374999999 0.1600975453125 0.5431342828125 0.195453828125 0.5467033984375 0.21211261874999998 0.5434812390625 0.2214450484375 0.53535971875 0.2251191046875 0.5454875046875001 0.23384097656249997 0.5460973984375 0.24084029999999998 0.54000625625
2 0.4563139609375 0.6077182953125 0.45879970937500003 0.6035050609375 0.467129103125 0.6018939828125001 0.469691171875 0.596589321875 0.468590059375 0.5888349796875 0.4565102890625 0.581409696875 0.43284130000000004 0.583044890625 0.4232581546875 0.57908448125 0.38291949999999997 0.576263728125 0.38120838749999997 0.5868415734375 0.39229543906250003 0.598854628125 0.4112654 0.6330840453125 0.427062915625 0.6265113703125 0.43981868906250005 0.6164357046875 0.444343140625 0.622235903125 0.4490419890625 0.641209459375 0.45473299375 0.6459944671875 0.4565209859375 0.64392596875 0.4574368265625 0.6308288484375 0.45453684687499996 0.6174648984375 0.4563139609375 0.6077182953125
2 0.3764981046875 0.5505891390625 0.3768688265625 0.5374538984375 0.3737398890625 0.52736423125 0.36968423281249996 0.522693578125 0.3589345328125 0.5197483578125001 0.350125465625 0.5125517859375 0.319293634375 0.51478286875 0.309579603125 0.5283615234375 0.30563289843749997 0.5456337609374999 0.3122614984375 0.5526778593749999 0.36949878125 0.5566802796875 0.3745574734375 0.554840490625 0.3764981046875 0.5505891390625
2 0.292048121875 0.68506955625 0.290947009375 0.6773152140625001 0.28346801250000003 0.6745987062500001 0.27763524375 0.67967465625 0.26377835781250003 0.681995978125 0.2508045015625 0.7030240296875 0.2491909046875 0.7182658859375 0.2548164703125 0.7318204265625 0.26043115625 0.7376968609375 0.274288040625 0.7353755375000001 0.2876543734375 0.716568459375 0.292048121875 0.68506955625
2 0.7464361953124999 0.6027800562500001 0.746021965625 0.5852028734375 0.7446918953125 0.580722809375 0.7413448734375 0.581585528125 0.736842175 0.591141540625 0.73639513125 0.60536820625 0.7387391156249999 0.6110159312500001 0.7425549359375 0.611282759375 0.7464361953124999 0.6027800562500001
2 0.8003262765624999 0.662483359375 0.8007733187499999 0.6482566921874999 0.79803685625 0.6403879953125 0.7886826703125001 0.63315330625 0.7833186984375 0.6393588015625 0.780222390625 0.65230345 0.7817922984375001 0.6611873375 0.7856953140625 0.6680408421874999 0.79473334375 0.671963134375 0.8003262765624999 0.662483359375
2 0.8017759921875 0.75142258125 0.8006748828125 0.7436682390625 0.78818088125 0.7186657750000001 0.7850301890625 0.6932198953125 0.7679680453125 0.6865429765625 0.74746080625 0.6664639890624999 0.73757238125 0.6668692875 0.7379757359375 0.6767683640625 0.748692621875 0.7115174328125 0.743906396875 0.7407953640625 0.745323665625 0.7518621046875 0.76722641875 0.7676516203125 0.778619309375 0.7848997421874999 0.7861746265625 0.786524825 0.7912333203124999 0.7846850359374999 0.7965100953124999 0.7718928609375 0.8017759921875 0.75142258125
2 0.8002499562500001 0.663574784375 0.800925959375 0.6460738390625 0.7955402312500001 0.636923125 0.7886826703125001 0.63315330625 0.7840164546875 0.6372140671875 0.780222390625 0.65230345 0.7841362828125 0.6668350625 0.795278459375 0.672001253125 0.8002499562500001 0.663574784375