3 0.15240325 0.4422314515625 0.1443588203125 0.43205765625000003 0.10956990468750001 0.43322290937499996 0.09785953124999999 0.44692949375 0.085848503125 0.4700797703125 0.0682829421875 0.49063964687499995 0.0661700890625 0.4967681296875 0.08774870312500001 0.51443934375 0.1296767265625 0.5938675578125 0.13403198593750001 0.59214415 0.1431494875 0.5540096125 0.15166567656250002 0.5347624625 0.15469211249999998 0.5181916890625 0.15734150156249999 0.48790904062499996 0.15437158125 0.4497692125 0.15240325 0.4422314515625
4 0.5453965281250001 0.2514383890625 0.555150184375 0.24808283593749997 0.5595968015625 0.2453151984375 0.5589190984375 0.24104701875 0.57321073125 0.23387959687499998 0.5814262625 0.2240761421875 0.5844792796875 0.20119436249999997 0.5834627265625 0.1947920921875 0.5679485953125 0.161868121875 0.5613775109375 0.15287545 0.5475692515625 0.1485107171875 0.5412838546875001 0.1542741484375 0.5313856796875001 0.17129594374999998 0.52774631875 0.188865315625 0.529036946875 0.1921348984375 0.527575215625 0.2088425671875 0.5297262640625 0.21429186875 0.5277961265625 0.21833189218750002 0.5350183328125 0.23790375 0.5339486171875001 0.24412349375 0.5363089624999999 0.24117333125 0.537847084375 0.24762123281249998 0.5453965281250001 0.2514383890625
4 0.3324556546875 0.20439848125 0.3305902953125 0.21370528125 0.332505465625 0.23386505624999998 0.34095352343749996 0.25143971875000004 0.3437174984375 0.2558904234375 0.35092809062499997 0.257573490625 0.361633525 0.255353428125 0.361283059375 0.23533054843749998 0.34883355781250003 0.1974135859375 0.337111571875 0.193231378125 0.3324556546875 0.20439848125
4 0.461282928125 0.21566940625000003 0.45799403125 0.2532616609375 0.4633242984375 0.288451325 0.46731412499999997 0.290904834375 0.4811489640625 0.28895855937500003 0.48807386875000003 0.2758855234375 0.4954024 0.27021335625 0.49493399531250004 0.257545709375 0.4784298921875 0.21190846093750001 0.4701113875 0.2048673546875 0.461282928125 0.21566940625000003
4 0.5127986578125 0.0833875828125 0.5122887046875 0.10123074218749999 0.516316725 0.115262034375 0.5272696531250001 0.1162202921875 0.5421742093749999 0.1080542734375 0.5421094328125 0.102787496875 0.538302321875 0.0982455296875 0.5351347203125 0.0863939578125 0.52307388125 0.08007766093749999 0.517336634375 0.079575715625 0.5127986578125 0.0833875828125
4 0.3887367328125 0.3240146421875 0.39165684375 0.33268789375 0.3965070890625 0.3373211234375 0.404421965625 0.3369613640625 0.4079168078125 0.3330582359375 0.40879219375 0.3110381578125 0.40657636718749995 0.300322078125 0.39519323281249996 0.298273959375 0.39090275 0.3052641453125 0.3887367328125 0.3240146421875
4 0.322095534375 0.454973159375 0.3274025734375 0.4543852421875 0.3325418609375 0.4316859875 0.3325950234375 0.4190639734375 0.3290619875 0.41138931718749994 0.32807201406250003 0.3986760421875 0.3235224234375 0.38459911875 0.3110313765625 0.3771929609375 0.2984605828125 0.3887198234375 0.29720815 0.397028025 0.29994554375 0.4077897375 0.29998373906250003 0.41936752187500004 0.3029038484375 0.42804077500000004 0.3016248328125 0.442659984375 0.3028888796875 0.452240571875 0.3095779046875 0.4538780078125 0.312863446875 0.45837434374999997 0.3191222640625 0.45892191875000005 0.322095534375 0.454973159375
4 0.6411224375 0.35872219375 0.6344068296875001 0.36339576406249996 0.6298422734375 0.37351863750000003 0.6284071234375 0.3839153 0.629682784375 0.411384678125 0.633307178125 0.4180151046875 0.6358352734375 0.43717628125 0.6490688015625 0.4541173953125 0.6636345078125 0.44381728750000005 0.6622674890625 0.4173921359375 0.6491934484375 0.36258498125 0.6459079062499999 0.358088646875 0.6411224375 0.35872219375
4 0.6432768390625 0.32208290625 0.6491702203124999 0.32680739999999997 0.658154815625 0.3202278953125 0.6602294718749999 0.3025216296875 0.65085621875 0.27750046875 0.640973009375 0.27032246875 0.6304884875 0.28203185625 0.6293921890624999 0.29456260625 0.6432768390625 0.32208290625
4 0.779387740625 0.40028105781249995 0.782726446875 0.3921553796875 0.780327903125 0.383527759375 0.781424203125 0.3709970078125 0.7773048218749999 0.35800994375 0.7692603921875001 0.3478361484375 0.762754084375 0.3441102546875 0.756807540625 0.3520077765625 0.7538724625000001 0.367534321875 0.7549803749999999 0.372892359375 0.7485504578125 0.39232203593750004 0.7501799375 0.39772570625000003 0.74815844375 0.40280995781250006 0.73837820625 0.41247652031250004 0.7332007234375 0.423597990625 0.7352604140625 0.4300915234375 0.7295081984375 0.4537893765625 0.7296227843749999 0.4885227296875 0.7506416359375 0.494570528125 0.767514525 0.49394227031250004 0.77788110625 0.48958811874999997 0.7845319359375 0.47964777031250005 0.78107864375 0.45304009531249995 0.7851100203125 0.4249828 0.779387740625 0.40028105781249995
4 0.8281410484375 0.40770308593750004 0.823431971875 0.4314922015625 0.8238356 0.43889306875 0.8122813593749999 0.45682220156250003 0.8120720625000001 0.465221665625 0.8204287625 0.4838405578125 0.8337420359375001 0.48184865312499997 0.8398712968750001 0.47186267187500003 0.848075215625 0.44417042812499996 0.8499405765624999 0.4348636265625 0.8487296921875 0.41266102499999996 0.8408032000000001 0.39513199375 0.833409890625 0.3955373859375 0.8281410484375 0.40770308593750004
4 0.70380685 0.46521968593749996 0.700155875 0.46490026718750005 0.6962192109374999 0.4498247453125 0.6918905328125 0.445237146875 0.6833395015625 0.410817921875 0.674994415625 0.41008782187500004 0.6717088734375001 0.4055914859375 0.6661925375 0.41457886874999994 0.6653055375 0.418710153125 0.670361728125 0.45703250625 0.66905613125 0.4779627234375 0.6946777359375 0.485465434375 0.7045875265625 0.486332428125 0.7059047359374999 0.4832910015625 0.70937299375 0.48569887968750003 0.706087453125 0.48120254375 0.707496021875 0.4771168890625 0.70380685 0.46521968593749996
4 0.4130310671875 0.4608245421875 0.4190423890625 0.4581937984375 0.426500475 0.46305518437500004 0.456321203125 0.4646119390625 0.4597246859375 0.46175303906250004 0.4718121046875 0.46175832968749997 0.521178340625 0.468181759375 0.5320930703125 0.45756223125 0.5413899343749999 0.45942782343750005 0.5436855031250001 0.451210884375 0.545562478125 0.4597928734375 0.5467883296875 0.457795678125 0.5431905171875 0.44485424531250006 0.5402438265625 0.442492 0.539828584375 0.4172023421875 0.529842403125 0.393179778125 0.5258525765625001 0.39072627031249996 0.520857809375 0.3997592828125 0.5093833156249999 0.3987553953125 0.5080661046875 0.40179681875 0.5017159312499999 0.4022934734375 0.49686568593749997 0.39766024375 0.48241791875000006 0.40060511718749997 0.47906760000000004 0.390842003125 0.470265721875 0.3953330484375 0.44879008125000003 0.3945063953125 0.4455045375 0.390010059375 0.425475659375 0.3966755359375 0.41992112812500004 0.3940851328125 0.41390980624999996 0.39671587812500003 0.41157604374999995 0.3933550328125 0.39857503906249997 0.403792034375 0.38919843125 0.4208594625 0.3807354046875 0.42748459843750003 0.381047675 0.435929696875 0.373901859375 0.43951340625 0.37310621718750003 0.4426004625 0.37317099374999996 0.44786723906250003 0.376886746875 0.4534534375 0.37504796875 0.45644922968749996 0.37946800468749997 0.4599926 0.40302991875 0.46100177656249997 0.410175734375 0.4574180671875 0.4130310671875 0.4608245421875
4 0.6163279640625 0.44388738906249997 0.60437345 0.41232706406249997 0.59179104375 0.40596513749999996 0.584892721875 0.4127271671875 0.5846834234375 0.42112663125000005 0.5819576453125 0.42825371093750003 0.5862331609375 0.445463321875 0.5899489124999999 0.45104951875 0.5912777375 0.46589688437500004 0.5969884015625 0.4727098359375 0.602634290625 0.474256009375 0.6133663046875 0.4657249390625 0.6139410359374999 0.4531485578125 0.6163279640625 0.44388738906249997
4 0.3248876453125 0.5972674140625001 0.3313025953125 0.6020375375 0.3334536421875 0.6074868390625 0.3418253109375 0.6019059328125 0.34102966874999996 0.604992990625 0.3425082546875 0.603341665625 0.34191666875000004 0.6008617046875 0.34811070625 0.5961425015625 0.3508481 0.6069042125 0.35425158125 0.6040453140625 0.3571069140625 0.6074517875 0.358214828125 0.612809828125 0.3561667515625 0.6242050875 0.3591666046875 0.613945321875 0.36379593906249996 0.609089225 0.36508656875 0.6123588062499999 0.3626348640625 0.6163531984375 0.364355703125 0.620712640625 0.3602612265625 0.6224588640625 0.3619039984375 0.6247070328125 0.3574573796875 0.6274746703125 0.357613515625 0.6316972187500001 0.3634687015625 0.6248439265625 0.3740827765625 0.62366809375 0.3761424671875 0.6301616250000001 0.372126059375 0.634019121875 0.374395046875 0.6321131890625 0.3736907625 0.634156015625 0.3765460953125 0.6375624921874999 0.37504616875 0.6426923765625 0.37946620468750003 0.6462357453124999 0.3805741171875 0.6515937843749999 0.38511209218750003 0.64778191875 0.40049667031249997 0.6701723359375 0.42169823749999996 0.6741316765625001 0.422897509375 0.6784454875 0.432167790625 0.6866220875 0.43870067968750004 0.6840369734375 0.44072217656249996 0.6789527203125 0.4507499046875 0.6724644796875 0.4679616453125 0.6739703125000001 0.47541973125 0.6788316984375 0.47882321406250006 0.6759727984375 0.48032314062500003 0.6708429140625001 0.4841568328125 0.669073875 0.489281153125 0.6705744171875 0.49152355937500003 0.674979490625 0.49667446249999997 0.6701690250000001 0.506062684375 0.6709903875000001 0.501056303125 0.6621346109374999 0.5069114906250001 0.65528131875 0.505282009375 0.6498776484375 0.5067819359375 0.6447477640625 0.5033402578125 0.6360288796875 0.509286803125 0.6281313578125001 0.5105392359375001 0.6198231562500001 0.50829683125 0.6154180828125 0.5119743875 0.60942649375 0.5163296468749999 0.6077030859375 0.510188771875 0.599800275 0.5126404765625 0.5958058828125 0.5134627 0.5864078203124999 0.5110375781250001 0.58409120625 0.5109728 0.578824428125 0.5089778875000001 0.577597671875 0.510295096875 0.5745562484375 0.505288715625 0.56570046875 0.507831778125 0.56066185 0.50601958125 0.5573466359375 0.507519509375 0.5522167515625 0.5057073125 0.5489015390625 0.50689496875 0.535326559375 0.5054482046875 0.5278344296874999 0.5074315046875 0.5111723921875 0.509883209375 0.507178 0.49920435625000004 0.5030870562499999 0.5018387796875 0.49700420625 0.4962194703125 0.48914702656250003 0.45894065624999997 0.48272888593749996 0.45440267968750003 0.486540753125 0.4252596546875 0.4892521796875 0.4208396171875 0.485708809375 0.4154412234375 0.4873409546875 0.39485258125 0.4823830171875 0.3904059625 0.485150653125 0.3870290625 0.48169854843750004 0.35886439531250003 0.47923445937500003 0.3549393453125 0.48204772656249995 0.35482140625 0.4894029625 0.35255241718749997 0.49130889531250005 0.340126146875 0.4891695171875 0.33123291093749996 0.49470479218749996 0.325587021875 0.4931586171875 0.31807577343750004 0.5009192453125 0.315479546875 0.5185798796875 0.32152906406250004 0.5275269203125 0.3182551359375 0.540919375 0.324304653125 0.549866415625 0.322896084375 0.5539520718750001 0.3233644890625 0.566619715625 0.3204825765625 0.569524246875 0.3210689203125 0.5748366546875 0.318708575 0.57778681875 0.3184079171875 0.5872305124999999 0.3247580921875 0.5867338578125 0.3248876453125 0.5972674140625001
4 0.441097421875 0.8789077421875 0.44511383125000004 0.87505024375 0.44495769531249996 0.8708276937500001 0.451269671875 0.85875325625 0.45464992656250003 0.820116775 0.451992278125 0.79042204375 0.4487067359375 0.7859257078125 0.433828759375 0.78778071875 0.4286778578125 0.792591184375 0.4091821609375 0.8171910812500001 0.40897286250000003 0.8255905484375001 0.40397809531249995 0.8346235609375 0.40413423125000003 0.8388461093749999 0.4007041671875 0.8480160171875 0.4001028546875 0.8669034046874999 0.41302411406250006 0.875399421875 0.4176916421875 0.8821211109375 0.43202146875 0.886531475 0.43551630937499997 0.8826283453125001 0.43370411249999996 0.8793131328125 0.43492996406250006 0.8773159359375 0.441097421875 0.8789077421875
4 0.6165272015625 0.5617536890625 0.6203990890625 0.571562434375 0.6327340015625 0.57474604375 0.63071250625 0.5798302953125 0.6339066921875001 0.5853708609375 0.6554736921875 0.5851532859375 0.656855678125 0.5873786375 0.65553846875 0.5904200625 0.6614966265625 0.6004113328125 0.659345578125 0.594962028125 0.6627490609375 0.5921031296875 0.6657871109375 0.5934211453125 0.6656691703125001 0.6007763828125 0.6666475296875001 0.5956008671874999 0.668029515625 0.5978262203125 0.670481221875 0.593831828125 0.677170246875 0.5954692640625 0.6792830984375 0.5893407828125 0.6793478765625001 0.594607559375 0.6806650859375 0.591566134375 0.6810039375 0.593700225 0.6853210015625 0.5803990328124999 0.693 0.59474974375 0.698215678125 0.59520605625 0.7001458140625 0.591166034375 0.7055442109375 0.5895338890625 0.7096901734375 0.5962099453125 0.7231861609375 0.5921295796875 0.72742348125 0.5977614078125 0.7527328140625 0.596819021875 0.7676489859375 0.6065417953125001 0.7732300984375 0.6028211890625 0.777611940625 0.594786775 0.782203078125 0.57835289375 0.78989704375 0.568503809375 0.802730296875 0.5359554671875 0.787631409375 0.5283211546875 0.7438462859375 0.5181771187499999 0.6200785578125 0.5031399578125 0.6140672359375 0.5057707015624999 0.6062819125 0.5166640171875 0.60398634375 0.52488095625 0.5856633359375001 0.5601056734375 0.583889334375 0.56836824375 0.585271321875 0.570593596875 0.6022593109375001 0.572079853125 0.6047786328125 0.5638824890625 0.608520965625 0.563157678125 0.6050909015625 0.5723275859375 0.6089245937500001 0.5705585453124999 0.6091338921875 0.56215908125 0.6169839921875 0.55653254375 0.6165272015625 0.5617536890625
4 0.5528974703125 0.7003412296875 0.5576829390625 0.6997076828125001 0.565141025 0.7045690687499999 0.5810621359375 0.7028053187500001 0.5949617546875 0.706125821875 0.62471770625 0.7024157984375 0.6264917078125001 0.694153228125 0.636976228125 0.6824438390625 0.6387768109375 0.6678702624999999 0.6422068750000001 0.6587003546875 0.637904778125 0.64780175 0.6382702109375 0.64362483125 0.6358450890625 0.6413082171875 0.638479509375 0.6352253671875 0.6361191625 0.6381755296875 0.6356241765624999 0.631818890625 0.6316343484375 0.6293653828125 0.6296660171874999 0.6218276234375 0.604996190625 0.6154604031249999 0.599989809375 0.606604625 0.595451834375 0.6104164921875 0.5691259453125 0.6049566093750001 0.5650181796875 0.6098583359374999 0.5614585609375 0.6084946890625 0.559162990625 0.616711628125 0.55165174375 0.6244722546875 0.5461088265625 0.6397706453125 0.5400709234375001 0.64871239375 0.5388184890625001 0.6570205984374999 0.541060896875 0.6614256703125 0.5392221171875 0.6644214640625 0.5444377984375001 0.6648777765625 0.5416854359375 0.6783158625000001 0.543002646875 0.6752744390625 0.54368035 0.67954261875 0.5486219546875 0.68313161875 0.5537844703125 0.6962099453125 0.5528974703125 0.7003412296875
4 0.6552625937500001 0.7797958953124999 0.657101371875 0.776800103125 0.653724471875 0.7733479953125 0.6521863484375 0.7669000953125 0.6532826468749999 0.75436934375 0.649319403125 0.7456048281250001 0.6492164296875 0.728760265625 0.64645245625 0.7243095609375 0.6231646171875 0.7201676953125 0.620008628125 0.7262049140625 0.61875619375 0.73451311875 0.6139441421875 0.7414576734375 0.611256559375 0.7601625359375 0.611515665625 0.7812296453124999 0.6123495046875 0.7897203734375 0.616522046875 0.7900854234375 0.6187644546875 0.7944904968750001 0.617877453125 0.7986217843750001 0.6333151921875 0.8083901875 0.641073934375 0.803807878125 0.655940296875 0.7840640750000001 0.6552625937500001 0.7797958953124999
4 0.7144921625 0.71553115625 0.7203473484375 0.7086778640625 0.7245198921875 0.7090429140625 0.7301275859375 0.6990113046875 0.730062809375 0.6937445265625 0.74348240625 0.6665085921875 0.7428960625000001 0.6611961859375 0.7512943125 0.649304271875 0.7530683140625001 0.6410416999999999 0.7474490046875 0.6331845203124999 0.7489489328125 0.6280546359375 0.7439807468749999 0.6307766421875 0.7360924515625 0.6248253953125 0.7194936375000001 0.6223209656249999 0.7050192890625 0.6315768453125 0.6990727453125001 0.639474365625 0.6920182875 0.6420138468750001 0.6870882968750001 0.6563136390625 0.6873739859375 0.671069740625 0.6841914140625 0.6834179671875 0.6855734015625 0.6856433203125001 0.684073475 0.6907732015625 0.6859238671875 0.7056662 0.6895748421875 0.70598561875 0.6922092640625 0.69990276875 0.6926128921875 0.7073036359375 0.698506275 0.7120281281249999 0.7144921625 0.71553115625
4 0.25308728281250004 0.6730590171874999 0.24903267968749998 0.6653387296875 0.23375107499999997 0.6597928750000001 0.22000759374999998 0.6606949203125 0.215351678125 0.6718620234375 0.20845335625 0.678624053125 0.20588371093750002 0.689973678125 0.207513190625 0.69537735 0.233367321875 0.7302581781249999 0.25859691093750004 0.7482488125 0.270554778125 0.737720546875 0.2721078671875 0.71996865 0.2707524625 0.7114322921875 0.2650417953125 0.7046193390625 0.2566469 0.6744226640625001 0.25308728281250004 0.6730590171874999