3 0.635950875 0.0906025546875 0.6296568296875 0.090826334375 0.605563371875 0.10132131250000001 0.5806422359375001 0.105914421875 0.5645799296875 0.1129110734375 0.5536087734375 0.1449347234375 0.5607738234374999 0.1553068828125 0.5672170546874999 0.15927913437500002 0.601805490625 0.1728776125 0.6306917234375 0.179017571875 0.6469465390625 0.18091101874999999 0.6672481984374999 0.17845925 0.7052675234375 0.180814565625 0.70810656875 0.17725370468749999 0.6462341296874999 0.11569209062500001 0.635950875 0.0906025546875
4 0.21870205625 0.432400175 0.201345303125 0.43079304531249996 0.1827182125 0.435162375 0.175577275 0.4393704609375 0.17570724843750002 0.45345266874999995 0.18219380624999998 0.4621189890625 0.20837096875 0.4859020171875 0.21402984531250002 0.48866646874999997 0.2361552625 0.49232829218749996 0.2475980921875 0.48747297968750003 0.258319103125 0.47621776093749996 0.2620916890625 0.478060728125 0.265926809375 0.47471158750000003 0.271816621875 0.4665937859375 0.2704163109375 0.458488040625 0.26486329375 0.4552255515625 0.268274971875 0.45386856406250004 0.2621926484375 0.45309626718749996 0.24606290468749997 0.440818603125 0.24176101249999998 0.441465828125 0.23730993437499998 0.437917021875 0.221372703125 0.43452945937500004 0.21870205625 0.432400175
4 0.297819696875 0.256096803125 0.2886432796875 0.255187375 0.2769454046875 0.25634469531250004 0.2774988234375 0.26843475 0.30918567812500003 0.29078619843750003 0.327687696875 0.2968010828125 0.332793153125 0.2874754828125 0.33327913593749997 0.2802912203125 0.3299299953125 0.2764560984375 0.31600412968749997 0.26360580312500004 0.297819696875 0.256096803125
4 0.2983542984375 0.38582489999999997 0.2624955265625 0.37820288281250003 0.24995076093750002 0.3833445109375 0.254127578125 0.3930815015625 0.29183421875 0.42139735624999997 0.303469559375 0.42543214375 0.31082221875 0.4202279796875 0.32493569375 0.41750195312500005 0.330676321875 0.40518811875000005 0.32953105781250003 0.400780365625 0.2983542984375 0.38582489999999997
4 0.14168164218749998 0.393125221875 0.12496005624999999 0.3885298578125 0.1201288578125 0.391667275 0.11896438281249999 0.3971457 0.1214040953125 0.4101572375 0.1315140515625 0.41647049375 0.13465146875 0.4213016921875 0.1395259921875 0.42285834375000003 0.15134894062499998 0.411316809375 0.1535720296875 0.4008580015625 0.14168164218749998 0.393125221875
4 0.38377128125 0.3415160390625 0.365736034375 0.3382030671875 0.358022465625 0.34020727812499996 0.3566895921875 0.35137584843749997 0.36601519531250004 0.3564813078125 0.3867210890625 0.3619235609375 0.391340565625 0.35978221875 0.39392456249999996 0.35252336562500003 0.3909988671875 0.3466960890625 0.38377128125 0.3415160390625
4 0.477618746875 0.27713645 0.4695442703125 0.27594070625 0.455262396875 0.28435688125 0.45859232499999997 0.29807818125 0.47037684999999996 0.3063089984375 0.4819063296875 0.310841825 0.48803197656249997 0.3163081921875 0.499773178125 0.319844940625 0.522322040625 0.3215146109375 0.5243767312500001 0.31674594843750004 0.5288903453125 0.3151026453125 0.53016068125 0.309126184375 0.526917403125 0.3047930234375 0.527297525 0.2981068 0.5187562765625 0.2942091421875 0.5048111984375 0.291245025 0.4975836125 0.2860649734375 0.48683848750000003 0.282739946875 0.477618746875 0.27713645
4 0.371294740625 0.581435715625 0.361228109375 0.5798165281250001 0.3505263109375 0.5811855703125001 0.3442755890625 0.5861034187499999 0.3423267609375 0.5903740421875 0.34557003750000004 0.5947072015625 0.392770678125 0.6224383687499999 0.4169315734375 0.63121770625 0.430640815625 0.6205976546875 0.418663778125 0.6034767375000001 0.401581284375 0.5956814203125 0.3964517125 0.590426775 0.371294740625 0.581435715625
4 0.28800439375 0.5569647859375 0.2760514703125 0.5544241140625 0.2621930421875 0.560848134375 0.2660522765625 0.572079240625 0.28663309843749996 0.587905709375 0.30367226875000003 0.59100695625 0.3123385890625 0.5845203999999999 0.3096246171875 0.577697046875 0.28800439375 0.5569647859375
4 0.3838206890625 0.6939321328125 0.378373534375 0.6901716046875 0.366569796875 0.6918269625 0.354809384375 0.6981763890625 0.349511415625 0.6986118921875 0.344954475 0.695561125 0.32507626093750003 0.6960207390625001 0.3204134609375 0.693468009375 0.3051547203125 0.6917862859375 0.2961274921875 0.6950728890625 0.297739525 0.70218255625 0.304904575 0.712554715625 0.3157988859375 0.7200757734375001 0.327751809375 0.7226164453125 0.3350852578125 0.727298459375 0.3435831796875 0.7265020484375 0.36490503125 0.738842246875 0.3921166921875 0.7430646453125 0.41585414218750005 0.753836134375 0.42697938750000003 0.7504749390625001 0.4339711390625 0.742070821875 0.4393508546875 0.7265570343750001 0.4397068625 0.705290565625 0.407471490625 0.6953154859375 0.3838206890625 0.6939321328125
4 0.39462384375 0.775350496875 0.3867610890625 0.773158675 0.3668203390625 0.7788103984375 0.3600595203125 0.7763322625 0.33662044375 0.773952834375 0.32382062968750003 0.7753964703125 0.32134249375 0.7821572859375 0.33537422031249997 0.794509540625 0.35565667031250003 0.8019439500000001 0.364833084375 0.8028533765624999 0.3928916375 0.8030914656249999 0.40391102187500005 0.800228309375 0.4095457859375 0.7884125140625 0.39462384375 0.775350496875
4 0.3931315875 0.625638321875 0.38904141875 0.6252894703125 0.3791239734375 0.6278663124999999 0.3823672515625 0.632199471875 0.3806734703125 0.6401680890625 0.41021898281249997 0.6579000609375 0.4132505390625 0.6632293 0.426137003125 0.6711738015625001 0.425395975 0.6746600703125 0.43540006875000004 0.68147136875 0.4395961 0.6813221828125 0.44283937812499996 0.6856553421875 0.44158825312500005 0.6817456281250001 0.44478820625 0.6813847171875 0.446799571875 0.6719219859375001 0.44711225624999995 0.6459614484375 0.4272965765625 0.64122895625 0.3931315875 0.625638321875
4 0.4899280734375 0.36616252031249996 0.4821711796875 0.3634726625 0.4736107203125 0.36946118125 0.4550894921875 0.373332471875 0.4416978328125 0.382458409375 0.4441567578125 0.3855837703125 0.4400040515625 0.3904270234375 0.44083173125 0.3963288921875 0.42894624531250003 0.41306253593750003 0.4321895234375 0.417395696875 0.42685313281250004 0.4376035515625 0.420178965625 0.4445135546875 0.42829676718750004 0.45040336718749996 0.421454203125 0.4630035140625 0.424379896875 0.46883079062500005 0.42211348437499996 0.47459552968749996 0.41891353125 0.47495643750000005 0.41658458125 0.48591328593750005 0.406772996875 0.48799208906249997 0.40791826093749994 0.4923998421875 0.4273971421875 0.508512628125 0.450773684375 0.5160841656249999 0.45213066875 0.519495840625 0.463130840625 0.526518859375 0.46533471718749997 0.525946228125 0.457895409375 0.521762253125 0.46618160781249995 0.5219619203125 0.4670910359375 0.5127855046875001 0.4800592484375 0.5056517234375 0.4881239234375 0.4579146203125 0.4915548109375 0.44667145937499997 0.495178209375 0.44431839531249995 0.502208384375 0.4161419234375 0.499811996875 0.4078244546875 0.5039647015625001 0.4029812 0.5016116390625001 0.3993578 0.5069721453125 0.3937301921875 0.5127319828125 0.3715301828125 0.5106965031249999 0.36641266875 0.5073906890625001 0.3672716140625 0.50325719375 0.36222869375 0.49838267031249994 0.360672040625 0.495288578125 0.3605349125 0.4899280734375 0.36616252031249996
4 0.4182930671875 0.5513439375 0.41043031250000006 0.5491521171875 0.4021874375 0.5536465203125001 0.4045212875 0.567156096875 0.43044340312499996 0.5872411328125 0.43972568125 0.5876525218750001 0.4515727421875 0.5906912328125 0.4625488015625 0.58313400625 0.4627172 0.577443859375 0.4580110734375 0.5701970609375 0.444595303125 0.56474275 0.4404618078125 0.5596998296875 0.4256890515625 0.5508338421875 0.4182930671875 0.5513439375
4 0.6053140140625 0.33759347812499996 0.59194156875 0.3368332375 0.58534915 0.32866495625000003 0.56820411875 0.326061746875 0.55885930625 0.3308424640625 0.5586909078125 0.3365326125 0.5510206640625 0.343230890625 0.54947606875 0.3553955375 0.54706046875 0.35696424531250004 0.540193790625 0.3549841484375 0.53646453125 0.35783525 0.5307480171875001 0.384729328125 0.53299521875 0.388850765625 0.529160096875 0.39219990625 0.5279138734375 0.4127566140625 0.52486310625 0.41731355312499996 0.5268985859375 0.42243106875 0.5160958265625 0.44876457187499996 0.511264628125 0.45190198906249995 0.5066308421875 0.488395928125 0.5123330453125 0.49585444843750004 0.5187329515625 0.49513263125 0.51949809375 0.5062266078125 0.5239058484375 0.5050813453125 0.539948940625 0.50797086875 0.546498034375 0.5114450828125 0.5594470359375 0.514197478125 0.5620118203125 0.5168248 0.567203928125 0.5168873359374999 0.5697687140625 0.5195146578125 0.57517254375 0.5185811171875 0.5819766859375 0.525753321875 0.5851766390625001 0.5253924140625 0.5857492703125 0.5275962890625 0.5906237937500001 0.5291529421875001 0.592086640625 0.5320665796874999 0.6010513343749999 0.533972084375 0.6054590875 0.532826821875 0.6110554296874999 0.54078338125 0.6138944734375 0.5372225187499999 0.6205061046875 0.5355046234375 0.6239611046875 0.53884170625 0.6320355828124999 0.54003745 0.6410628109375 0.536750846875 0.6481845359375 0.5424289359375 0.6533766437499999 0.542491471875 0.657933584375 0.5455422390625 0.6659647359374999 0.5420439140625 0.6727688765625001 0.54921611875 0.67467438125 0.540251425 0.68060751875 0.5368276921875 0.6771525171875 0.533490609375 0.6772150531250001 0.528298503125 0.6799482375 0.5252356781249999 0.68514034375 0.5252982140625 0.6887637437499999 0.5229451515625 0.68636735625 0.5146276828125 0.6898607796875 0.4981924125 0.6987388234374999 0.4907097796875 0.7040367921875 0.49027427812499996 0.7082953609375 0.484932984375 0.7033341875 0.47398819375 0.6996674625 0.4716471875 0.702015625 0.4508041625 0.685587509375 0.43013443906250004 0.6904187078125 0.426997021875 0.68575590625 0.42444429375 0.683720428125 0.419326778125 0.6785283203125 0.4192642421875 0.6761752578125 0.41564084218749997 0.6740772421875 0.41571543593750004 0.676492840625 0.41414672656249996 0.6717675046875 0.4167861046875 0.66632035 0.41302557812499996 0.6704297296874999 0.40348825312500003 0.6784608828125 0.3999899265625 0.6745824359375 0.3986449984375 0.6707473140625 0.4019941375 0.669125675 0.3998275578125 0.6663395609375 0.40313940156249994 0.6627786984374999 0.40030035625 0.6583709453125001 0.40144562031250003 0.6557002984375 0.3993163359375 0.661527575 0.396390640625 0.6719117890625 0.3965157140625 0.66074321875 0.39518284062500003 0.65608041875 0.3926301125 0.65372735625 0.3890067140625 0.65735075625 0.38665365 0.6481310140625001 0.381050153125 0.654275875 0.37663034375 0.65641165 0.3778851484375 0.65836604375 0.3769791953125 0.6552719515625001 0.3768420671875 0.6628363328125 0.370641825 0.6583852546875 0.36709301875 0.65577714375 0.35977162812499996 0.6460280984375 0.356658325 0.6482945109375 0.35089358593750003 0.6394356796875 0.3484900421875 0.636024003125 0.349847028125 0.631255340625 0.3477923375 0.6277378031249999 0.3496473625 0.6161024640625 0.3456125734375 0.6119064328125 0.34576175937500003 0.6053140140625 0.33759347812499996
4 0.8576827937499999 0.50211114375 0.8538043484375001 0.5007662140625 0.8439927640624999 0.5028450171875 0.8361300109375 0.500653196875 0.8077346609375 0.5117954 0.8018015234375 0.5152191312500001 0.7958491750000001 0.5285290421875 0.799092453125 0.532862203125 0.8259239953125 0.5437708234375 0.8627788437499999 0.5516045640625 0.8757903812500001 0.5491648515625001 0.879668828125 0.5505097796875 0.884394165625 0.5478704 0.8846684249999999 0.5416822156250001 0.8868723015625 0.541109584375 0.8894370875 0.54373690625 0.8940565625 0.5415955671875 0.8940324499999999 0.527015321875 0.8891146015625001 0.5207646 0.8848944578125 0.506333540625 0.8671767953125 0.5015264546875 0.8576827937499999 0.50211114375
4 0.555309034375 0.5924400015625 0.5471286953125001 0.5917422953125 0.509196021875 0.59877511875 0.5009098203125 0.5985754515624999 0.488576778125 0.602721003125 0.48442407187500003 0.6075642578125 0.463213378125 0.7269443109375 0.46019162500000005 0.77054791875 0.462992246875 0.786759409375 0.49687807656249994 0.7840718046874999 0.5082150421875 0.77971453125 0.52478744375 0.7801138625 0.5334970875 0.778321375 0.538540009375 0.77418788125 0.5337472359375 0.75755294375 0.5418168109375 0.7342822640625 0.5377891765625 0.7287413046875 0.5454160953125 0.7173489562500001 0.5403923859375 0.7115962734375 0.5434431546875 0.707039334375 0.5477450453125 0.7063921093750001 0.5488036593750001 0.701411725 0.5376543015624999 0.690192675 0.5512384703125 0.6899568390625 0.549352178125 0.6890353546875 0.5525521312499999 0.688674446875 0.547677609375 0.6871177937499999 0.553971653125 0.686894015625 0.5543517734375001 0.6802077921875 0.558759528125 0.6790625296874999 0.5570849578125 0.67714496875 0.562171203125 0.6777055421875 0.5553045265625001 0.6757254453125 0.5549436171875 0.672525490625 0.5585670171875 0.6701724296875 0.56301809375 0.6737212359375 0.5554296 0.6653412296875 0.552229646875 0.6657021390625 0.550555075 0.663784578125 0.5568875453125 0.6437884453125 0.552648190625 0.6392435625 0.5473502203125 0.639679065625 0.547898740625 0.6273026953125 0.5398867984375 0.62091484375 0.5349064140625 0.6198562296875 0.542364934375 0.614154028125 0.5502276890625 0.6163458484375 0.552960871875 0.613283025 0.543466871875 0.6138677125 0.5452039796875 0.6105931671875 0.55353559375 0.6105791734375 0.5569836031250001 0.5943575625 0.555309034375 0.5924400015625
4 0.6504799640625001 0.575710865625 0.6424054859375 0.574515121875 0.63238218125 0.577590003125 0.6165941359375 0.5783984703125 0.607249321875 0.5831791890625 0.598963121875 0.5829795234375 0.59921816875 0.586677515625 0.5934967546875 0.5891051703125 0.5910860578125 0.615140303125 0.5862548578125 0.61827771875 0.593059 0.6254499250000001 0.5919619625 0.6502026640625 0.59840519375 0.654174915625 0.599550459375 0.6585826671875 0.6053151984375 0.6608490796875001 0.6019035203125 0.6622060671875001 0.6083034281249999 0.6614842484375 0.6097662749999999 0.6643978859375 0.6137505828125 0.6652447765625 0.622652740625 0.6723423890625 0.6321467390625 0.6717577015625 0.646197678125 0.67422378125 0.66005610625 0.667799759375 0.6682364453125 0.668497465625 0.68014114375 0.641877646875 0.6810072453125 0.6280071609375 0.6871713171875 0.6137011734375 0.684774928125 0.60538370625 0.6867237578125 0.6011130812500001 0.6826335890624999 0.6007642296875 0.6719510015625 0.5922470953125 0.6700213828125 0.5866315421875 0.6662487984375 0.5847885749999999 0.6694487515625 0.584427665625 0.6561821671875 0.5831693859375 0.65724078125 0.5781890015625 0.653934965625 0.5790479484375 0.6504799640625001 0.575710865625
4 0.7257105390625 0.6723853203125 0.7075694296874999 0.6695703890625 0.69975 0.6720726390625 0.6916755218749999 0.67087689375 0.6851697531250001 0.67209675 0.6823981484375 0.694931928125 0.6857472859375 0.6987670500000001 0.7013669359375 0.703648728125 0.7083827984375 0.7098248578125 0.720335721875 0.7123655296875 0.7258887390625001 0.71562801875 0.7281359390625 0.71974945625 0.73144175625 0.718890509375 0.735214340625 0.7207334765625 0.7577824140625 0.7125169687499999 0.7642448578125001 0.70660304375 0.75955794375 0.68947006875 0.755467775 0.689121215625 0.7520127734375001 0.6857841328125 0.7528596640624999 0.6817998249999999 0.7452086328124999 0.678611928125 0.7257105390625 0.6723853203125
4 0.6213055562500001 0.7178635578125 0.6076780640624999 0.713405325 0.5929919546875 0.713927478125 0.588627528125 0.719766809375 0.5796002984374999 0.7230534125 0.5668871328125 0.7338851859375 0.564495646875 0.7500341421875001 0.56778225 0.7590613703125 0.5638412671874999 0.7629085484375 0.5690333734374999 0.7629710859375 0.5747355765625 0.77042960625 0.582915915625 0.7711273109375 0.5963508984375 0.7666954453125 0.6011195593750001 0.7687501343750001 0.630236728125 0.7640078406249999 0.6351112515625 0.765564490625 0.6460247734375 0.7631993718750001 0.6468716640625 0.7592150640625001 0.6549028156250001 0.7557167375 0.6561923640625 0.7398540984374999 0.6534783921875 0.7330307453125 0.6467175765625 0.730552609375 0.6531174828124999 0.7298307921875 0.6538585125 0.7263445234375 0.640548603125 0.7203921734375001 0.6353564953124999 0.7203296390625 0.6336819265625 0.7184120765625 0.6213055562500001 0.7178635578125
4 0.775729434375 0.27543432968750003 0.7644550031249999 0.27459949687499996 0.7562121281249999 0.2790939 0.744514253125 0.2802512203125 0.739769703125 0.292776775 0.7405781703125001 0.308564821875 0.74659795625 0.31452922656250004 0.7468530046875 0.31822721875000004 0.772520071875 0.33461426250000004 0.7772261984375 0.3418610609375 0.78477136875 0.3455469953125 0.801704678125 0.34914628125 0.8148846109375001 0.341016421875 0.8053423859375 0.31244061875 0.7802863734375001 0.27848509843749997 0.775729434375 0.27543432968750003