3 0.146484375 0.638671875 0.15185546875 0.6025390625 0.158203125 0.583984375 0.15966796875 0.568359375 0.15966796875 0.5400390625 0.15380859375 0.5048828125 0.1513671875 0.498046875 0.14306640625 0.4892578125 0.11083984375 0.4931640625 0.10107421875 0.5068359375 0.091796875 0.529296875 0.0771484375 0.5498046875 0.07568359375 0.5556640625 0.09716796875 0.5703125 0.142578125 0.640625 0.146484375 0.638671875
4 0.4833984375 0.255859375 0.48193359375 0.259765625 0.490234375 0.27734375 0.48974609375 0.283203125 0.49169921875 0.2802734375 0.49365234375 0.2861328125 0.5009765625 0.2890625 0.509765625 0.28515625 0.513671875 0.2822265625 0.5126953125 0.2783203125 0.525390625 0.2705078125 0.5322265625 0.2607421875 0.533203125 0.2392578125 0.53173828125 0.2333984375 0.5146484375 0.2041015625 0.5078125 0.1962890625 0.49462890625 0.193359375 0.4892578125 0.19921875 0.4814453125 0.2158203125 0.4794921875 0.232421875 0.48095703125 0.2353515625 0.48095703125 0.2509765625 0.4833984375 0.255859375
4 0.31396484375 0.3095703125 0.32080078125 0.310546875 0.33056640625 0.3076171875 0.32861328125 0.2890625 0.31396484375 0.2548828125 0.302734375 0.251953125 0.29931640625 0.2626953125 0.29833984375 0.271484375 0.3017578125 0.2900390625 0.31103515625 0.3056640625 0.31396484375 0.3095703125
4 0.4443359375 0.3291015625 0.44970703125 0.31640625 0.4560546875 0.310546875 0.45458984375 0.298828125 0.435546875 0.2578125 0.42724609375 0.251953125 0.419921875 0.2626953125 0.419921875 0.2978515625 0.427734375 0.330078125 0.431640625 0.33203125 0.4443359375 0.3291015625
4 0.486328125 0.15625 0.48583984375 0.1513671875 0.48193359375 0.1474609375 0.47802734375 0.13671875 0.46630859375 0.1318359375 0.4609375 0.1318359375 0.45703125 0.1357421875 0.4580078125 0.15234375 0.462890625 0.1650390625 0.47314453125 0.1650390625 0.486328125 0.15625
4 0.376953125 0.3798828125 0.3798828125 0.3759765625 0.37890625 0.35546875 0.3759765625 0.345703125 0.365234375 0.3447265625 0.36181640625 0.3515625 0.361328125 0.369140625 0.36474609375 0.376953125 0.36962890625 0.380859375 0.376953125 0.3798828125
4 0.2900390625 0.47265625 0.2900390625 0.486328125 0.2919921875 0.4951171875 0.29833984375 0.49609375 0.3017578125 0.5 0.3076171875 0.5 0.31005859375 0.49609375 0.31494140625 0.4951171875 0.31787109375 0.4736328125 0.31689453125 0.4619140625 0.31298828125 0.455078125 0.31103515625 0.443359375 0.3056640625 0.4306640625 0.29345703125 0.4248046875 0.28271484375 0.4365234375 0.2822265625 0.4443359375 0.28564453125 0.4541015625 0.28662109375 0.46484375 0.2900390625 0.47265625
4 0.60009765625 0.4541015625 0.61376953125 0.46875 0.62646484375 0.4580078125 0.623046875 0.43359375 0.6064453125 0.3837890625 0.60302734375 0.3798828125 0.5986328125 0.380859375 0.5927734375 0.3857421875 0.58935546875 0.3955078125 0.5888671875 0.4052734375 0.59228515625 0.4306640625 0.59619140625 0.4365234375 0.60009765625 0.4541015625
4 0.611328125 0.34375 0.61181640625 0.3271484375 0.60107421875 0.3046875 0.59130859375 0.298828125 0.58251953125 0.310546875 0.58251953125 0.322265625 0.59765625 0.3466796875 0.603515625 0.3505859375 0.611328125 0.34375
4 0.71142578125 0.498046875 0.72705078125 0.49609375 0.736328125 0.4912109375 0.74169921875 0.4814453125 0.736328125 0.45703125 0.73779296875 0.4306640625 0.73046875 0.408203125 0.73291015625 0.400390625 0.72998046875 0.392578125 0.72998046875 0.380859375 0.72509765625 0.369140625 0.716796875 0.3603515625 0.71044921875 0.357421875 0.70556640625 0.365234375 0.7041015625 0.3798828125 0.70556640625 0.384765625 0.701171875 0.4033203125 0.703125 0.408203125 0.70166015625 0.4130859375 0.693359375 0.4228515625 0.689453125 0.43359375 0.69189453125 0.439453125 0.6884765625 0.4619140625 0.69140625 0.494140625 0.71142578125 0.498046875
4 0.79248046875 0.4697265625 0.7978515625 0.443359375 0.798828125 0.4345703125 0.7958984375 0.4140625 0.787109375 0.3984375 0.7802734375 0.3994140625 0.7763671875 0.4111328125 0.77392578125 0.43359375 0.77490234375 0.4404296875 0.765625 0.4580078125 0.76611328125 0.4658203125 0.775390625 0.482421875 0.78759765625 0.4794921875 0.79248046875 0.4697265625
4 0.65869140625 0.494140625 0.66796875 0.494140625 0.6689453125 0.4912109375 0.67236328125 0.4931640625 0.6689453125 0.4892578125 0.669921875 0.4853515625 0.66552734375 0.474609375 0.662109375 0.474609375 0.6572265625 0.4609375 0.65283203125 0.45703125 0.64208984375 0.42578125 0.63427734375 0.42578125 0.630859375 0.421875 0.62646484375 0.4306640625 0.6259765625 0.4345703125 0.6337890625 0.4697265625 0.63427734375 0.4892578125 0.65869140625 0.494140625
4 0.35693359375 0.4853515625 0.36083984375 0.490234375 0.359375 0.4931640625 0.36376953125 0.49609375 0.3857421875 0.4951171875 0.39208984375 0.4912109375 0.39501953125 0.494140625 0.400390625 0.4912109375 0.40771484375 0.4951171875 0.435546875 0.494140625 0.4384765625 0.4912109375 0.44970703125 0.490234375 0.49609375 0.4921875 0.50537109375 0.4814453125 0.51416015625 0.482421875 0.515625 0.474609375 0.51806640625 0.482421875 0.51904296875 0.48046875 0.5146484375 0.46875 0.51171875 0.466796875 0.50927734375 0.443359375 0.498046875 0.421875 0.494140625 0.419921875 0.490234375 0.4287109375 0.4794921875 0.4287109375 0.478515625 0.431640625 0.47265625 0.4326171875 0.4677734375 0.4287109375 0.45458984375 0.4326171875 0.45068359375 0.423828125 0.44287109375 0.4287109375 0.4228515625 0.4296875 0.41943359375 0.42578125 0.4013671875 0.43359375 0.39599609375 0.431640625 0.390625 0.4345703125 0.38818359375 0.431640625 0.376953125 0.4423828125 0.36962890625 0.458984375 0.3623046875 0.4658203125 0.36328125 0.4736328125 0.35693359375 0.4775390625 0.3564453125 0.48046875 0.35693359375 0.4853515625
4 0.55859375 0.470703125 0.56103515625 0.484375 0.56689453125 0.490234375 0.572265625 0.4912109375 0.58154296875 0.482421875 0.5810546875 0.470703125 0.58251953125 0.4619140625 0.56884765625 0.43359375 0.556640625 0.4287109375 0.55078125 0.435546875 0.55126953125 0.443359375 0.54931640625 0.4501953125 0.5546875 0.4658203125 0.55859375 0.470703125
4 0.3203125 0.599609375 0.31787109375 0.6025390625 0.31884765625 0.607421875 0.31689453125 0.6103515625 0.3173828125 0.619140625 0.3232421875 0.6181640625 0.32421875 0.6279296875 0.33056640625 0.6318359375 0.3330078125 0.63671875 0.34033203125 0.630859375 0.33984375 0.6337890625 0.3410832328125 0.6321364171875 0.34033203125 0.6298828125 0.345703125 0.625 0.34912109375 0.634765625 0.35205078125 0.6318359375 0.35498046875 0.634765625 0.3564453125 0.6396484375 0.35546875 0.650390625 0.357421875 0.640625 0.361328125 0.6357421875 0.36279296875 0.638671875 0.36083984375 0.642578125 0.36279296875 0.646484375 0.359130859375 0.6484375 0.36083984375 0.650390625 0.35693359375 0.6533203125 0.357421875 0.6572265625 0.3623046875 0.650390625 0.3720703125 0.6484375 0.37451171875 0.654296875 0.37109375 0.658203125 0.373046875 0.65625 0.37255859375 0.658203125 0.37548828125 0.6611328125 0.37451171875 0.666015625 0.37890625 0.6689453125 0.38037109375 0.673828125 0.38427734375 0.669921875 0.400390625 0.689453125 0.42041015625 0.69140625 0.421875 0.6953125 0.43115234375 0.7021484375 0.43701171875 0.69921875 0.4384765625 0.6943359375 0.447265625 0.6875 0.46337890625 0.6875 0.470703125 0.69140625 0.4736328125 0.6884765625 0.474609375 0.68359375 0.47802734375 0.681640625 0.48291015625 0.6826171875 0.4853515625 0.6865234375 0.48974609375 0.681640625 0.49853515625 0.681640625 0.4931640625 0.673828125 0.498046875 0.6669921875 0.49609375 0.662109375 0.4970703125 0.6572265625 0.4931640625 0.6494140625 0.498046875 0.6416015625 0.49853515625 0.6337890625 0.49609375 0.6298828125 0.4990234375 0.6240234375 0.5029296875 0.6220703125 0.49658203125 0.615234375 0.49853515625 0.611328125 0.49853515625 0.6025390625 0.49609375 0.6005859375 0.49560546875 0.595703125 0.49365234375 0.5947265625 0.49462890625 0.591796875 0.4892578125 0.583984375 0.4912109375 0.5791015625 0.4892578125 0.576171875 0.490234375 0.5712890625 0.48828125 0.568359375 0.48828125 0.5556640625 0.486328125 0.548828125 0.48681640625 0.533203125 0.48876953125 0.529296875 0.478515625 0.5263671875 0.48046875 0.5205078125 0.474609375 0.513671875 0.439453125 0.5107421875 0.435546875 0.5146484375 0.40869140625 0.51953125 0.404296875 0.5166015625 0.3994140625 0.5185546875 0.3798828125 0.515625 0.3759765625 0.5185546875 0.37255859375 0.515625 0.34619140625 0.515625 0.3427734375 0.5185546875 0.34326171875 0.525390625 0.34130859375 0.52734375 0.32958984375 0.5263671875 0.32177734375 0.5322265625 0.31640625 0.53125 0.31005859375 0.5390625 0.30908203125 0.5556640625 0.3154296875 0.5634765625 0.3134765625 0.576171875 0.31982421875 0.583984375 0.31884765625 0.587890625 0.3203125 0.599609375
4 0.4287109375 0.87890625 0.43359375 0.884765625 0.447265625 0.8876953125 0.4501953125 0.8837890625 0.4482421875 0.880859375 0.44921875 0.87890625 0.455078125 0.8798828125 0.45849609375 0.8759765625 0.4580078125 0.8720703125 0.462890625 0.8603515625 0.462890625 0.82421875 0.4580078125 0.796875 0.45458984375 0.79296875 0.44091796875 0.7958984375 0.4365234375 0.80078125 0.42041015625 0.8251953125 0.4208984375 0.8330078125 0.4169921875 0.841796875 0.41748046875 0.845703125 0.4150390625 0.8544921875 0.416015625 0.8720703125 0.4287109375 0.87890625
4 0.58154296875 0.57421875 0.5849609375 0.5732421875 0.58251953125 0.58203125 0.5859375 0.580078125 0.58544921875 0.572265625 0.59228515625 0.56640625 0.59228515625 0.5712890625 0.5966796875 0.580078125 0.6083984375 0.58203125 0.60693359375 0.5869140625 0.6103515625 0.591796875 0.63037109375 0.58984375 0.6318359375 0.591796875 0.630859375 0.5947265625 0.63720703125 0.603515625 0.634765625 0.5986328125 0.6376953125 0.595703125 0.640625 0.5966796875 0.64111328125 0.603515625 0.6416015625 0.5986328125 0.64306640625 0.6005859375 0.64501953125 0.5966796875 0.6513671875 0.59765625 0.65283203125 0.591796875 0.6533203125 0.5966796875 0.654296875 0.59375 0.65478515625 0.595703125 0.65771484375 0.5830078125 0.666015625 0.595703125 0.6708984375 0.595703125 0.67236328125 0.591796875 0.67724609375 0.58984375 0.681640625 0.595703125 0.69384765625 0.5908203125 0.6982421875 0.595703125 0.7216796875 0.5927734375 0.736328125 0.6005859375 0.7412109375 0.5966796875 0.74462890625 0.5888671875 0.74755859375 0.5732421875 0.75390625 0.5634765625 0.76318359375 0.5322265625 0.74853515625 0.5263671875 0.70703125 0.5205078125 0.5908203125 0.5166015625 0.58544921875 0.51953125 0.5791015625 0.5302734375 0.57763671875 0.5380859375 0.5634765625 0.572265625 0.5625 0.580078125 0.56396484375 0.58203125 0.5798686515625 0.58203125 0.58154296875 0.57421875
4 0.53369140625 0.6728515625 0.5322265625 0.685546875 0.533203125 0.6826171875 0.5341796875 0.6865234375 0.5390625 0.689453125 0.544921875 0.701171875 0.54443359375 0.705078125 0.548828125 0.7041015625 0.55615234375 0.7080078125 0.57080078125 0.705078125 0.583984375 0.70703125 0.611328125 0.701171875 0.6123046875 0.693359375 0.62109375 0.681640625 0.62158203125 0.66796875 0.6240234375 0.6591796875 0.619140625 0.6494140625 0.619140625 0.6455078125 0.61669921875 0.6435546875 0.61865234375 0.6376953125 0.61669921875 0.640625 0.61572265625 0.634765625 0.61181640625 0.6328125 0.609375 0.6259765625 0.5859375 0.6220703125 0.58056640625 0.6142578125 0.57666015625 0.6181640625 0.5517578125 0.615234375 0.54833984375 0.6201171875 0.544921875 0.619140625 0.54345703125 0.626953125 0.537109375 0.634765625 0.533203125 0.6494140625 0.5283203125 0.658203125 0.52783203125 0.666015625 0.5302734375 0.669921875 0.52880859375 0.6728515625 0.53369140625 0.6728515625
4 0.61083984375 0.783203125 0.61328125 0.787109375 0.61279296875 0.791015625 0.6279296875 0.798828125 0.634765625 0.7939453125 0.64697265625 0.7744140625 0.64599609375 0.7705078125 0.6474609375 0.767578125 0.64404296875 0.7646484375 0.64208984375 0.7587890625 0.64208984375 0.7470703125 0.6376953125 0.7392578125 0.63623046875 0.7236328125 0.63330078125 0.7197265625 0.611328125 0.7177734375 0.60888671875 0.7236328125 0.6083984375 0.7314453125 0.6044921875 0.73828125 0.603515625 0.755859375 0.60546875 0.775390625 0.60693359375 0.783203125 0.61083984375 0.783203125
4 0.66552734375 0.685546875 0.66845703125 0.69921875 0.671875 0.69921875 0.673828125 0.693359375 0.6748046875 0.7001953125 0.6806640625 0.7041015625 0.69580078125 0.7060546875 0.70068359375 0.69921875 0.70458984375 0.69921875 0.708984375 0.689453125 0.70849609375 0.6845703125 0.71875 0.658203125 0.7177734375 0.6533203125 0.724609375 0.6416015625 0.7255859375 0.6337890625 0.7197265625 0.626953125 0.720703125 0.6220703125 0.71630859375 0.625 0.70849609375 0.6201171875 0.69287109375 0.619140625 0.68017578125 0.62890625 0.67529296875 0.63671875 0.6689453125 0.6396484375 0.66552734375 0.6533203125 0.6669921875 0.6669921875 0.6650390625 0.6787109375 0.66650390625 0.6806640625 0.66552734375 0.685546875
4 0.27490234375 0.7734375 0.28515625 0.7626953125 0.28515625 0.74609375 0.283203125 0.73828125 0.27734375 0.732421875 0.26708984375 0.705078125 0.263671875 0.7041015625 0.25927734375 0.697265625 0.24462890625 0.693359375 0.23193359375 0.6953125 0.228515625 0.7060546875 0.22265625 0.712890625 0.22119140625 0.7236328125 0.22314453125 0.728515625 0.25 0.7587890625 0.27490234375 0.7734375