0 0.7327432375 0.570758421875 0.7156164546875 0.5755497734375 0.700948034375 0.5847999749999999 0.695355390625 0.5953256953125 0.6937419140625 0.61412318125 0.7001630921875 0.6196531390625 0.7279900203125 0.6338473359375 0.74707913125 0.6370443046875 0.774290109375 0.63367019375 0.764827321875 0.620514403125 0.780291575 0.612918553125 0.7960937890625 0.5956009953125 0.7993697953125001 0.5796080046875 0.7787762296875 0.57979878125 0.769700453125 0.5785232640625 0.7580954531249999 0.57329310625 0.7327432375 0.570758421875
4 0.6675993515624999 0.485506059375 0.6596900703124999 0.49056450937499996 0.6376629125 0.49363881875000004 0.626161475 0.5023057750000001 0.625910728125 0.5187239359375 0.648624696875 0.532713721875 0.6646885484375 0.5354855187500001 0.6703138937500001 0.5393611203125 0.6788064234375 0.53746965625 0.69602041875 0.53937475625 0.709555046875 0.5381919109375 0.7267526906249999 0.53289635 0.7258696453125 0.5245455453125001 0.7189360812500001 0.5153443953125 0.6897300734375 0.49632886249999997 0.6675993515624999 0.485506059375
4 0.535152990625 0.4108475359375 0.5453952609375 0.41845701875 0.5629090546875 0.42554594218749997 0.5810606093749999 0.42809697656249995 0.60013336875 0.42409328281249997 0.6102720765625 0.417805653125 0.614501990625 0.409659259375 0.60185586875 0.3898860546875 0.5708783093750001 0.38347576562499996 0.5546018703125 0.3822165984375 0.53892503125 0.3913250765625 0.5329944265625 0.41157250625 0.535152990625 0.4108475359375
4 0.298092625 0.34153905625 0.30430121875 0.3485816421875 0.331599409375 0.3519039859375 0.3757954484375 0.3447469421875 0.3814753046875 0.340917675 0.3787171421875 0.33127500312499997 0.36905812031249996 0.3268325015625 0.3491023125 0.322485390625 0.3328967375 0.3207220140625 0.31518670625 0.3223463828125 0.2995807296875 0.33095065 0.298092625 0.34153905625
4 0.42001326875 0.41060493749999993 0.40027004843749997 0.40474519375 0.37658036250000004 0.4050150078125 0.370475334375 0.41186953437499996 0.3725957359375 0.42605009687499995 0.40392760625 0.42993933437500004 0.42025855625 0.42349362968750004 0.42001326875 0.41060493749999993
4 0.238470440625 0.5316288703125001 0.2382360421875 0.5552476953125 0.25323696406249996 0.5655826375 0.2613751828125 0.5662122218750001 0.29369912187499997 0.563042521875 0.31305533125 0.5570219890625 0.30022932343750003 0.5531627375 0.2908537484375 0.546703396875 0.287599553125 0.5405901937500001 0.2691482015625 0.5328553375 0.241779146875 0.5300372046875 0.238470440625 0.5316288703125001
4 0.24117949374999997 0.7099120171875 0.232387165625 0.7066196609375 0.20804337031250003 0.7042267015625 0.205230696875 0.7022888984375 0.1968798921875 0.7031719453124999 0.191499834375 0.712185034375 0.194274346875 0.7290283703125 0.2055959 0.7362753671875 0.20322475 0.7385129671875 0.2077708140625 0.7427510578125001 0.214617165625 0.74525575625 0.22355121718749998 0.7475396921875 0.231902021875 0.746656646875 0.23773995312500001 0.749019621875 0.25725423593749996 0.74919133125 0.26978044375 0.7478667609375 0.280927571875 0.74172085625 0.28257374999999996 0.7373246906250001 0.27786961093749996 0.726894359375 0.2589603859375 0.7077834390625 0.24117949374999997 0.7099120171875
4 0.370229909375 0.874586984375 0.37808467968750004 0.8772334078125 0.3868606578125 0.8733251031249999 0.3998665484375 0.861270403125 0.38889930625 0.8515023562499999 0.35949706406250004 0.8412001140625 0.3493420046875 0.8402870828125 0.3406368890625 0.843691178125 0.33992826875 0.8487332765625 0.356024821875 0.8659063953125001 0.370229909375 0.874586984375
4 0.45744457031249997 0.9125526468749999 0.48596376875 0.914504084375 0.49307721718749997 0.90779128125 0.48685227500000006 0.893548034375 0.47848511875 0.88723041875 0.46558825 0.8838753765625 0.45577115 0.8732406328125 0.44685345 0.8781573578125 0.4443024140625 0.8963089109375 0.4474148875 0.9034305359375001 0.45744457031249997 0.9125526468749999
4 0.5002616375 0.52008935625 0.5009320984375 0.529952790625 0.53718069375 0.5427597296875 0.594268140625 0.5682645875000001 0.6091818484375 0.5719030796875 0.6114112734375 0.570673896875 0.6128121656250001 0.5533890390625 0.6006947796875 0.5444876890625 0.587939634375 0.540124225 0.58597730625 0.5321359078125 0.5727097765625 0.5241012515625 0.541803078125 0.5171867546875 0.5093210640625 0.5141642109375 0.5002616375 0.52008935625
4 0.7934337593749999 0.5340410624999999 0.8192274968750001 0.5407511484375 0.8254742515625001 0.5328882015625 0.8312794796875 0.520849853125 0.8226506859375 0.494442884375 0.8176958015625001 0.5004307140625001 0.804444621875 0.49959672031249996 0.7903430984375001 0.5048132437499999 0.7806459125 0.5152762765625 0.782679103125 0.5227603859375 0.7934337593749999 0.5340410624999999
4 0.753516715625 0.4595324640625 0.7656722625 0.4535282828125 0.7629849625 0.4433814 0.747984040625 0.43304645624999993 0.737174875 0.429470653125 0.7224192406250001 0.43202440312499996 0.7151640671874999 0.43974562500000003 0.7198682062499999 0.45017595625 0.7301813390625 0.457281228125 0.753516715625 0.4595324640625