0 0.4208984375 0.7744140625 0.439453125 0.787109375 0.455078125 0.7880859375 0.4521484375 0.7685546875 0.4521484375 0.759765625 0.45556640625 0.748046875 0.45458984375 0.7236328125 0.44775390625 0.7080078125 0.43701171875 0.6953125 0.42626953125 0.69140625 0.408203125 0.6923828125 0.40380859375 0.69921875 0.39404296875 0.7275390625 0.3935546875 0.74609375 0.400390625 0.771484375 0.41162109375 0.7607421875 0.4208984375 0.7744140625
4 0.4794921875 0.6845703125 0.482421875 0.697265625 0.48974609375 0.712890625 0.49755859375 0.7109375 0.50537109375 0.703125 0.51953125 0.6728515625 0.52685546875 0.650390625 0.52099609375 0.6435546875 0.51513671875 0.623046875 0.50537109375 0.61328125 0.48974609375 0.615234375 0.4794921875 0.638671875 0.47900390625 0.654296875 0.47607421875 0.66015625 0.47900390625 0.66796875 0.4794921875 0.6845703125
4 0.591796875 0.58984375 0.60888671875 0.5751953125 0.61083984375 0.544921875 0.60986328125 0.529296875 0.59912109375 0.515625 0.5791015625 0.5126953125 0.580078125 0.5146484375 0.57421875 0.525390625 0.56982421875 0.54296875 0.56982421875 0.560546875 0.576171875 0.578125 0.58349609375 0.5869140625 0.591796875 0.58984375
4 0.634765625 0.35546875 0.6376953125 0.345703125 0.63916015625 0.326171875 0.638671875 0.310546875 0.634765625 0.2939453125 0.62451171875 0.2802734375 0.6142578125 0.2802734375 0.6083984375 0.287109375 0.60888671875 0.3134765625 0.62158203125 0.3544921875 0.6259765625 0.359375 0.634765625 0.35546875
4 0.56787109375 0.3857421875 0.564453125 0.36328125 0.55712890625 0.3583984375 0.5439453125 0.3623046875 0.54443359375 0.392578125 0.552734375 0.4072265625 0.56494140625 0.4052734375 0.56787109375 0.3857421875
4 0.41162109375 0.3232421875 0.41357421875 0.310546875 0.41845703125 0.30078125 0.423828125 0.296875 0.4287109375 0.2783203125 0.427734375 0.251953125 0.42578125 0.2490234375 0.4033203125 0.251953125 0.3955078125 0.267578125 0.39599609375 0.275390625 0.4033203125 0.3056640625 0.41162109375 0.3232421875
4 0.2216796875 0.2958984375 0.224609375 0.3076171875 0.23193359375 0.3173828125 0.236328125 0.318359375 0.24560546875 0.3125 0.26123046875 0.2919921875 0.2568359375 0.275390625 0.2587890625 0.2666015625 0.2578125 0.2431640625 0.25927734375 0.240234375 0.25732421875 0.232421875 0.248046875 0.228515625 0.232421875 0.2333984375 0.22705078125 0.2451171875 0.224609375 0.2431640625 0.22119140625 0.248046875 0.2197265625 0.2548828125 0.21875 0.263671875 0.220703125 0.271484375 0.21923828125 0.27734375 0.2216796875 0.2958984375
4 0.14208984375 0.4345703125 0.14794921875 0.4052734375 0.1474609375 0.3955078125 0.14306640625 0.3876953125 0.13818359375 0.3876953125 0.1240234375 0.4052734375 0.11767578125 0.419921875 0.1162109375 0.427734375 0.12109375 0.435546875 0.13427734375 0.4462890625 0.14208984375 0.4345703125
4 0.1201171875 0.5244140625 0.12158203125 0.51171875 0.13037109375 0.5009765625 0.12451171875 0.4931640625 0.10693359375 0.4931640625 0.1005859375 0.4970703125 0.09326171875 0.5078125 0.09521484375 0.53515625 0.1025390625 0.541015625 0.115234375 0.533203125 0.1201171875 0.5244140625
4 0.4619140625 0.5947265625 0.46435546875 0.58203125 0.4716796875 0.5791015625 0.4775390625 0.5654296875 0.47998046875 0.53515625 0.478515625 0.50390625 0.4716796875 0.49609375 0.46240234375 0.498046875 0.455078125 0.5341796875 0.4384765625 0.591796875 0.43701171875 0.6064453125 0.4384765625 0.6083984375 0.455078125 0.607421875 0.4619140625 0.5947265625
4 0.5390625 0.798828125 0.53271484375 0.794921875 0.53173828125 0.7822265625 0.52490234375 0.76953125 0.513671875 0.76171875 0.5068359375 0.7646484375 0.49755859375 0.7763671875 0.49462890625 0.8017578125 0.5029296875 0.806640625 0.51513671875 0.810546875 0.5390625 0.798828125
4 0.58740234375 0.7197265625 0.58935546875 0.708984375 0.5849609375 0.6953125 0.57666015625 0.689453125 0.5673828125 0.6953125 0.56201171875 0.7060546875 0.56298828125 0.728515625 0.5703125 0.7392578125 0.57958984375 0.7353515625 0.58740234375 0.7197265625