0 0.7682847374999999 0.463153340625 0.752865884375 0.47380176875 0.741425696875 0.4880489953125 0.7394647421875 0.5004536468749999 0.7443055078125 0.51973400625 0.75259953125 0.52304050625 0.7851910328125 0.5276357968750001 0.8053051109375 0.5242725390625 0.8312564453125001 0.5115768046875 0.8173163140625 0.5017164890625 0.8301168453125 0.488844403125 0.8399191859374999 0.46617119218749997 0.8376967453124999 0.449114490625 0.817245975 0.45636884999999994 0.80776674375 0.458211425 0.794411209375 0.45698182656249997 0.7682847374999999 0.463153340625
4 0.6741410640625001 0.4005677859375 0.6679967109375 0.40832038906249996 0.6471068875 0.418939221875 0.6386217140625 0.431519009375 0.6440039 0.44796151718750005 0.671431525 0.454107084375 0.6883858593750001 0.45135801875 0.695319540625 0.45328937812500003 0.70313133125 0.4484917890625 0.720934184375 0.4444847421875 0.7340122171875 0.4386634984375 0.7493287046875 0.4274884484375 0.7455843640625 0.41947192656250004 0.7355205328125 0.4126837859375 0.69990125 0.40375834062499993 0.6741410640625001 0.4005677859375
4 0.5165817640625 0.3716233328125 0.5293958765625 0.3756907828125 0.5492756296875 0.376745246875 0.56823409375 0.3730600953125 0.585861809375 0.36252883125 0.5938055609374999 0.35278689375 0.59522509375 0.3432200921875 0.5758435875 0.3278592125 0.5427834359375 0.3320993671875 0.5261361984375 0.3364283078125 0.5136427625 0.35088026562499997 0.514679996875 0.3730860421875 0.5165817640625 0.3716233328125
4 0.2566366578125 0.38389501406250004 0.265237778125 0.3887813875 0.293573109375 0.3827270359375 0.335148028125 0.36043612187499996 0.33949297968750003 0.3546728515625 0.33343741250000003 0.3460125421875 0.3222907390625 0.3449001046875 0.3009186828125 0.347414846875 0.2841690796875 0.3512171625 0.2670827859375 0.358910575 0.254486984375 0.372835909375 0.2566366578125 0.38389501406250004
4 0.40179130625 0.41087851249999996 0.38011215468750004 0.4118133828125 0.3566040046875 0.42020855625 0.3528732453125 0.429131571875 0.3598501015625 0.44253149687500004 0.3923984265625 0.4356582203125 0.4064569359375 0.42363465156249996 0.40179130625 0.41087851249999996
4 0.262445740625 0.5937232703124999 0.270314290625 0.6173337828125 0.2888041046875 0.6224840765625 0.2971277234375 0.6203196078125 0.3282429328125 0.6060735953124999 0.3454611875 0.5934358343749999 0.3313595015625 0.5939908375 0.31980336875000004 0.590771903125 0.31446435625 0.5857979624999999 0.293428990625 0.5844216062500001 0.26519602343750004 0.5910025812499999 0.262445740625 0.5937232703124999
4 0.3263018453125 0.7704074546874999 0.31641315312499996 0.7701435328125 0.2913399296875 0.77611031875 0.2878730890625 0.7751446390625001 0.2798565671875 0.7788889796875 0.27758851562500003 0.789713759375 0.286130446875 0.805542075 0.2998954421875 0.8088781703125001 0.2983007734375 0.8119207515625 0.30428357031250003 0.8145834671875001 0.3119634015625 0.8147302234374999 0.32164736562499996 0.813940896875 0.3296638890625 0.8101965546875001 0.33629047343749996 0.8105480421875001 0.355790359375 0.8040250390624999 0.36781514375 0.7984085265624999 0.37681214375 0.7884618609375 0.3769441046875 0.7835175140625 0.368679675 0.774740040625 0.343285775 0.7621874156249999 0.3263018453125 0.7704074546874999
4 0.5113566796875 0.890195159375 0.5200897609374999 0.8901371875 0.527492090625 0.8832331015625 0.5363139546875 0.8667622140625 0.522037134375 0.8607929984375 0.4892113078125 0.86061543125 0.47878119375 0.8631893609375 0.47127649531250004 0.8695668234375 0.47230014843749996 0.8748330640624999 0.494227209375 0.886420009375 0.5113566796875 0.890195159375
4 0.611267271875 0.8981006 0.6403487546875 0.8902616453125001 0.6451327640625 0.8811339015625 0.6340452796875 0.8690795203125001 0.62354239375 0.8656558578125001 0.6095430734375 0.866737484375 0.5961147703125 0.8595102906250001 0.58891716875 0.8674676234375 0.5926023203125 0.8864260875 0.5981460640625 0.8924532781250001 0.611267271875 0.8981006
4 0.5192951546875 0.49242375000000005 0.52334659375 0.50202014375 0.5638522515625 0.5023444687499999 0.6294743078125 0.5081705750000001 0.6455801250000001 0.5066794875 0.6473795234375 0.5046901546875 0.6428458546875 0.4869896671875 0.6277205140625 0.48227842968749995 0.6135164640624999 0.482306809375 0.608821240625 0.4750216421875 0.5928473828125 0.4715683828125 0.559684865625 0.47528191406250003 0.5262880265625001 0.48341316718750005 0.5192951546875 0.49242375000000005
4 0.8161519828125 0.40575497031249996 0.8441506249999999 0.403591715625 0.8476766546875 0.39361545468750003 0.8493305124999999 0.37963093125 0.831675634375 0.356283121875 0.8287933921875 0.3639481578125 0.8153058968750001 0.3676629046875 0.8030467874999999 0.3776971390625 0.79697520625 0.3914473375 0.8015680656249999 0.39820588125 0.8161519828125 0.40575497031249996
4 0.7508258734375 0.345219153125 0.760876121875 0.3350677546875 0.7547181875 0.325880821875 0.7362283734374999 0.320730528125 0.7242331828124999 0.32087606874999997 0.7104089984375 0.328481915625 0.705829721875 0.33866290781249997 0.71409415 0.34744038125 0.7268058984375 0.3509812078125 0.7508258734375 0.345219153125