3 0.3575291578125 0.6235018906249999 0.3693621828125 0.6016490421875 0.3713810796875 0.593027778125 0.3683620296875 0.570551053125 0.36329604375 0.5596830609375 0.353622096875 0.5579772828125 0.3389990328125 0.5673685093749999 0.33322506406249996 0.5803150109375 0.3267431078125 0.6170760093750001 0.32566356875 0.6288553218749999 0.3277993328125 0.6421990515625 0.32478500625 0.653637209375 0.32777365937499997 0.6621439671875 0.3322975140625 0.661944171875 0.335085190625 0.6574483546875001 0.338440675 0.6440754078125 0.34836930625 0.6358513718750001 0.3575291578125 0.6235018906249999
4 0.5105950203125 0.7821578515625001 0.5078634140625 0.7806787234375 0.4972220734375 0.77880236875 0.489284303125 0.7813926140625 0.48439125625 0.7865146703125 0.4758015734375 0.8069444640625001 0.47355602656249995 0.8225080671875 0.4758343328125 0.8378718765625001 0.47916414218750003 0.84444384375 0.49313529218749996 0.8528921671875 0.506136684375 0.8442124703125 0.5151820328125 0.8268554390625 0.5143267812500001 0.8147349703125 0.5170279890625 0.802244128125 0.5166003640625 0.79618389375 0.5105950203125 0.7821578515625001
4 0.65659161875 0.4378388375 0.65443018125 0.44444002187500004 0.6550587796875 0.46350283125 0.659783609375 0.4763056109375 0.67142038125 0.47536507187500004 0.6825430578125 0.46036927343749995 0.6840782578125 0.451662721875 0.6819962046875 0.4153866046875 0.668908340625 0.4160712765625 0.661227615625 0.4256891515625 0.65659161875 0.4378388375
4 0.8856280546875 0.417378340625 0.884859271875 0.413252896875 0.8871912890625 0.40568431718750003 0.8907757843749999 0.4023264703125 0.8908879296875 0.3903765796875 0.8823776296875 0.3679290703125 0.8734701015624999 0.3533912953125 0.8665557968750001 0.350177171875 0.8639386968749999 0.353705596875 0.86356950625 0.3586278578125 0.8585058828125 0.364717309375 0.8556036984375 0.36420557656249997 0.847752396875 0.37479084375 0.846387775 0.38253000312499996 0.8504022578124999 0.402189834375 0.8591976406249999 0.42867749999999993 0.8655721749999999 0.4377812796875 0.871860240625 0.43889003437499996 0.8751316156250001 0.43447950625000004 0.8798260484375 0.4333123171875 0.885714525 0.42537336562499994 0.8839783484374999 0.42107734218750004 0.8856280546875 0.417378340625
4 0.564747865625 0.6390932265625 0.557749453125 0.644841521875 0.5552748953125 0.6503900234375 0.552176459375 0.6707906 0.5555927374999999 0.6853575921874999 0.5623364640624999 0.689539109375 0.5676851703125 0.6874898140625 0.5729193718750001 0.68043296875 0.5768426609375 0.6581828921875 0.5796303390624999 0.6536870734375 0.578405896875 0.6464888656250001 0.564747865625 0.6390932265625
4 0.4060272625 0.5323062046875 0.4144463703125 0.5128438046875 0.41600960468750003 0.50114978125 0.406534271875 0.4954891359375 0.37896352499999997 0.49062766875 0.373103084375 0.49557914687500004 0.37074303125 0.5061352 0.372764290625 0.5144713796875 0.3686704234375 0.5376888515625 0.3788865015625 0.5504624140625001 0.383723475 0.551315303125 0.3920024015625 0.5467902703124999 0.39487655 0.550289475 0.3976361921875 0.5487811296875 0.40466264062499996 0.5400453625 0.4060272625 0.5323062046875
4 0.356891415625 0.7430860953125 0.350234159375 0.7468996 0.3467922046875 0.7522775234375 0.3424156171875 0.7884122812500001 0.3434414453125 0.7995653546875 0.34679929062500003 0.8031498515625 0.3668271328125 0.7857343859375 0.37666929531250004 0.7695153265625 0.3746480359375 0.761179146875 0.375358384375 0.7543220953125 0.3714888046875 0.753639784375 0.3660816640625 0.744706584375 0.356891415625 0.7430860953125
4 0.47476393593750005 0.7110041781249999 0.4693544328125 0.6851135328125 0.46440295468750004 0.67925309375 0.4573180734375 0.6770063656249999 0.4537335765625 0.6803642109375 0.44594071093750004 0.7019319765625001 0.44824705312499996 0.7143083125 0.4460038671875 0.7468293578125 0.45010245624999995 0.7575267703125 0.45459827500000005 0.76031445 0.46284916562499995 0.7587768875 0.464811990625 0.7561305703125 0.46720007968750005 0.7425870453125001 0.47294601406250003 0.732628015625 0.47476393593750005 0.7110041781249999
4 0.43010470781250004 0.582435425 0.43676196406249995 0.5786219171875 0.44535165 0.5581921249999999 0.4466578375 0.539470471875 0.43464951249999995 0.52837583125 0.424153075 0.5454769953125 0.41681586875 0.5701175234375 0.4159349453125 0.57794196875 0.43010470781250004 0.582435425
4 0.5274096171875 0.57365863125 0.52422235 0.569106740625 0.516824346875 0.5658073296875 0.5105082453125 0.567686046875 0.5055567671875 0.56182560625 0.497504490625 0.5594083015625 0.48672296875 0.572469309375 0.475516184375 0.5964275265625 0.4741515625 0.604166684375 0.48120840937500003 0.6094008843750001 0.4899149609375 0.610936084375 0.49384061093750004 0.60564345 0.49753961249999995 0.60729315625 0.5032294734375 0.6033090703124999 0.517569815625 0.6068351328125 0.5232877125 0.599863575 0.5276666640625 0.5806862609375 0.5274096171875 0.57365863125
4 0.6097314125 0.4405483109375 0.61812484375 0.441030828125 0.6254363765625001 0.43633521562500005 0.627824465625 0.422791690625 0.62426564375 0.406204621875 0.6175219171874999 0.402023103125 0.6117759828125 0.4119821328125 0.6073689984375 0.43414692187500004 0.6097314125 0.4405483109375
4 0.7531118234374999 0.7191880625 0.745713821875 0.7158886515625 0.7352734562500001 0.727014871875 0.7293569453125001 0.7379412953125 0.727508625 0.7455951640625 0.7268567125 0.7634347125 0.7242396125 0.7669631359375 0.72486585 0.769068503125 0.726686134375 0.7644021078125001 0.727454915625 0.768527553125 0.74159428125 0.7590510375 0.7548783968749999 0.73745405625 0.756413596875 0.7287475046874999 0.7531118234374999 0.7191880625
4 0.908880646875 0.46935706250000003 0.9112687359375 0.4558135375 0.9085932015625 0.44835946406250005 0.9001717328125001 0.45086442031249996 0.8927737312499999 0.44756500781249997 0.8894439234375 0.440993040625 0.8805107203125001 0.44640018125 0.8718065312500001 0.4618224234375 0.8720916140625 0.46586257968749994 0.8688202374999999 0.4702731078125 0.8713251953125001 0.47869457656250003 0.8703297640625 0.48151147187500004 0.872152409375 0.49380251875000003 0.8913016890625001 0.5011689421875001 0.895199303125 0.49886377968750006 0.9032211828125 0.48731111718750003 0.904272684375 0.47851927656250004 0.908880646875 0.46935706250000003