3 0.3564453125 0.681640625 0.36083984375 0.689453125 0.365234375 0.6884765625 0.3671875 0.68359375 0.3681640625 0.669921875 0.37646484375 0.66015625 0.38330078125 0.646484375 0.39111328125 0.623046875 0.3916015625 0.6142578125 0.384765625 0.5927734375 0.3779296875 0.5830078125 0.3681640625 0.5830078125 0.35546875 0.5947265625 0.35205078125 0.6083984375 0.35205078125 0.6455078125 0.35302734375 0.6572265625 0.357421875 0.669921875 0.3564453125 0.681640625
4 0.5556640625 0.84765625 0.56689453125 0.8369140625 0.57275390625 0.818359375 0.56982421875 0.806640625 0.5703125 0.7939453125 0.56884765625 0.7880859375 0.560546875 0.775390625 0.5576171875 0.7744140625 0.546875 0.7744140625 0.53955078125 0.7783203125 0.53564453125 0.7841796875 0.53076171875 0.8056640625 0.53125 0.8212890625 0.5361328125 0.8359375 0.54052734375 0.841796875 0.5556640625 0.84765625
4 0.6650390625 0.447265625 0.67333984375 0.4306640625 0.67333984375 0.421875 0.6650390625 0.38671875 0.65234375 0.3896484375 0.646484375 0.400390625 0.64404296875 0.4130859375 0.64306640625 0.419921875 0.64697265625 0.4384765625 0.65380859375 0.4501953125 0.6650390625 0.447265625
4 0.8486328125 0.376953125 0.85498046875 0.376953125 0.857421875 0.3720703125 0.86181640625 0.3701171875 0.8662109375 0.361328125 0.86376953125 0.357421875 0.86474609375 0.353515625 0.86328125 0.349609375 0.8642578125 0.341796875 0.8671875 0.337890625 0.865234375 0.326171875 0.85302734375 0.3056640625 0.841796875 0.29296875 0.83447265625 0.291015625 0.83251953125 0.294921875 0.8330078125 0.2998046875 0.8291015625 0.306640625 0.826171875 0.306640625 0.8203125 0.318359375 0.8203125 0.326171875 0.82763671875 0.3447265625 0.8408203125 0.369140625 0.8486328125 0.376953125
4 0.59521484375 0.67578125 0.60009765625 0.6728515625 0.60400390625 0.6650390625 0.60400390625 0.642578125 0.60595703125 0.6376953125 0.603515625 0.630859375 0.5888671875 0.6259765625 0.5830078125 0.6328125 0.58154296875 0.638671875 0.58203125 0.6591796875 0.587890625 0.6728515625 0.59521484375 0.67578125
4 0.3916015625 0.5712890625 0.396484375 0.5712890625 0.40380859375 0.5654296875 0.4072265625 0.568359375 0.40966796875 0.56640625 0.4150390625 0.556640625 0.4150390625 0.548828125 0.419921875 0.5283203125 0.41943359375 0.5166015625 0.4091796875 0.5126953125 0.38134765625 0.5126953125 0.37646484375 0.5185546875 0.3759765625 0.529296875 0.37939453125 0.537109375 0.37939453125 0.560546875 0.3916015625 0.5712890625
4 0.42041015625 0.8037109375 0.42724609375 0.7861328125 0.423828125 0.7783203125 0.42333984375 0.771484375 0.41943359375 0.771484375 0.41259765625 0.763671875 0.4033203125 0.763671875 0.3974609375 0.7685546875 0.39501953125 0.7744140625 0.39697265625 0.810546875 0.39990234375 0.8212890625 0.40380859375 0.82421875 0.42041015625 0.8037109375
4 0.4970703125 0.76171875 0.501953125 0.763671875 0.509765625 0.7607421875 0.51123046875 0.7578125 0.51123046875 0.744140625 0.51513671875 0.7333984375 0.51318359375 0.7119140625 0.50341796875 0.6875 0.49755859375 0.6826171875 0.490234375 0.681640625 0.4873046875 0.685546875 0.4833984375 0.7080078125 0.48779296875 0.7197265625 0.4912109375 0.751953125 0.4970703125 0.76171875
4 0.4580078125 0.5673828125 0.4560546875 0.548828125 0.4423828125 0.5400390625 0.43505859375 0.55859375 0.43212890625 0.583984375 0.4326171875 0.591796875 0.447265625 0.59375 0.453125 0.5888671875 0.4580078125 0.5673828125
4 0.513671875 0.60546875 0.517578125 0.6064453125 0.5224609375 0.6015625 0.537109375 0.6025390625 0.54150390625 0.5947265625 0.54248046875 0.5751953125 0.541015625 0.568359375 0.537109375 0.564453125 0.529296875 0.5625 0.5234375 0.5654296875 0.517578125 0.560546875 0.50927734375 0.5595703125 0.5009765625 0.57421875 0.494140625 0.599609375 0.494140625 0.607421875 0.501953125 0.611328125 0.5107421875 0.611328125 0.513671875 0.60546875
4 0.61328125 0.4169921875 0.61328125 0.4033203125 0.60693359375 0.3876953125 0.599609375 0.384765625 0.595703125 0.3955078125 0.59521484375 0.41796875 0.5986328125 0.423828125 0.60693359375 0.4228515625 0.61328125 0.4169921875
4 0.76806640625 0.7255859375 0.76904296875 0.720703125 0.7705078125 0.724609375 0.78271484375 0.712890625 0.7919921875 0.689453125 0.7919921875 0.6806640625 0.787109375 0.671875 0.779296875 0.669921875 0.77099609375 0.6826171875 0.76708984375 0.6943359375 0.7666015625 0.7021484375 0.76904296875 0.7197265625 0.76708984375 0.7236328125 0.76806640625 0.7255859375
4 0.86083984375 0.4189453125 0.86474609375 0.4306640625 0.884765625 0.4345703125 0.88818359375 0.431640625 0.89404296875 0.4189453125 0.8935546875 0.41015625 0.896484375 0.400390625 0.896484375 0.38671875 0.892578125 0.3798828125 0.884765625 0.3837890625 0.876953125 0.3818359375 0.87255859375 0.3759765625 0.86474609375 0.3828125 0.85888671875 0.3994140625 0.85986328125 0.4033203125 0.857421875 0.408203125 0.861328125 0.416015625 0.86083984375 0.4189453125