3 0.341061709375 0.6386991 0.3784682296875 0.6419717453125 0.3925507109375 0.6397355203124999 0.4054817796875 0.627984653125 0.40634215156250003 0.61815055 0.3971005921875 0.6104054546875 0.3760464453125 0.6016268921875 0.3671439890625 0.601343496875 0.3428305203125 0.6071438453125 0.328446909375 0.6128220062499999 0.31787177031249997 0.6203197703125001 0.304004384375 0.6200974703125001 0.2989104 0.621633678125 0.29753885 0.625972903125 0.3050267390625 0.631087228125 0.3169253609375 0.6311372859375 0.32933516093750004 0.636682221875 0.341061709375 0.6386991
4 0.179660765625 0.44274128749999997 0.1953678609375 0.44461095000000006 0.2174544546875 0.44158858749999996 0.22370489531249999 0.43817168124999994 0.228287703125 0.4311405921875 0.2292341140625 0.4203230765625 0.22850784375000002 0.41728672343750006 0.2164421921875 0.407808146875 0.21066495624999998 0.405816296875 0.1978249703125 0.4051884125 0.1862704953125 0.40120471406249997 0.1670510125 0.40546885312500003 0.1552333796875 0.415830728125 0.159806096875 0.431590321875 0.16532522031250002 0.4365324015625 0.179660765625 0.44274128749999997
4 0.59409308125 0.36553705625 0.6010697921875 0.3651565015625 0.614081853125 0.363817565625 0.62542628125 0.35886445 0.6294979109375001 0.3463384796875 0.5947914703125 0.334879090625 0.5859320328125001 0.33410399062499996 0.5684662203124999 0.3409988984375 0.5645236437500001 0.35204975156249996 0.57573396875 0.3599670921875 0.59409308125 0.36553705625
4 0.704209525 0.1953158140625 0.7120845828125 0.1960047921875 0.724413390625 0.19113779687500002 0.724671503125 0.18818756718750002 0.731906328125 0.18485678125 0.7367852187499999 0.185779096875 0.740894821875 0.184156765625 0.7395713374999999 0.17660894375 0.7277637968749999 0.164180134375 0.7081672390625 0.1500789375 0.696526728125 0.14707865 0.6923310890625001 0.149684390625 0.6843699937500001 0.1499788234375 0.680561521875 0.14815921875 0.67653795625 0.1487981390625 0.672815521875 0.145995125 0.6635689140625 0.149645371875 0.6612129828125 0.15389847343750002 0.6560759796875 0.1559263875 0.6555167375 0.1623185546875 0.6627034953125001 0.1708748171875 0.6861515453125 0.1863039125 0.704209525 0.1953158140625
4 0.368171140625 0.40820051875 0.3742064890625 0.40724213750000005 0.3816133859375 0.40194453125 0.3779820359375 0.3867627640625 0.3713064546875 0.3837013828125 0.36621246875 0.38523759218750003 0.3435716796875 0.3832567796875 0.3353524734375 0.38650144375 0.331969140625 0.391160128125 0.3342770078125 0.398794071875 0.347542134375 0.40590024687500004 0.368171140625 0.40820051875
4 0.46031109375 0.624854096875 0.471182315625 0.6253097359375 0.47751879375 0.6209094187499999 0.47997085625 0.5928822234375 0.47693671875000004 0.582211925 0.465167153125 0.5806867515625 0.44406494218750003 0.5837952359374999 0.43618988437499995 0.5831062578124999 0.4258728578125 0.5876537921875 0.4236890015625 0.5899400734375 0.42634101874999997 0.5936403765625 0.41978944531250006 0.6004992203125 0.419359259375 0.6054162734374999 0.429111996875 0.618656246875 0.45273716875 0.62072318125 0.46031109375 0.624854096875
4 0.178658846875 0.5789075578125 0.21490890937499998 0.5840609031249999 0.22103029687500003 0.5821191109375 0.2264684296875 0.576649259375 0.22728578437500002 0.5673068609375 0.2200129875 0.5597340109375 0.2203571359375 0.5558003703125001 0.21350948125000002 0.5547058078125 0.205935553125 0.5505748921875 0.187614415625 0.555908565625 0.1654797578125 0.5708179734375001 0.1680887546875 0.57500998125 0.178658846875 0.5789075578125
4 0.28963326562499997 0.5009185796875 0.312618203125 0.49896575 0.31681384375 0.496360009375 0.3164747421875 0.488898309375 0.312069053125 0.482567234375 0.2883198734375 0.470580075 0.2668355421875 0.4667185640625 0.25566318906249996 0.469704859375 0.2418818390625 0.46849914843749996 0.23879963750000002 0.46971589687500004 0.23515819375000002 0.47732481250000003 0.23669677031249997 0.48241410937499996 0.24602436875000003 0.48917579531250005 0.2782078484375 0.49545976718749996 0.28963326562499997 0.5009185796875
4 0.4023008 0.5623044687500001 0.41013283749999996 0.563485153125 0.435984884375 0.5627741 0.4553334234375 0.5570348453125 0.4476785078125 0.5424920015625 0.4291473203125 0.53888885625 0.407060728125 0.5419112187499999 0.4016225953125 0.5473810703125 0.4023008 0.5623044687500001
4 0.3919710328125 0.4989716609375 0.3998460890625 0.49966063906249997 0.4260422859375 0.4950159453125 0.441539334375 0.4879487921875 0.44128626875 0.47950368125000004 0.4368805828125 0.47317260625 0.44034995156249995 0.46753051250000005 0.43906948593750006 0.459490984375 0.4354761046875 0.4552128546875 0.4287144875 0.45313488125 0.40894080781250003 0.452395846875 0.4006785828125 0.456132215625 0.40037240625 0.4709694921875 0.395020309375 0.47545593437499994 0.3956605421875 0.47947569687499997 0.3894961375 0.48190919374999996 0.38872180156249997 0.4907598875 0.3919710328125 0.4989716609375
4 0.5918460203125 0.41389640937500005 0.6145298265625 0.415385515625 0.625702178125 0.41239921874999996 0.6233943125 0.40476527500000004 0.608203440625 0.39699515 0.594422090625 0.39578943906249997 0.5879565546875 0.401664871875 0.58624085625 0.40993773906250003 0.5918460203125 0.41389640937500005
4 0.3204903625 0.2162463078125 0.3284084390625 0.21644358125 0.34056517343750004 0.21354340781249997 0.35409345625 0.20630400781249997 0.352812990625 0.19826448125 0.3443837390625 0.192572328125 0.3355243 0.191797228125 0.3110817734375 0.199072690625 0.298193725 0.21033185468750001 0.302002196875 0.21215145781250003 0.2969942484375 0.21270425781250002 0.2988769765625 0.21385991249999997 0.30298657812499996 0.21223758125 0.3204903625 0.2162463078125
4 0.6299278484374999 0.148684034375 0.6337793390625001 0.150011934375 0.6510300578125 0.1455755515625 0.6586090328124999 0.13831112343750002 0.65308990625 0.13336904375 0.651809440625 0.125329515625 0.656435265625 0.117806721875 0.649888740625 0.11327022499999999 0.6361073921875 0.1120645140625 0.6260054578124999 0.11415352187500001 0.6171890390625 0.11288671406249999 0.6038758468750001 0.11766758749999999 0.6006215703125 0.1208511578125 0.6027953359375 0.141355559375 0.6142637718749999 0.14632266875 0.6172599359375 0.1460893296875 0.6247908437499999 0.1507119484375 0.6299278484374999 0.148684034375