3 0.455375253125 0.60891590625 0.46348884375 0.60587639375 0.466531440625 0.601317121875 0.465517240625 0.59219858125 0.455375253125 0.5861195546875 0.4361054765625 0.58561296875 0.42190669375 0.5886524828125 0.419878296875 0.601317121875 0.43914807343750006 0.6079027359375 0.455375253125 0.60891590625
3 0.278904665625 0.6605876390625001 0.2748478703125 0.6514690984375 0.2565922921875 0.6448834859375 0.2464503046875 0.6464032421875 0.23833671406249998 0.6529888546875 0.23833671406249998 0.6570415406250001 0.2505071 0.6656534953125 0.27383367187499996 0.6661600812499999 0.278904665625 0.6605876390625001
4 0.40669371249999997 0.6641337390625 0.41683570000000003 0.6616008109375 0.419878296875 0.651975684375 0.4178498984375 0.6453900703125 0.40466531406249995 0.6458966562499999 0.38032454375 0.6540020265625001 0.3762677484375 0.6580547109375 0.38032454375 0.661094225 0.39046653125 0.663627153125 0.40669371249999997 0.6641337390625
4 0.377281946875 0.5233029375 0.36916835625 0.51519756875 0.34888438125 0.5121580546875 0.3427991890625 0.5136778109375 0.3367139953125 0.52178318125 0.341784990625 0.5309017218750001 0.35192697812499996 0.534447821875 0.372210953125 0.5329280640625 0.377281946875 0.5233029375
4 0.1886409734375 0.4594731515625 0.18661257656250002 0.45491387968749997 0.1754563890625 0.4493414390625 0.154158215625 0.448834853125 0.15111561874999999 0.45542046562499994 0.15618661250000002 0.45997973593749997 0.164300203125 0.4625126640625 0.1855983765625 0.4609929078125 0.1886409734375 0.4594731515625
4 0.2606490875 0.3434650453125 0.25456389375 0.33232016249999996 0.24543610624999998 0.3292806484375 0.2281947265625 0.3308004046875 0.2190669375 0.33738601875 0.2190669375 0.34245187499999996 0.23529411718749998 0.3500506578125 0.252535496875 0.3510638296875 0.2606490875 0.3434650453125
4 0.3945233265625 0.2451874359375 0.40263691718750005 0.24113475156250003 0.4056795125 0.237588653125 0.4056795125 0.22796352656250002 0.40162271875 0.2249240125 0.382352940625 0.2234042546875 0.36916835625 0.22796352656250002 0.362068965625 0.24012158125 0.36916835625 0.24670719375 0.3945233265625 0.2451874359375
4 0.6521298171875001 0.6408308 0.6734279921875 0.6555217828125001 0.6916835703124999 0.65602836875 0.71399594375 0.6540020265625001 0.7251521296875 0.6428571421875 0.7251521296875 0.6352583593750001 0.7190669375 0.6271529890624999 0.6855983765625 0.6175278625 0.6734279921875 0.6185410328125001 0.6592292093750001 0.627659575 0.65111561875 0.6367781156250001 0.6521298171875001 0.6408308
4 0.649087221875 0.70618034375 0.654158215625 0.7026342453125001 0.6551724140624999 0.698074975 0.6450304265625 0.691995946875 0.6318458421875001 0.6909827765625 0.6247464500000001 0.6925025328125 0.6206896546875 0.6990881453125 0.6247464500000001 0.7036474171875 0.6338742390625 0.7066869296875 0.649087221875 0.70618034375
4 0.76572008125 0.6342451875 0.768762678125 0.6256332312499999 0.7606490875 0.61904761875 0.742393509375 0.6185410328125001 0.7302231234375001 0.6246200609375 0.7322515218750001 0.630192503125 0.74543610625 0.6362715296875 0.757606490625 0.6372847015625001 0.76572008125 0.6342451875
4 0.705882353125 0.728976696875 0.70892495 0.7269503546875 0.705882353125 0.71985815625 0.690669371875 0.713779128125 0.6845841781249999 0.7147922999999999 0.6805273828125 0.7218844984375 0.6835699796875 0.728976696875 0.6937119671875001 0.730496453125 0.705882353125 0.728976696875
4 0.5608519265624999 0.7750759875 0.5517241375 0.7740628171874999 0.5446247468750001 0.7781155015625 0.5446247468750001 0.7831813578125 0.554766734375 0.7887538000000001 0.5659229203125 0.7882472140625 0.5699797156249999 0.782674771875 0.5608519265624999 0.7750759875
4 0.6176470593750001 0.7806484296875 0.6227180531250001 0.776089159375 0.6217038546875 0.7689969609375 0.606490871875 0.7634245187500001 0.5933062875 0.7649442750000001 0.5902636921875 0.76697061875 0.5922920890625 0.78014184375 0.59837728125 0.7831813578125 0.6176470593750001 0.7806484296875