3 0.41650390625 0.453125 0.42236328125 0.443359375 0.4228515625 0.4248046875 0.419921875 0.4111328125 0.40771484375 0.4091796875 0.4013671875 0.427734375 0.400390625 0.443359375 0.4033203125 0.451171875 0.40771484375 0.4541015625 0.41650390625 0.453125
3 0.36572265625 0.251953125 0.3642578125 0.2421875 0.35791015625 0.234375 0.35400390625 0.234375 0.345703125 0.24609375 0.34521484375 0.2685546875 0.3505859375 0.2734375 0.359375 0.26953125 0.36572265625 0.251953125
4 0.365234375 0.4072265625 0.36474609375 0.39453125 0.35693359375 0.37109375 0.35302734375 0.3671875 0.35009765625 0.37109375 0.34765625 0.380859375 0.34716796875 0.396484375 0.349609375 0.40625 0.35888671875 0.4091796875 0.365234375 0.4072265625
4 0.49365234375 0.3408203125 0.4921875 0.3349609375 0.484375 0.3291015625 0.4755859375 0.333984375 0.47216796875 0.34375 0.4736328125 0.36328125 0.48291015625 0.3681640625 0.49072265625 0.3603515625 0.49365234375 0.3408203125
4 0.55419921875 0.173828125 0.5546875 0.1533203125 0.54833984375 0.150390625 0.5439453125 0.1552734375 0.54150390625 0.1630859375 0.54296875 0.18359375 0.54443359375 0.1865234375 0.548828125 0.1845703125 0.55419921875 0.173828125
4 0.669921875 0.2412109375 0.66845703125 0.224609375 0.662109375 0.2158203125 0.6572265625 0.2158203125 0.64990234375 0.2314453125 0.64892578125 0.248046875 0.65625 0.255859375 0.6669921875 0.25 0.669921875 0.2412109375
4 0.767578125 0.3955078125 0.7705078125 0.3916015625 0.77197265625 0.373046875 0.767578125 0.3603515625 0.755859375 0.353515625 0.74951171875 0.3603515625 0.7509765625 0.384765625 0.7548828125 0.392578125 0.75830078125 0.3955078125 0.767578125 0.3955078125
4 0.375 0.703125 0.3828125 0.697265625 0.39208984375 0.6650390625 0.39111328125 0.6533203125 0.38232421875 0.6396484375 0.37353515625 0.6318359375 0.36962890625 0.6328125 0.35546875 0.6533203125 0.35498046875 0.6708984375 0.35693359375 0.6923828125 0.36767578125 0.703125 0.375 0.703125
4 0.3203125 0.6259765625 0.3212890625 0.61328125 0.31982421875 0.6064453125 0.3134765625 0.6025390625 0.30908203125 0.6064453125 0.30615234375 0.615234375 0.306640625 0.6298828125 0.31005859375 0.634765625 0.314453125 0.6357421875 0.3203125 0.6259765625
4 0.390625 0.7373046875 0.39111328125 0.7197265625 0.38525390625 0.7080078125 0.3798828125 0.7099609375 0.3740234375 0.72265625 0.373046875 0.734375 0.3759765625 0.7421875 0.38427734375 0.7451171875 0.390625 0.7373046875
4 0.29345703125 0.6845703125 0.29931640625 0.669921875 0.29833984375 0.6640625 0.29150390625 0.66015625 0.28466796875 0.6630859375 0.283203125 0.6728515625 0.28466796875 0.6845703125 0.28662109375 0.6875 0.29345703125 0.6845703125
4 0.2412109375 0.5361328125 0.2373046875 0.529296875 0.232421875 0.529296875 0.22705078125 0.5390625 0.2275390625 0.5498046875 0.23291015625 0.5537109375 0.240234375 0.544921875 0.2412109375 0.5361328125
4 0.24609375 0.603515625 0.25146484375 0.5888671875 0.25 0.576171875 0.248046875 0.5732421875 0.2353515625 0.5751953125 0.232421875 0.5810546875 0.23486328125 0.599609375 0.2392578125 0.6044921875 0.24609375 0.603515625