3 0.47016032656249995 0.656689728125 0.4789571671875 0.6539100624999999 0.482446528125 0.6492319015625 0.48187620937500003 0.6394799515625 0.4714306171875 0.632451146875 0.45096860625 0.6308386625 0.43570116406250003 0.63327921875 0.43283857968749995 0.646632059375 0.4529618453125 0.6547081640625 0.47016032656249995 0.656689728125
3 0.279633553125 0.701796325 0.275827934375 0.69187481875 0.2567831015625 0.6838552328125 0.24591407968749998 0.68490595625 0.2369196375 0.691456065625 0.2366938078125 0.695765146875 0.249155125 0.7056001625 0.27393086875 0.7074387203125 0.279633553125 0.701796325
4 0.4153185875 0.712688078125 0.42624406718749996 0.7105600859375001 0.43001571250000004 0.7004955734375 0.42822581875 0.6933802796874999 0.41417795156250004 0.6931841765625 0.3878438859375 0.7004458984374999 0.3833043234375 0.7045289078125 0.387448684375 0.7079867906249999 0.398091878125 0.71124515 0.4153185875 0.712688078125
4 0.3918915828125 0.5613084796875001 0.38371577343749996 0.5522381703125 0.362316471875 0.5478759953125001 0.35576118437500004 0.549152790625 0.348838925 0.5574318421875 0.353722975 0.567409865625 0.3643097125 0.5717454953125001 0.3859630703125 0.57125995625 0.3918915828125 0.5613084796875001
4 0.1948597421875 0.48292804843750003 0.19295693281249998 0.4779672953125 0.181404678125 0.47142060625 0.1587858 0.4696950875 0.1551835265625 0.4765277890625 0.1603216375 0.48165809687500005 0.1688079640625 0.48480341875 0.1915397546875 0.4843743984375 0.1948597421875 0.48292804843750003
4 0.2778928953125 0.363593403125 0.272043325 0.35140431875 0.26250679374999997 0.34766384375000003 0.2440887359375 0.3483189375 0.2340158609375 0.3548125296875 0.23373357343749998 0.3601988828125 0.25056508125 0.3691827015625 0.26884199531249997 0.3712207828125 0.2778928953125 0.363593403125
4 0.4257224953125 0.266558603125 0.43457579375 0.26270167031249997 0.4380086953125 0.259100778125 0.43854504062500005 0.2488667109375 0.43440067656250003 0.24540882812499998 0.413995125 0.2427190734375 0.3997214296875 0.2468320515625 0.39149490625 0.25936366718750004 0.39867696874999997 0.26676155156250003 0.4257224953125 0.266558603125
4 0.67759804375 0.7015882921875 0.6994265171875 0.718395596875 0.7188100953125 0.7199515609375 0.7426485484375001 0.7190404234375001 0.7551323484375 0.707812153125 0.7555557796875 0.699732625 0.7495368359375 0.690775353125 0.714484871875 0.67867618125 0.7014872109375 0.67907523125 0.6858810234375 0.6879794078125 0.676745440625 0.69722269375 0.67759804375 0.7015882921875
4 0.67072124375 0.7709026703124999 0.6763110140624999 0.767414815625 0.677643503125 0.76262361875 0.6671979125 0.7555948140625001 0.6532347328125 0.75378280625 0.6456010109375 0.75500308125 0.6409203031249999 0.761779265625 0.6449799796875 0.7668530546875 0.6545165125 0.7705935296875001 0.67072124375 0.7709026703124999
4 0.7987495828125 0.7009160875 0.8024647703125 0.69192884375 0.7942042734375 0.6844744421875 0.774820696875 0.6829184765625 0.76154075 0.688703878125 0.7633871015625 0.6947419015625 0.77706799375 0.7019402609375 0.789952740625 0.7036957515625 0.7987495828125 0.7009160875
4 0.7298432375 0.7983062765625 0.733191453125 0.796321290625 0.730351353125 0.78861084375 0.7145135921875 0.7812994468750001 0.7079865328125 0.7820376078125 0.703277596875 0.7893524265625 0.706117696875 0.7970628734375 0.716817346875 0.7992439625000001 0.7298432375 0.7983062765625
4 0.5730584203125 0.8392399546875 0.5634089734375001 0.8376540203125 0.555634109375 0.8415674718749999 0.555351821875 0.8469538234374999 0.56582564375 0.85344399375 0.5777166421875 0.8535270609375001 0.5823408921875 0.847828146875 0.5730584203125 0.8392399546875
4 0.6331401875 0.8483299671875001 0.6387864140625 0.8437648421875 0.63810318125 0.83616743125 0.6222371921875001 0.829394671875 0.60813286875 0.8302758390625 0.6047846531250001 0.8322608234375 0.606207575 0.8463783749999999 0.6125088046875 0.8499492953125 0.6331401875 0.8483299671875001