3 0.419921875 0.5361328125 0.41943359375 0.5234375 0.41552734375 0.5185546875 0.4091796875 0.521484375 0.4091796875 0.541015625 0.412109375 0.544921875 0.41748046875 0.54296875 0.419921875 0.5361328125
4 0.3115234375 0.7294921875 0.3173828125 0.728515625 0.3212890625 0.7236328125 0.33349609375 0.6904296875 0.32861328125 0.6650390625 0.32861328125 0.6533203125 0.3203125 0.634765625 0.314453125 0.6298828125 0.31005859375 0.6298828125 0.3017578125 0.6376953125 0.29296875 0.654296875 0.287109375 0.677734375 0.28662109375 0.6904296875 0.2880859375 0.6962890625 0.30029296875 0.7197265625 0.3115234375 0.7294921875
4 0.173828125 0.59375 0.177734375 0.5712890625 0.1767578125 0.5634765625 0.16845703125 0.55859375 0.16259765625 0.5595703125 0.16162109375 0.5556640625 0.16015625 0.5654296875 0.15966796875 0.578125 0.16162109375 0.5947265625 0.16650390625 0.5986328125 0.173828125 0.59375
4 0.53125 0.8369140625 0.52978515625 0.8017578125 0.525390625 0.794921875 0.4990234375 0.80078125 0.4931640625 0.8125 0.4921875 0.837890625 0.4990234375 0.8466796875 0.5166015625 0.845703125 0.53125 0.8369140625
4 0.423828125 0.7998046875 0.439453125 0.7958984375 0.44970703125 0.7841796875 0.455078125 0.7685546875 0.4501953125 0.748046875 0.44140625 0.7373046875 0.43505859375 0.7353515625 0.42333984375 0.73828125 0.41650390625 0.7470703125 0.4150390625 0.7587890625 0.4169921875 0.77734375 0.4208984375 0.794921875 0.423828125 0.7998046875
4 0.478515625 0.55859375 0.4814453125 0.533203125 0.482421875 0.505859375 0.47900390625 0.5029296875 0.470703125 0.505859375 0.46533203125 0.50390625 0.46044921875 0.509765625 0.46240234375 0.548828125 0.47265625 0.564453125 0.47607421875 0.564453125 0.478515625 0.55859375
4 0.7109375 0.4091796875 0.7236328125 0.3916015625 0.72412109375 0.3837890625 0.72021484375 0.3642578125 0.705078125 0.33203125 0.70068359375 0.328125 0.6943359375 0.337890625 0.68505859375 0.345703125 0.6845703125 0.3720703125 0.69482421875 0.4013671875 0.70458984375 0.41015625 0.7109375 0.4091796875
4 0.6611328125 0.4384765625 0.66552734375 0.4287109375 0.6669921875 0.419921875 0.6650390625 0.4072265625 0.6552734375 0.3994140625 0.64697265625 0.4033203125 0.64599609375 0.4189453125 0.64892578125 0.4345703125 0.6533203125 0.4404296875 0.6611328125 0.4384765625
4 0.6884765625 0.599609375 0.69189453125 0.572265625 0.6845703125 0.5595703125 0.67236328125 0.55859375 0.66845703125 0.5634765625 0.6650390625 0.5849609375 0.66552734375 0.6025390625 0.66796875 0.6083984375 0.68212890625 0.609375 0.6884765625 0.599609375
4 0.72900390625 0.568359375 0.73193359375 0.5439453125 0.72998046875 0.5361328125 0.72607421875 0.53125 0.71533203125 0.5302734375 0.7060546875 0.537109375 0.703125 0.54296875 0.69970703125 0.5595703125 0.69921875 0.568359375 0.705078125 0.5791015625 0.72119140625 0.5791015625 0.72900390625 0.568359375
4 0.75732421875 0.486328125 0.7607421875 0.4736328125 0.75537109375 0.4677734375 0.74609375 0.4677734375 0.73291015625 0.474609375 0.73291015625 0.4814453125 0.7392578125 0.4892578125 0.75244140625 0.4921875 0.75732421875 0.486328125
4 0.3779296875 0.8310546875 0.3896484375 0.8193359375 0.38818359375 0.8056640625 0.38232421875 0.796875 0.369140625 0.7978515625 0.3642578125 0.8037109375 0.36279296875 0.806640625 0.36328125 0.822265625 0.3681640625 0.83203125 0.3779296875 0.8310546875