3 0.547212825 0.5774447968749999 0.5397297156249999 0.5763058921875001 0.5268318046875 0.5793316875000001 0.522610928125 0.5843016999999999 0.52687278125 0.5902163140625001 0.5468651906249999 0.5863301828124999 0.55028075 0.5825540953125 0.547212825 0.5774447968749999
4 0.6605106359375 0.6586422093750001 0.656678371875 0.6656114640624999 0.6575527515624999 0.67010975625 0.6672013203125 0.677052078125 0.685943625 0.68274545 0.7111003515625 0.684079815625 0.7241925703125001 0.682053640625 0.7298988328125 0.679388371875 0.7514608890625001 0.6622297609375 0.75922256875 0.6487910609374999 0.757057109375 0.6429876453125 0.75128178125 0.639960696875 0.7148658578125 0.6340718640625 0.6898472609375 0.6441219359375 0.6778518171875 0.6464536140625 0.6605106359375 0.6586422093750001
4 0.621403859375 0.8363757093749999 0.6344960765625001 0.834349534375 0.6511010109375001 0.8290470828125001 0.6541279578125 0.8232717562499999 0.6476725578125 0.8167461359375 0.6239040640625 0.8172167046875 0.61610140625 0.8197707765625 0.6127549109375 0.8292390828125 0.6149203703125 0.8350424984375 0.6111161953125 0.83681934375 0.621403859375 0.8363757093749999
4 0.8418701593750001 0.4335471734375 0.837373021875 0.4157483125 0.8254618406249999 0.4025027671875 0.78976696875 0.41099723125 0.7836440046875001 0.41685566874999996 0.794888003125 0.4426795796875 0.8080492859374999 0.4463456234375 0.8342337234375 0.4422932734375 0.8418701593750001 0.4335471734375
4 0.7406405171875 0.5211732484375 0.7459710546875 0.5325857734375 0.756327784375 0.53783435625 0.7686146890625001 0.537002109375 0.7872188625 0.5313110453125 0.8044348015624999 0.523815046875 0.808849984375 0.5198446515625 0.8017426000000001 0.504627953125 0.7877069359375 0.4964636171875 0.770644325 0.494074609375 0.7506238296875 0.5031531484375 0.7413767640625 0.5142871015625 0.7406405171875 0.5211732484375
4 0.504676246875 0.5400679234375 0.544272446875 0.5302964234374999 0.5582261546875 0.516691503125 0.5575460828125001 0.5131928328125 0.55106259375 0.5118596203125 0.52448954375 0.5139127296875 0.49630586875000005 0.5183536921874999 0.4939870796875 0.5224352828125001 0.49863754687500006 0.5303491359375 0.4977069921875 0.5362356609375001 0.504676246875 0.5400679234375
4 0.2822066546875 0.334856796875 0.292049528125 0.3427987375 0.31913643281250004 0.3380522703125 0.347084825 0.3217270625 0.3541383421875 0.3099821015625 0.3518757296875 0.303678875 0.33135657812499997 0.2941813265625 0.3232624625 0.29523596875 0.3040472828125 0.30312058125 0.2740715609375 0.32502681093749997 0.270947459375 0.33030232812500004 0.2822066546875 0.334856796875
4 0.37479331718750003 0.3682105625 0.390204321875 0.3621027984375 0.395327665625 0.3564386671875 0.391773971875 0.348830315625 0.3809033890625 0.346275090625 0.371615346875 0.3465244171875 0.3590088953125 0.35104964375000003 0.352954996875 0.36260029843749997 0.358605084375 0.370319846875 0.37479331718750003 0.3682105625
4 0.5588358125 0.31168853125 0.5643477671875 0.308023640625 0.56252994375 0.2933348390625 0.551270746875 0.28878037343749996 0.5226013046875 0.29072228437500003 0.5110635390625 0.3007454203125 0.5124927515625 0.31343498125 0.518268078125 0.31646193125 0.5409397984375001 0.315685859375 0.5588358125 0.31168853125
4 0.49037817031250003 0.28505584375000004 0.5080517890625 0.2852513046875 0.517145525 0.2840023578125 0.5269755093749999 0.2758672625 0.5237694515625 0.259373528125 0.5112191765625 0.2535139375 0.4856457484375 0.2553727375 0.47803739843750004 0.2589264296875 0.473816521875 0.2638964453125 0.47495427343749996 0.275086575 0.48379752812500004 0.2832228234375 0.49037817031250003 0.28505584375000004
4 0.428209709375 0.25875675 0.42858543281249994 0.24467895624999997 0.421616178125 0.24084669375 0.40794104062500003 0.23987400625 0.4030120046875 0.2465377578125 0.40485791718749997 0.25603414999999996 0.414478396875 0.26816887968750003 0.4214757390625 0.26680873437499997 0.428209709375 0.25875675
4 0.8279914828124999 0.580960778125 0.84388825625 0.5773520640625 0.8529129281250001 0.5704108984375 0.849970240625 0.560609 0.8356431203125 0.550945234375 0.82193989375 0.55516495625 0.81410915 0.5629114375000001 0.8177319078125 0.5762120046875 0.8247011625 0.5800442671875 0.8279914828124999 0.580960778125