3 0.383060109375 0.5875273515625 0.38579235 0.579868709375 0.3852459015625 0.5656455140625 0.38087431718750003 0.5601750546875001 0.37377049218749997 0.5634573296875 0.37377049218749997 0.58533916875 0.3770491796875 0.5897155359374999 0.383060109375 0.5875273515625
4 0.274316940625 0.690371990625 0.2677595625 0.68490153125 0.2628415296875 0.68490153125 0.2535519125 0.6936542671875 0.24371584687499998 0.7122538296875 0.23715847031249998 0.738512034375 0.236612021875 0.7527352296875 0.238251365625 0.75929978125 0.25191256875 0.7855579875 0.264480875 0.79649890625 0.2710382515625 0.7954048140625 0.2754098359375 0.7899343546875001 0.28907103749999996 0.7527352296875 0.2836065578125 0.724288840625 0.2836065578125 0.7111597374999999 0.274316940625 0.690371990625
4 0.0950819671875 0.612691465625 0.09453551875 0.6269146609375 0.0967213109375 0.6455142234375 0.10218579218749999 0.649890590625 0.11038251406249999 0.64442013125 0.1147540984375 0.6192560171875 0.1136612015625 0.6105032828125 0.104371584375 0.6050328234375 0.0978142078125 0.6061269140625 0.0967213109375 0.601750546875 0.0950819671875 0.612691465625
4 0.47431694062499996 0.927789934375 0.4939890703125 0.9266958421875 0.5103825140625 0.916849015625 0.5087431687499999 0.8774617062500001 0.5038251359375 0.8698030640625 0.47431694062499996 0.876367615625 0.46775956250000006 0.8894967171875001 0.46666666718750005 0.9179431078125001 0.47431694062499996 0.927789934375
4 0.40273224062499996 0.8030634578125 0.3896174859375 0.8063457328125001 0.3819672125 0.8161925609375 0.38032786875 0.8293216625 0.3825136609375 0.850109409375 0.3868852453125 0.8698030640625 0.39016393437499997 0.8752735234375001 0.40765027343750004 0.8708971546875001 0.41912568281249996 0.8577680531249999 0.42513661249999996 0.8402625828125 0.41967213125 0.8172866515624999 0.40983606562499997 0.805251640625 0.40273224062499996 0.8030634578125
4 0.43114754062499994 0.5503282281249999 0.43333333281249997 0.594091903125 0.44480874375 0.6115973734375 0.44863387968749996 0.6115973734375 0.4513661203125 0.6050328234375 0.45464480937499996 0.5765864328125 0.45573770468749997 0.545951859375 0.45191256874999997 0.542669584375 0.4426229515625 0.545951859375 0.436612021875 0.5437636765625 0.43114754062499994 0.5503282281249999
4 0.692896175 0.357768053125 0.6825136609375 0.3665207875 0.6819672125 0.39606126875 0.6934426234375 0.42888402656249996 0.704371584375 0.43873085312500004 0.711475409375 0.43763676093750004 0.725683059375 0.4179431078125 0.7262295078125 0.409190371875 0.7218579234375 0.387308534375 0.7049180328125 0.3512035015625 0.7 0.3468271328125 0.692896175 0.357768053125
4 0.6387978140625 0.44857768125 0.642076503125 0.4660831515625 0.6469945359375 0.472647703125 0.6557377046874999 0.47045951874999997 0.6606557375000001 0.4595186 0.66229508125 0.449671771875 0.6601092890625 0.43544857812500004 0.649180328125 0.42669584218749995 0.6398907109375 0.431072209375 0.6387978140625 0.44857768125
4 0.6606557375000001 0.6542669578125 0.663387978125 0.660831509375 0.6792349734375 0.6619256015625 0.6863387984375 0.6509846828125 0.690163934375 0.620350109375 0.6819672125 0.6061269140625 0.6683060109375 0.6050328234375 0.6639344265625 0.6105032828125 0.6601092890625 0.6345733046875 0.6606557375000001 0.6542669578125
4 0.702732240625 0.5875273515625 0.698907103125 0.6061269140625 0.69836065625 0.6159737421875 0.7049180328125 0.628008753125 0.7229508203125 0.628008753125 0.7316939890625 0.6159737421875 0.734972678125 0.5886214437499999 0.7327868859375 0.579868709375 0.7284153 0.57439825 0.7163934421875 0.5733041578125 0.7060109296875 0.5809628015625 0.702732240625 0.5875273515625
4 0.7431693984375001 0.527352296875 0.7579234968749999 0.5306345734375 0.763387978125 0.524070021875 0.7672131140625 0.5098468265625 0.7612021859375 0.503282275 0.750819671875 0.503282275 0.7360655734375 0.51094091875 0.7360655734375 0.5185995625 0.7431693984375001 0.527352296875
4 0.32185792343749997 0.882932165625 0.322404371875 0.9004376374999999 0.32786885312499997 0.9113785562500001 0.3387978140625 0.9102844640625 0.35191256875 0.8971553609375 0.3502732234375 0.8818380749999999 0.343715846875 0.871991246875 0.3289617484375 0.8730853390625001 0.3234972671875 0.8796498906249999 0.32185792343749997 0.882932165625