3 0.393885125 0.24608904062499998 0.42702726562500004 0.241927203125 0.4365497828125 0.23910094218750003 0.45581565468749996 0.2279615375 0.46354513906249994 0.21943543906250002 0.46711016406250006 0.209510671875 0.4544748109375 0.176071446875 0.4323379796875 0.166782925 0.42371986718750004 0.16898609375 0.41759411875 0.174806871875 0.3673629953125 0.240888734375 0.3798563703125 0.24508473749999998 0.393885125 0.24608904062499998
3 0.264844875 0.605462859375 0.280409009375 0.6032754625 0.2799305171875 0.599870809375 0.2866031140625 0.5979410640625 0.2899472984375 0.59350318125 0.314366159375 0.576679709375 0.31938243593750004 0.5700228859375 0.3153126125 0.5269480921875 0.3084507203125 0.5204726765625 0.29256057812499997 0.5132821562500001 0.25852980468750003 0.511121065625 0.2390746359375 0.5138553109374999 0.2230162359375 0.5195840734375 0.21327288125 0.52789721875 0.2092504 0.555741771875 0.23754978906250002 0.5735879390624999 0.2347524546875 0.5819168546875 0.24381751562499998 0.5970103828125 0.2557640421875 0.5973153531250001 0.264844875 0.605462859375
3 0.572394365625 0.8598312203124999 0.6105370125 0.855958578125 0.6154165765624999 0.8483289953125001 0.6026129671875 0.827809053125 0.5897778109375 0.8211811546875 0.5769268828125 0.8214992765625 0.5565830843749999 0.8179105921875 0.5522293312500001 0.8081067671875 0.544599746875 0.8032272015625 0.535776565625 0.8039712343750001 0.513881615625 0.81052026875 0.488794965625 0.8155339265625001 0.475449771875 0.819393415625 0.4691873125 0.824241434375 0.46758357500000003 0.8269467546874999 0.5097750078125001 0.8448244671875 0.525991159375 0.8613929046875001 0.5425122796874999 0.8660148171875001 0.5413870359375 0.8721247921874999 0.5452254859375001 0.86414554375 0.5610630453125001 0.8639036625 0.572394365625 0.8598312203124999
4 0.46470735156250004 0.778248365625 0.46873509843749994 0.7786742734375001 0.47549182187500005 0.7702848890625 0.46752045937500003 0.7629734265625 0.44808106406250003 0.7587616515625 0.43453080312500003 0.761162003125 0.4256918484375 0.7688520546875 0.428031728125 0.7784429265624999 0.4494166421875 0.782381278125 0.46206250156250006 0.78060401875 0.46470735156250004 0.778248365625
3 0.5455094421875 0.9226319875 0.54829100625 0.9212490921875001 0.549142825 0.9131935999999999 0.5550635046875 0.905913684375 0.564002359375 0.88481796875 0.5676515125 0.8684335593749999 0.5648173671875 0.8623840546875 0.5489114515625 0.86213955625 0.530497396875 0.86522346875 0.5407770984375 0.8960178437499999 0.54059306875 0.9158831484375 0.5455094421875 0.9226319875
4 0.7828151 0.634840015625 0.7910073046874999 0.6366645921874999 0.8032588 0.6250230359375 0.8080016515624999 0.6164206953125 0.803632125 0.613562890625 0.801923221875 0.601403409375 0.7842242734375 0.5954590718749999 0.7743599765625 0.5958534359375001 0.761014784375 0.5997129250000001 0.7500410171875 0.5992712421874999 0.73807871875 0.6059122953125 0.7365959234375 0.6165363953125 0.7450983625 0.6346849109375 0.7517551859375 0.6397011874999999 0.7589062765625 0.641176096875 0.7828151 0.634840015625
4 0.735933346875 0.44948221874999994 0.752470240625 0.447158109375 0.7620611125 0.4448182296875 0.7703374453125 0.44018316406249997 0.7680133359375 0.42364627187500004 0.7594793515625 0.4193897984375 0.7339142078124999 0.4209988 0.7227196 0.4260440015625 0.7233348046875 0.43042141562499997 0.7197171953125 0.43291378125 0.7252487765625 0.44404003437500006 0.735933346875 0.44948221874999994
4 0.650619778125 0.36475498125 0.6609783390625 0.3608192515625 0.6830257750000001 0.34829695156249996 0.6803966953125 0.3437065828125 0.6851921328125 0.34253664375000004 0.677441609375 0.3297382984375 0.6665519718749999 0.3228369765625 0.6507985390625 0.31661921249999997 0.6428114046875 0.3162537734375 0.622125825 0.3102331921875 0.597533440625 0.311705484375 0.5669520203125 0.31997131093750003 0.5621408109375 0.328087271875 0.5691236453124999 0.3424814671875 0.569244584375 0.3504002453125 0.586722690625 0.3618314671875 0.5997786875 0.3629724828125 0.6061620859375 0.36604324374999997 0.6201224859375001 0.3665611671875 0.650619778125 0.36475498125
4 0.70907465 0.2866056546875 0.71858139375 0.2907254140625 0.7271311515625001 0.28803586718749996 0.731562340625 0.28876579375 0.73491321875 0.28694216875 0.7342296562499999 0.2820783765625 0.7261373546875001 0.2668481359375 0.7074130640625 0.2536081109375 0.672441078125 0.2376916890625 0.6538535015625 0.22542442031249998 0.6310488828125 0.2043260859375 0.584298628125 0.1751854109375 0.5501626890625 0.15815951718750001 0.5223260203125 0.150664028125 0.520858996875 0.1543421078125 0.5260645687500001 0.15609044218749998 0.5168680609375 0.1682946203125 0.520469896875 0.172748275 0.5132189078125 0.184679028125 0.51815105625 0.184481846875 0.52272565 0.1887987890625 0.5155430156249999 0.20121592187499998 0.51943405 0.200669071875 0.5311597359375 0.20646092500000002 0.5279522625 0.2118715671875 0.5401564390625 0.22106807343749998 0.53667554375 0.2245331984375 0.5372907484375 0.2289106109375 0.5443051265625 0.22941276249999998 0.55553654375 0.23874598125 0.565742621875 0.2407835140625 0.5702488609375 0.244614078125 0.5823321 0.24589180625 0.6067404546875 0.2642848203125 0.6224938843750001 0.270502584375 0.6396459828125 0.2725558875 0.64631858125 0.27062614375 0.6549209203124999 0.2753689953125 0.6601422671875 0.2701713078125 0.6722097312499999 0.27839505781249996 0.684361325 0.280159165625 0.6839354171875 0.28418691093750004 0.6870587609375 0.2852359109375 0.6900453921875 0.28531215312499997 0.6935946453125 0.282333409375 0.705388684375 0.288611640625 0.70907465 0.2866056546875
4 0.29626236875 0.687844975 0.3137036640625 0.684897775 0.3283108125 0.67590106875 0.328463296875 0.66992780625 0.323888703125 0.6656108625 0.3177103703125 0.663999240625 0.306873315625 0.66453031875 0.28839090624999997 0.6671278515625 0.27990950468750003 0.670303778125 0.2782899953125 0.6799551203124999 0.289111278125 0.686370065625 0.29626236875 0.687844975
4 0.6706271140625 0.5776970609375 0.6861912484375 0.5755096640625 0.698085190625 0.5683822328125 0.6969914921875 0.560600165625 0.6853341640624999 0.5552946921874999 0.6725515921875 0.5560991937499999 0.6578760875 0.56460951875 0.656256578125 0.5742608609375 0.6605577499999999 0.5766322875000001 0.6706271140625 0.5776970609375
4 0.32796895312499996 0.3981969328125 0.339778765625 0.3975291453125 0.34145085625 0.395310203125 0.3324909625 0.39508147656250003 0.330203665625 0.392923003125 0.3367395515625 0.3900205015625 0.3475082484375 0.389003046875 0.3509207890625 0.3850515421875 0.35959148750000003 0.3902807734375 0.3803086109375 0.3824093125 0.3884640046875 0.3698554671875 0.38590328125 0.36575147812500003 0.3887689734375 0.3579089421875 0.3853038484375 0.3544280453125 0.3813444578125 0.3544885140625 0.3752660296875 0.33947122812499997 0.36381376875 0.33562489375000004 0.354427965625 0.3394239109375 0.348317990625 0.33829866875 0.34365926562500004 0.3404413671875 0.336166396875 0.33653456249999997 0.3274799265625 0.33825135 0.32386231875 0.34074371718749996 0.3206706171875 0.3392083359375 0.31601189375 0.3413510359375 0.3081456984375 0.3489043765625 0.3079932125 0.3548776390625 0.30347120312500003 0.3579930953125 0.2996327515625 0.3659723453125 0.307057265625 0.3693927734375 0.3077250546875 0.3812025859375 0.3134774765625 0.3868419546875 0.311668671875 0.3880881375 0.31806784375 0.3842128765625 0.3231367046875 0.3849884515625 0.33047709062499997 0.394868521875 0.32796895312499996 0.3981969328125
4 0.3775796046875 0.29946719375 0.3937063609375 0.294224809375 0.4048326125 0.288693228125 0.42355163593749995 0.273662790625 0.4233623390625 0.2652576328125 0.41844596562499997 0.2585087921875 0.41213092187499994 0.25592441250000003 0.40122551093750003 0.2559691109375 0.3997059015625 0.2522147890625 0.3951155359375 0.254843865625 0.3919238359375 0.2533084859375 0.389347340625 0.25615051875 0.3842101234375 0.2548885640625 0.3805241578125 0.25689455 0.3764964140625 0.2564686421875 0.36160006718750004 0.27046585156249997 0.36640076875 0.2975663734375 0.3775796046875 0.29946719375