3 0.830078125 0.53515625 0.8349609375 0.5283203125 0.8359375 0.51953125 0.82373046875 0.4990234375 0.7890625 0.4912109375 0.77978515625 0.49609375 0.7724609375 0.5048828125 0.76416015625 0.525390625 0.7626953125 0.53515625 0.76318359375 0.568359375 0.76611328125 0.58203125 0.77197265625 0.59375 0.830078125 0.53515625
3 0.45458984375 0.771484375 0.46240234375 0.767578125 0.48388671875 0.79296875 0.5107421875 0.78515625 0.517578125 0.7744140625 0.52099609375 0.7578125 0.52099609375 0.73828125 0.51416015625 0.705078125 0.5048828125 0.6904296875 0.49755859375 0.6845703125 0.45458984375 0.6865234375 0.44873046875 0.6923828125 0.435546875 0.71875 0.431640625 0.72265625 0.4306640625 0.7294921875 0.42724609375 0.7294921875 0.42724609375 0.7451171875 0.4365234375 0.7529296875 0.4384765625 0.7646484375 0.45458984375 0.771484375
3 0.12646484375 0.509765625 0.13232421875 0.5078125 0.13916015625 0.5234375 0.15771484375 0.537109375 0.18115234375 0.576171875 0.18359375 0.57421875 0.1875 0.5673828125 0.189453125 0.5537109375 0.19091796875 0.5283203125 0.1943359375 0.505859375 0.19384765625 0.4970703125 0.18798828125 0.490234375 0.177734375 0.4873046875 0.17138671875 0.4677734375 0.169921875 0.455078125 0.16162109375 0.443359375 0.1396484375 0.43359375 0.1328125 0.439453125 0.13427734375 0.4775390625 0.1318359375 0.4892578125 0.1337890625 0.5048828125 0.12646484375 0.509765625
4 0.234375 0.6083984375 0.244140625 0.609375 0.25048828125 0.599609375 0.2509765625 0.5859375 0.244140625 0.5673828125 0.23583984375 0.560546875 0.228515625 0.568359375 0.2294921875 0.572265625 0.2275390625 0.5751953125 0.2275390625 0.587890625 0.234375 0.6083984375
3 0.134765625 0.51953125 0.13525390625 0.5009765625 0.1328125 0.4853515625 0.12646484375 0.4833984375 0.11083984375 0.4892578125 0.09130859375 0.5009765625 0.0849609375 0.5078125 0.0771484375 0.509765625 0.076171875 0.5126953125 0.08349609375 0.5166015625 0.10302734375 0.513671875 0.134765625 0.51953125
4 0.33203125 0.2763671875 0.35107421875 0.2822265625 0.361328125 0.279296875 0.3662109375 0.2666015625 0.3642578125 0.255859375 0.3662109375 0.2421875 0.365234375 0.232421875 0.35693359375 0.2158203125 0.3447265625 0.2158203125 0.34130859375 0.2119140625 0.33349609375 0.2177734375 0.32373046875 0.2314453125 0.32666015625 0.2392578125 0.32373046875 0.263671875 0.326171875 0.2705078125 0.33203125 0.2763671875
4 0.5361328125 0.26953125 0.54052734375 0.26953125 0.5439453125 0.2578125 0.5419921875 0.232421875 0.53662109375 0.224609375 0.52001953125 0.224609375 0.5166015625 0.2333984375 0.515625 0.2431640625 0.515625 0.259765625 0.5224609375 0.26953125 0.5341796875 0.2734375 0.5361328125 0.26953125
4 0.61962890625 0.3818359375 0.62255859375 0.39453125 0.63623046875 0.41015625 0.64404296875 0.4091796875 0.6591796875 0.4140625 0.66650390625 0.408203125 0.67041015625 0.376953125 0.66845703125 0.3525390625 0.65966796875 0.3330078125 0.658203125 0.3251953125 0.64990234375 0.310546875 0.6416015625 0.30078125 0.6279296875 0.294921875 0.62744140625 0.2998046875 0.62255859375 0.2978515625 0.61328125 0.3212890625 0.61083984375 0.33203125 0.61328125 0.3623046875 0.61572265625 0.3759765625 0.61962890625 0.3818359375
4 0.68359375 0.2822265625 0.68408203125 0.28515625 0.685546875 0.2880859375 0.689453125 0.287109375 0.69287109375 0.298828125 0.70263671875 0.3095703125 0.6982421875 0.3154296875 0.7041015625 0.3232421875 0.703125 0.330078125 0.70751953125 0.3466796875 0.7158203125 0.361328125 0.7373046875 0.3828125 0.740234375 0.39453125 0.74462890625 0.3984375 0.748046875 0.408203125 0.7587890625 0.41796875 0.76025390625 0.4248046875 0.7646484375 0.4248046875 0.767578125 0.4208984375 0.7783203125 0.431640625 0.783203125 0.427734375 0.79052734375 0.4384765625 0.79052734375 0.4423828125 0.8017578125 0.43359375 0.806640625 0.4375 0.80712890625 0.4423828125 0.81787109375 0.43359375 0.82275390625 0.4365234375 0.83349609375 0.42578125 0.8359375 0.4306640625 0.83935546875 0.4287109375 0.828125 0.40234375 0.806640625 0.37109375 0.771484375 0.3291015625 0.74755859375 0.3095703125 0.73291015625 0.29296875 0.71240234375 0.2607421875 0.69677734375 0.244140625 0.6806640625 0.23828125 0.67578125 0.23828125 0.6744495734375 0.2418323875 0.67578125 0.24609375 0.67431640625 0.2548828125 0.6796875 0.263671875 0.67822265625 0.267578125 0.68603515625 0.2783203125 0.68359375 0.2822265625
4 0.361328125 0.7392578125 0.36328125 0.73046875 0.36328125 0.7119140625 0.3623046875 0.701171875 0.35986328125 0.6953125 0.35498046875 0.69140625 0.34912109375 0.6923828125 0.34228515625 0.7080078125 0.341796875 0.7255859375 0.34423828125 0.732421875 0.35205078125 0.7421875 0.361328125 0.7392578125
4 0.4130859375 0.3525390625 0.41943359375 0.3369140625 0.41845703125 0.32421875 0.41162109375 0.3134765625 0.40380859375 0.3134765625 0.3984375 0.326171875 0.3984375 0.341796875 0.40087890625 0.3515625 0.40380859375 0.35546875 0.4130859375 0.3525390625
4 0.6376953125 0.662109375 0.634765625 0.6689453125 0.6357421875 0.6669921875 0.64208984375 0.671875 0.65380859375 0.6708984375 0.658203125 0.677734375 0.66552734375 0.6728515625 0.66796875 0.66796875 0.673828125 0.6669921875 0.68017578125 0.658203125 0.681640625 0.6533203125 0.6796875 0.650390625 0.681640625 0.646484375 0.68212890625 0.6376953125 0.67724609375 0.630859375 0.6787109375 0.6259765625 0.6767578125 0.6201171875 0.67919921875 0.6103515625 0.673828125 0.599609375 0.658203125 0.595703125 0.65771484375 0.591796875 0.65380859375 0.5888671875 0.646484375 0.5927734375 0.64208984375 0.5908203125 0.630859375 0.6005859375 0.6259765625 0.6220703125 0.63232421875 0.6298828125 0.62890625 0.6337890625 0.62939453125 0.64453125 0.62744140625 0.6513671875 0.625 0.6494140625 0.62353515625 0.640625 0.62158203125 0.642578125 0.62255859375 0.654296875 0.62548828125 0.6513671875 0.63623046875 0.6572265625 0.6376953125 0.662109375
4 0.75537109375 0.5869140625 0.75439453125 0.5830078125 0.755859375 0.5791015625 0.75390625 0.57421875 0.75634765625 0.5712890625 0.75439453125 0.568359375 0.75634765625 0.5634765625 0.75244140625 0.5625 0.7509765625 0.5517578125 0.74755859375 0.5458984375 0.740234375 0.5419921875 0.73193359375 0.54296875 0.7197265625 0.5634765625 0.7158203125 0.5751953125 0.712890625 0.591796875 0.71630859375 0.6025390625 0.74365234375 0.603515625 0.75537109375 0.5869140625