3 0.351662515625 0.7684385421875 0.3635600375 0.7658262875 0.3905328609375 0.7435806328125001 0.390388071875 0.73691895625 0.381342134375 0.7323411937500001 0.35605163906250004 0.7290845828125 0.3289083515625 0.732841875 0.3226205578125 0.7380657890625 0.3197689734375 0.74525580625 0.32913563749999997 0.7574930234374999 0.332157684375 0.7687913671875 0.351662515625 0.7684385421875
3 0.5624204265625 0.87736598125 0.5744059171875 0.8752526156249999 0.580517775 0.869030925 0.579814034375 0.8650398109375 0.5601955609375 0.8530670609375001 0.5296472078125001 0.84919435 0.50740990625 0.8515721859375001 0.497597934375 0.8543311015624999 0.5291139296875 0.863691596875 0.5624204265625 0.87736598125
4 0.7263538640625 0.7090575546875 0.7289983640625 0.7065336546875 0.739933715625 0.680943034375 0.7394370546875 0.6722857999999999 0.73482611875 0.6694980296875 0.71878864375 0.6661530625000001 0.711709140625 0.6668869703125 0.658597290625 0.675223221875 0.6488732859375 0.6784810265625 0.6430253312499999 0.6861993859375 0.64287506875 0.6970282921875001 0.6499234265625 0.7019582828125001 0.6618777703125 0.7055088140625 0.6696298671875 0.7144299203125 0.6731851921875001 0.71123101875 0.6800887609374999 0.7094993328125 0.683964809375 0.7139598875 0.6981238171874999 0.7124920718750001 0.7018550765625 0.7102909484375 0.717364746875 0.710642578125 0.7263538640625 0.7090575546875
4 0.6386265265625 0.3809067078125 0.6712347546874999 0.373099396875 0.6912160421875 0.3520865390625 0.685725428125 0.34430987343749997 0.67603256875 0.34190378125 0.6744491515625 0.332923771875 0.6683995859375 0.32781766874999996 0.659881453125 0.3262332421875 0.6498935453125 0.3279943796875 0.639051634375 0.33659330625 0.6267142734375 0.3367111140625 0.6158466875 0.3334833578125 0.6086792171875001 0.333718375 0.5967816953125 0.3363306296875 0.5882324156250001 0.3404101 0.586260509375 0.3525890125 0.5998862390624999 0.36561844374999997 0.6061374140625 0.3835490125 0.6153592890625 0.3891245546875 0.62255790625 0.3832256390625 0.6285195046875 0.3878328546875 0.6386265265625 0.3809067078125
4 0.7234248359375 0.40041931249999996 0.737495875 0.398452609375 0.746428171875 0.3907048 0.747665190625 0.38019866874999997 0.7341531031249999 0.3794948109375 0.72269541875 0.3846015140625 0.7175512046875 0.3963109875 0.7234248359375 0.40041931249999996
4 0.6637924359375 0.4068189109375 0.6746911671875 0.40438276875 0.6833284140625 0.40080218749999996 0.6872979015625 0.3882710484375 0.6773411406250001 0.38436828749999996 0.6594508734375 0.38803722500000004 0.6543378046874999 0.394082803125 0.6568320453125 0.40238780937499996 0.6637924359375 0.4068189109375
4 0.572035421875 0.28359560781250004 0.5887509625 0.27910500625 0.60111946875 0.2733233 0.6053217140625 0.2679527265625 0.6046179734375 0.2639616125 0.5837056578125 0.2563322046875 0.5726309921875 0.25777056875 0.5630829234375 0.262026153125 0.558704740625 0.266398946875 0.5559411265625 0.27408785468749997 0.559346190625 0.2817178578125 0.5627824015625 0.2836839640625 0.572035421875 0.28359560781250004
4 0.6532582015624999 0.2769898484375 0.6650366109375 0.2795426015625 0.674967696875 0.27161867812499996 0.675262746875 0.267451446875 0.6683646515625 0.25169255156250003 0.6558256796874999 0.2389858953125 0.6504798546874999 0.23787090625 0.63816816875 0.2498153984375 0.63537340625 0.263168203125 0.6408072 0.2647820828125 0.6532582015624999 0.2769898484375
4 0.2982185796875 0.523748296875 0.304594340625 0.519023275 0.3040097140625 0.50986715 0.2992228421875 0.5060816015625 0.28333015625 0.5093983109375 0.2750447796875 0.51497445 0.27263303437499997 0.524658915625 0.27815479375 0.5267716828125 0.2982185796875 0.523748296875
4 0.22728801562499998 0.588724121875 0.23610119687500003 0.58614131875 0.2479418984375 0.5773662765625 0.2494428203125 0.5683568140624999 0.243481221875 0.5637496 0.229529296875 0.5605512953125 0.21713511406250002 0.5545063156250001 0.189903859375 0.5577647203125 0.19239262968749998 0.5835603078125 0.1999376453125 0.5971475328125 0.2031099546875 0.5976169703124999 0.2145676375 0.59251026875 0.220089396875 0.5946230375 0.22728801562499998 0.588724121875
4 0.381741146875 0.39585290156249997 0.39064229687499996 0.3937689890625 0.40301080312500004 0.3879872828125 0.4143236984375 0.3762189046875 0.415441603125 0.3708777828125 0.40665956718749996 0.3677966890625 0.376343971875 0.37108454375 0.368793484375 0.3749879015625 0.3673237078125 0.37833346562500003 0.37160845 0.3909523625 0.381741146875 0.39585290156249997
4 0.2869128390625 0.418746496875 0.3130573359375 0.41516531875 0.3221655671875 0.4084152859375 0.32154979375 0.404923059375 0.30789291875 0.39755752499999997 0.2846568265625 0.400111475 0.27510875625 0.404367059375 0.27995245 0.4143153953125 0.2869128390625 0.418746496875
4 0.33848336093750003 0.360785175 0.357636321875 0.358436790625 0.36727235937499997 0.3546800953125 0.3718576203125 0.34564118125 0.3660151359375 0.335868959375 0.3564102453125 0.33396175625 0.338959815625 0.3401251421875 0.33020345624999997 0.34887073125 0.332609728125 0.35667684843749997 0.33848336093750003 0.360785175
4 0.42554862499999996 0.3639516375 0.44135334375 0.3601360390625 0.44981465624999994 0.355557678125 0.45401689999999995 0.3501871046875 0.4517865625 0.34337876562499997 0.435925021875 0.341031578125 0.4142155265625 0.34640274843749996 0.406721859375 0.35646889375 0.41203653906250004 0.3632477796875 0.42554862499999996 0.3639516375
4 0.5272973359375001 0.567202815625 0.5349357921875 0.563798346875 0.537316390625 0.5597777796875001 0.5339424734375 0.546483878125 0.528156809375 0.5428744437499999 0.5120881890625 0.5451933734375001 0.5070630890625 0.551737840625 0.5130503609375 0.568171740625 0.5272973359375001 0.567202815625
4 0.47213276718749997 0.4704489109375 0.49002303437499994 0.46677997343750005 0.49804450781250004 0.45970716562499997 0.4972527984375 0.45521715937499996 0.49272982968749995 0.4529282796875 0.4823900515625 0.4526938578125 0.4658504453125 0.4581822390625 0.4617361671875 0.464051703125 0.4647893625 0.46968614999999997 0.47213276718749997 0.4704489109375
4 0.5269984984375 0.4895810296875 0.5286442109375 0.4872332453125 0.5279716156250001 0.47757823281249995 0.5229208390625 0.4722960140625 0.5076750750000001 0.4734410515625 0.5008283265625 0.481335525 0.50532015 0.4892883046875 0.523003334375 0.4902854859375 0.5269984984375 0.4895810296875
4 0.2786771296875 0.5472556015625 0.2935710234375 0.54411500625 0.29642260781249996 0.5369249890625001 0.292634525 0.5329633234375 0.287112765625 0.5308505578125 0.27421645156249996 0.533638925 0.27066112656249997 0.5368378265625 0.27324333749999996 0.5456417234375001 0.2786771296875 0.5472556015625
4 0.3651468234375 0.5762471062500001 0.3780431359375 0.5734587375 0.3923212578125 0.5668259156250001 0.3904739359375 0.5563492375 0.3809570125 0.5549409234375 0.35998240625 0.5586393125 0.3556042265625 0.5630121078125 0.358714240625 0.574809340625 0.3651468234375 0.5762471062500001
4 0.34338976718750003 0.639753921875 0.353377675 0.637992784375 0.3605762921875 0.63209386875 0.3601676 0.6239355234375 0.3524723234375 0.6211772046874999 0.34448199687500003 0.622586115625 0.330555746875 0.63121449375 0.3306125671875 0.6373772828125001 0.34338976718750003 0.639753921875
4 0.5697890875 0.6096072218749999 0.583772159375 0.6071416296875001 0.597698409375 0.59851325 0.5952921359375 0.5907071328125 0.5826029046875 0.58882938125 0.5657993968749999 0.5928210953125 0.56095023125 0.600363340625 0.5644432640625 0.608492234375 0.5697890875 0.6096072218749999
4 0.6442695046875 0.5589230781250001 0.6541694453125 0.5566630499999999 0.6694775046875 0.5441902171875 0.6687737625 0.5401991015625 0.6539110140625 0.5376757999999999 0.6459206875 0.5390847109375 0.635725696875 0.5455119671875 0.636486259375 0.5556658703124999 0.6442695046875 0.5589230781250001
4 0.7630010265625 0.5606211296875 0.781098375 0.5522860734374999 0.7853885875 0.547414390625 0.7842450078125001 0.5409288265625001 0.778371378125 0.5368204999999999 0.7658580828125 0.5359405296875 0.751228090625 0.54057779375 0.7475847984375 0.54327780625 0.7465548609375 0.54911781875 0.7518383937500001 0.5615606015625 0.7630010265625 0.5606211296875
4 0.674885621875 0.5339774109375 0.6897795171875 0.5308368140625 0.694892584375 0.5247912375 0.6928381828125 0.5189806796875 0.6871404859375 0.51587013125 0.679973015625 0.51610515 0.665958796875 0.5242346390625 0.66675050625 0.5287246453125001 0.674885621875 0.5339774109375
4 0.5074755671875 0.6416851984374999 0.5153779265625 0.6397773984375 0.535296921875 0.6300923359375 0.5377966359374999 0.6209067593750001 0.5320989390624999 0.6177962140625 0.51291483125 0.6258084937499999 0.49816572499999995 0.635610765625 0.497047821875 0.6409518875 0.5074755671875 0.6416851984374999
4 0.6000516499999999 0.6819455921875 0.608776865625 0.6788639015625 0.6112765765625 0.6696783265625 0.602582509375 0.6670961203125 0.594416246875 0.6675072515625 0.58104895 0.6734650703125 0.5802829140625 0.68080175 0.5848058843749999 0.68309063125 0.6000516499999999 0.6819455921875
4 0.52317043125 0.7073330390625 0.5444089421875 0.7051313171875 0.5532532703124999 0.6968846171874999 0.550846996875 0.6890785 0.534514471875 0.6899007625 0.5229688218749999 0.694508575 0.5182076234374999 0.702549709375 0.52317043125 0.7073330390625
4 0.439515703125 0.694305996875 0.4554083875 0.6909892875 0.46695403906250005 0.686381475 0.4674561703125 0.6775481265625001 0.45085974375 0.6768737203125 0.43505502500000004 0.6806893203125 0.42967805468750003 0.685238228125 0.43208432812500003 0.6930443453125 0.439515703125 0.694305996875
4 0.588874284375 0.6360772171875 0.60359224375 0.6319388421875 0.6072355359375 0.6292388296875 0.60682684375 0.6210804859375 0.5991315671875 0.618322165625 0.5843256390625 0.6219616515624999 0.5769510875 0.6268627859375 0.5788295546875 0.6316755671875 0.588874284375 0.6360772171875
4 0.23045821875 0.4081249484375 0.2424437078125 0.406011584375 0.2496423265625 0.40011266875 0.24823484375 0.3921304375 0.2343708859375 0.38943102343749997 0.22734820312499998 0.39632771718750004 0.22684607343750002 0.40516106562500004 0.23045821875 0.4081249484375
4 0.7757748578125 0.7615569609375 0.7899961578125 0.7487613515625 0.8142108374999999 0.7167140234375 0.8224705390624999 0.6993112 0.8038820015624999 0.6814984390625 0.790281946875 0.6802956921875001 0.7744772296875 0.684111290625 0.7641063046875 0.6895407687499999 0.7525295062499999 0.6998124781249999 0.7486791328125 0.707178609375 0.7514684234375 0.7113163874999999 0.7479130984375 0.7145152890625 0.7607673203124999 0.7523719843750001 0.76302880625 0.7535164234375 0.7666720984375 0.7508164109375 0.7711070999999999 0.7526064031249999 0.7757748578125 0.7615569609375
4 0.250428984375 0.7024414609375 0.25551090625 0.7020597828125 0.2591541984375 0.6993597703125001 0.25636490625 0.6952219921875 0.26109495781250003 0.6928447546875 0.25255115156249996 0.67943364375 0.242770325 0.6765286625 0.2296101078125 0.6778203625 0.22907683125 0.6923176093750001 0.2343603625 0.7047603921875 0.244053221875 0.707166484375 0.243318334375 0.708839265625 0.250428984375 0.7024414609375
4 0.613846159375 0.8127429828125001 0.6312965875 0.8065795984375 0.6423144328125 0.7989784484375 0.650134296875 0.779081178125 0.6392410359375 0.7640267359374999 0.6306349359375 0.7619434203125001 0.6207972875000001 0.7528756515625 0.6202438078125 0.7380556296874999 0.6034146234375 0.730220659375 0.590989296875 0.729839578125 0.563255909375 0.7419313296875 0.552093275 0.7428708015625001 0.5373753156250001 0.7470091765625 0.5303526328125 0.7539058703125 0.5295554515625 0.766906446875 0.5375714546875 0.777324221875 0.53680541875 0.7846609015625 0.5496705859375 0.7875364296875 0.5532515859375 0.7961642140625 0.5519577453125 0.80050755625 0.5455819828124999 0.8052325796875 0.5412349484375001 0.803941475 0.5374157203125 0.8056437109375001 0.537560509375 0.8123053859375 0.5615883109375 0.81424144375 0.5682847984375 0.817175875 0.5755402359375 0.817439746875 0.5800943515625 0.81406473125 0.5844413859375 0.8153558343749999 0.599687153125 0.8142107953125001 0.604122153125 0.8160007890625 0.60867626875 0.8126257718750001 0.613846159375 0.8127429828125001