3 0.685045309375 0.25648883906250003 0.6732509171875 0.25780837343749996 0.6448495015625 0.276617209375 0.644311365625 0.2830870921875 0.6526104140625 0.2884442296875 0.67678451875 0.29417564218750003 0.70346823125 0.29329931249999996 0.7100929328125 0.288877759375 0.7135882765625 0.2822010875 0.7057585015625001 0.269389303125 0.7039808625 0.2581334671875 0.685045309375 0.25648883906250003
3 0.4919202546875 0.1294734703125 0.48009143125 0.130300621875 0.47353559218749997 0.1357069359375 0.4738110375 0.139645984375 0.4916014546875 0.15324561875 0.520807528125 0.16010952812499998 0.542596996875 0.160070225 0.5523854859374999 0.1583961703125 0.5228006765625001 0.1461160703125 0.4919202546875 0.1294734703125
4 0.31593273593750004 0.27586745156250003 0.31311325156250003 0.27804376406250003 0.2999110328125 0.30172723281249997 0.29951061874999996 0.310166640625 0.303694575 0.313337590625 0.3188937703125 0.3182122234375 0.325828346875 0.3182221 0.3781411765625 0.31555360625 0.38789523593749997 0.3133871703125 0.394347784375 0.3065037109375 0.3955962125 0.29602585000000003 0.38926863125 0.2905308546875 0.3780468078125 0.28587288437499997 0.3714437828125 0.276438840625 0.367672996875 0.2791764625 0.36080728125 0.2801513484375 0.3575057671875 0.275434325 0.3436366125 0.27541457343750003 0.3397969640625 0.277167434375 0.3248043515625 0.27524708750000004 0.31593273593750004 0.27586745156250003
4 0.367518725 0.60277905625 0.3351271828125 0.6070232484375 0.313625915625 0.6253495796874999 0.3181541765625 0.633444340625 0.32730123906249997 0.636763025 0.327920990625 0.645625884375 0.33326283437500004 0.6511898109375001 0.3413553 0.6535926625 0.3512126515625 0.65290336875 0.3625938765625 0.6456752640625 0.374560421875 0.6468176359375 0.3847620796875 0.6510521546875 0.3917310890625 0.651554409375 0.40352548125 0.650234878125 0.41222494374999996 0.6471526078125 0.41537598124999997 0.6355521265624999 0.403499975 0.6215389171875 0.3992688359375 0.6035276046875 0.3909009234375 0.5971857046875 0.38332491874999997 0.60216856875 0.3780175046875 0.5970970234374999 0.367518725 0.60277905625
4 0.2873387875 0.5752349406249999 0.2735040640625 0.575707571875 0.2640598796875 0.5823054359375 0.2617912859375 0.592359846875 0.274812428125 0.5944180515624999 0.2864346671875 0.5906366125 0.2926117703125 0.57981410625 0.2873387875 0.5752349406249999
4 0.3457726109375 0.575107159375 0.334963953125 0.5763577640624999 0.3262300609375 0.5789476515625 0.321107553125 0.5906859921875001 0.33035790781249996 0.5954818203125 0.3480667109375 0.5937487124999999 0.353636815625 0.588411325 0.3520657609375 0.580109775 0.3457726109375 0.575107159375
4 0.4221333109375 0.7038552375 0.40547910312499996 0.706504178125 0.392905559375 0.7108469281249999 0.3882867578125 0.7156230031249999 0.388562203125 0.7195620515625001 0.4080486484375 0.729084778125 0.418926165625 0.7288189359375 0.42861136406250006 0.7256677375 0.433299025 0.7218764234374999 0.4367599390625 0.714707371875 0.434237578125 0.7069671328125 0.43110821875000005 0.704712015625 0.4221333109375 0.7038552375
4 0.34275803125 0.701983865625 0.33160506875 0.6983106593749999 0.3211751484375 0.7049774546875 0.320464859375 0.70898543125 0.32554401093749996 0.724958290625 0.3363998515625 0.7385480484375 0.34146624999999997 0.7401729265625 0.3546123609375 0.729852675 0.3586802703125 0.7171985015625 0.3535794421875 0.71508124375 0.34275803125 0.701983865625
4 0.7119113953125 0.4990357953125 0.7052522640625 0.50296496875 0.7048862812500001 0.51189675625 0.709139096875 0.51605246875 0.7248764296875 0.51445721875 0.733472603125 0.5098978046875 0.7367957921875 0.5007592296875 0.7316605328125 0.4981495890625 0.7119113953125 0.4990357953125
4 0.787258290625 0.4432985796875 0.778455534375 0.44490370625000003 0.7660885734375 0.45220074062500004 0.7637166890625 0.4607780078125 0.7690241015625 0.465849553125 0.7822173968749999 0.4703696625 0.793611375 0.4774895375 0.82032951875 0.477105590625 0.8205450265625001 0.45185629687500006 0.8146178624999999 0.4379218921875 0.8115917937500001 0.4371439171875 0.79996955625 0.4409253546875 0.7948342953124999 0.43831571562500005 0.787258290625 0.4432985796875
4 0.6179554078125 0.6144593515625 0.609118221875 0.6155720953125 0.596544678125 0.6199148453125 0.584384303125 0.630166165625 0.5827571390624999 0.6352278359375 0.590952896875 0.6391078296875 0.6206626765625 0.639009475 0.6283764046875 0.635996134375 0.630141290625 0.632903990625 0.6272746234375 0.620239940625 0.6179554078125 0.6144593515625
4 0.7121728234375 0.6019335625 0.6864748453125 0.6027409625 0.6769617984375 0.6083540671875001 0.6772028140625 0.611800734375 0.68968581875 0.6203288234375 0.712461021875 0.6202205921874999 0.7221462203125 0.6170693921875 0.7184659703125 0.606936178125 0.7121728234375 0.6019335625
4 0.6562996203125 0.652845525 0.6375017890625 0.65317041875 0.6277821593749999 0.6558292375 0.6224186390625001 0.6641209109374999 0.6270846234375 0.6741851953125 0.636197253125 0.6770115 0.6537339046875 0.672816484375 0.663109228125 0.66523385625 0.6615726015625001 0.6574246890625 0.6562996203125 0.652845525
4 0.5722583578125 0.64090986875 0.5565554546875 0.6429975 0.5478904234375 0.64657215 0.543271621875 0.6513482265625 0.5447393859375 0.6581726328124999 0.5598697203125 0.662062503125 0.5814526046874999 0.659068915625 0.5897389000000001 0.6500780734375 0.5852795000000001 0.6429680734375001 0.5722583578125 0.64090986875
4 0.49436612812499997 0.433597484375 0.48661796874999996 0.43611844218750007 0.483901778125 0.43977189843750003 0.48581714062500003 0.452997259375 0.49105569375 0.45708404218750004 0.5068618875 0.45647355312500004 0.5123975609375 0.4506437859375 0.5082697140625 0.43410961718749996 0.49436612812499997 0.433597484375
4 0.5379654734375 0.5329699812500001 0.5202566703125 0.534703090625 0.511763790625 0.5407396453125 0.5120736671875 0.5451710765625 0.516223190625 0.54784964375 0.5262182671875 0.5491298765625 0.5428036125 0.545496171875 0.54738798125 0.5402277140625 0.54500334375 0.534457 0.5379654734375 0.5329699812500001
4 0.486750596875 0.5088431078125 0.48491685 0.510950490625 0.484585296875 0.520374659375 0.4889414046875 0.526007515625 0.503830725 0.5264507187499999 0.5112690093750001 0.51949833125 0.50772648125 0.511334640625 0.4906935375 0.508567390625 0.486750596875 0.5088431078125
4 0.7332405125 0.478247559375 0.7184889140624999 0.47977387968749996 0.714993571875 0.48645055 0.718260653125 0.49067519375 0.7233959125 0.4932848328125 0.736176040625 0.4918963703125 0.739946828125 0.4891587484375 0.738341340625 0.48036481875000003 0.7332405125 0.478247559375
4 0.6524063953125 0.441348203125 0.6396262671875 0.442736665625 0.625115684375 0.447709653125 0.6258387265625001 0.45804965624999994 0.6349169265625 0.46038357812499997 0.6556173671875001 0.4589360625 0.6603050296874999 0.45514475 0.6584929578125001 0.44339653125 0.6524063953125 0.441348203125
4 0.6799559671875001 0.3820262609375 0.6700986140625 0.38271555468749996 0.6625226093750001 0.38769841718750003 0.6620877625 0.39564544375 0.66926335625 0.3991019890625 0.6771492359375 0.3985505546875 0.6915220984375 0.391608040625 0.692094665625 0.3856305375 0.6799559671875001 0.3820262609375
4 0.45751135937500004 0.3881801171875 0.44371106562499996 0.389145128125 0.4293382046875 0.396087640625 0.43087483125 0.40389680781250004 0.4429790984375 0.4070087046875 0.4596677359375 0.40485214531249997 0.46513454843749996 0.398037615625 0.4625777578125 0.3898049953125 0.45751135937500004 0.3881801171875
4 0.3801802421875 0.4297072109375 0.370357321875 0.4308888859375 0.354254003125 0.4414159234375 0.3545294484375 0.44535497187499995 0.3686740484375 0.449313771875 0.3765599296875 0.4487623375 0.3870931421875 0.44357268593750004 0.387390265625 0.43365613593749996 0.3801802421875 0.4297072109375
4 0.26530574218749997 0.4159693171875 0.24692107968750002 0.42220278437500003 0.2422678484375 0.4264864796875 0.242715446875 0.4328874328125 0.24798842968749998 0.43746659687499995 0.2600238359375 0.43959373125 0.27467214218749997 0.43659026718750005 0.278477359375 0.4343450265625 0.28007009374999997 0.42879097499999996 0.276217690625 0.4161958546875 0.26530574218749997 0.4159693171875
4 0.347973609375 0.45076128750000005 0.33322201093750003 0.452287609375 0.32765190624999996 0.457624996875 0.32905080937500003 0.4634646390625 0.33425492968750004 0.467059040625 0.3412239375 0.46756129843750005 0.355631228125 0.4611111671875 0.355321353125 0.4566797375 0.347973609375 0.45076128750000005
4 0.521158228125 0.363443159375 0.5133067765625 0.3644869734375 0.4930195046875 0.3718430640625 0.48966188437499997 0.3804892578125 0.4948660046875 0.384083659375 0.514270834375 0.37827364375 0.5295605703125 0.3702774390625 0.531187734375 0.365215771875 0.521158228125 0.363443159375
4 0.435554834375 0.3150023734375 0.42678650781250005 0.31709988125 0.4234288890625 0.3257460765625 0.431590215625 0.32913369062500003 0.43954495937500004 0.32956701875 0.4531042375 0.32515534062499996 0.4545936796875 0.318124146875 0.45044415468750004 0.3154455765625 0.435554834375 0.3150023734375
4 0.5126360125 0.2982321921875 0.4918322796875 0.29820256562499997 0.48242252656250006 0.3052928125 0.4839591515625 0.3131019796875 0.4998686375 0.3139686359375 0.5115253078124999 0.310679578125 0.5169576890625 0.30337266875 0.5126360125 0.2982321921875
4 0.5923683484375 0.3193753546875 0.5766310156250001 0.32097060625 0.5649743468749999 0.3242596609375 0.563588196875 0.3327679984375 0.579600975 0.3351117984375 0.5953038765625001 0.33302416562500003 0.600977275 0.329163921875 0.59944065 0.3213547546875 0.5923683484375 0.3193753546875
4 0.44171408906250004 0.3605870265625 0.427031353125 0.363098109375 0.42322613281250004 0.36534335156250003 0.42279128750000006 0.3732903765625 0.42996688125000004 0.3767469203125 0.4446840484375 0.37472821875 0.4523289140625 0.37073011718750004 0.4509988734375 0.36587523593750004 0.44171408906250004 0.3605870265625
4 0.7657940140624999 0.617975553125 0.75396519375 0.6188027046875 0.7463891859375 0.62378556875 0.7469400765625 0.631663665625 0.760098940625 0.6356913953125 0.7676060859375 0.62972376875 0.7689922359375 0.62121543125 0.7657940140624999 0.617975553125
4 0.27339181562500003 0.219962346875 0.258308665625 0.2309128390625 0.23158159843749998 0.25950036718749997 0.221805859375 0.275522403125 0.23800354375000002 0.29467608749999996 0.25105911718749996 0.29722667187499996 0.26676201875 0.29513904062499996 0.2773640921875 0.2909341515625 0.2896277609375 0.2821599734375 0.2941088375 0.27541437343749997 0.29182749218750004 0.2711208015625 0.29559827968749997 0.268383178125 0.286998278125 0.23039103125 0.28492351562499996 0.22905174687500002 0.281118296875 0.2312969875 0.277003203125 0.2291108015625 0.27339181562500003 0.219962346875
4 0.77641646875 0.33075010312500003 0.7714533609374999 0.33060236875000004 0.7676481421875 0.332847609375 0.7699294890624999 0.33714118125 0.7651041046875 0.3389629703125 0.7720170046875 0.3528284453125 0.7811984984375 0.35663951250000003 0.7940819171875 0.35672819218749996 0.7960750640625001 0.342734734375 0.7922226625000001 0.33013961406250003 0.7830756 0.3268209296875 0.78395804375 0.3252748578125 0.77641646875 0.33075010312500003
4 0.435508915625 0.1868553125 0.417972265625 0.191050328125 0.4065221796875 0.197293671875 0.39691859375 0.2157776125 0.40594068749999995 0.23147475156250003 0.41406758281249995 0.2343699859375 0.422676509375 0.24415855312499998 0.421703528125 0.25857546249999996 0.43721259999999995 0.26788152656249997 0.44921357500000003 0.269516278125 0.47731786875 0.26062399375 0.488229815625 0.260850534375 0.502912553125 0.25833945156250004 0.5104196984375 0.2523718234375 0.5125161375 0.23985550937500003 0.505809821875 0.22894432187499997 0.5072992625 0.2219131265625 0.49512613437499997 0.21781646875 0.49253491250000003 0.20909146875 0.49423093749999997 0.20501456093749998 0.50089006875 0.2010853875 0.5049707328124999 0.20277919375 0.5088448125 0.201518715625 0.50938295 0.19504883281250002 0.486297871875 0.190725634375 0.48010801406250003 0.1872001609375 0.4731045765625 0.18620552343750002 0.468348053125 0.189012075 0.464267390625 0.1873182671875 0.4493780703125 0.1868750640625 0.44526297656249997 0.1846888765625 0.4405064515625 0.187495428125 0.435508915625 0.1868553125