3 0.29541015625 0.724609375 0.3017578125 0.720703125 0.3056640625 0.7138671875 0.3046875 0.6875 0.29736328125 0.6640625 0.29150390625 0.65625 0.28515625 0.6572265625 0.2685546875 0.6865234375 0.26806640625 0.6982421875 0.27099609375 0.716796875 0.2822265625 0.7177734375 0.29541015625 0.724609375
3 0.1630859375 0.564453125 0.16162109375 0.54296875 0.15283203125 0.5146484375 0.13818359375 0.498046875 0.13427734375 0.498046875 0.12939453125 0.5048828125 0.12939453125 0.5166015625 0.14794921875 0.5458984375 0.162109375 0.57421875 0.1630859375 0.564453125
4 0.26318359375 0.3603515625 0.26416015625 0.3740234375 0.26904296875 0.376953125 0.2685546875 0.3837890625 0.26611328125 0.3876953125 0.27587890625 0.3935546875 0.28125 0.404296875 0.287109375 0.41015625 0.29736328125 0.408203125 0.3037109375 0.4013671875 0.30517578125 0.3916015625 0.30419921875 0.33984375 0.3037109375 0.3330078125 0.2978515625 0.318359375 0.29443359375 0.314453125 0.2861328125 0.3154296875 0.263671875 0.330078125 0.26171875 0.3330078125 0.26171875 0.341796875 0.2646484375 0.3564453125 0.26318359375 0.3603515625
4 0.583984375 0.384765625 0.5908203125 0.392578125 0.60888671875 0.3955078125 0.62353515625 0.40625 0.634765625 0.40234375 0.63720703125 0.3935546875 0.6376953125 0.3818359375 0.63671875 0.375 0.6318359375 0.365234375 0.6298828125 0.353515625 0.63623046875 0.341796875 0.63623046875 0.33203125 0.63330078125 0.32421875 0.62744140625 0.3193359375 0.61865234375 0.3193359375 0.61474609375 0.310546875 0.6064453125 0.306640625 0.58984375 0.3291015625 0.587890625 0.361328125 0.5830078125 0.3720703125 0.58837890625 0.376953125 0.583984375 0.384765625
4 0.5732421875 0.2705078125 0.5703125 0.2578125 0.560546875 0.2607421875 0.5546875 0.2705078125 0.55517578125 0.2841796875 0.56005859375 0.2890625 0.5703125 0.2822265625 0.5732421875 0.2705078125
4 0.57763671875 0.3427734375 0.578125 0.3251953125 0.57275390625 0.31640625 0.5615234375 0.322265625 0.5595703125 0.3310546875 0.55908203125 0.341796875 0.564453125 0.34765625 0.57275390625 0.3486328125 0.57763671875 0.3427734375
4 0.703125 0.421875 0.7099609375 0.41796875 0.71337890625 0.4130859375 0.7158203125 0.4033203125 0.71533203125 0.392578125 0.70458984375 0.3740234375 0.70068359375 0.3740234375 0.6962890625 0.37890625 0.69287109375 0.3916015625 0.69140625 0.408203125 0.69287109375 0.4169921875 0.6953125 0.419921875 0.703125 0.421875
4 0.71240234375 0.33984375 0.7216796875 0.326171875 0.7197265625 0.3212890625 0.70556640625 0.3115234375 0.689453125 0.3076171875 0.685546875 0.30859375 0.6796875 0.3193359375 0.68408203125 0.330078125 0.69775390625 0.33984375 0.7001953125 0.3447265625 0.71240234375 0.33984375
4 0.521484375 0.728515625 0.525390625 0.7197265625 0.52587890625 0.7041015625 0.521484375 0.7001953125 0.5126953125 0.701171875 0.50927734375 0.7080078125 0.509765625 0.7275390625 0.5126953125 0.732421875 0.521484375 0.728515625
4 0.455078125 0.810546875 0.4560546875 0.8134765625 0.47021484375 0.818359375 0.4951171875 0.81640625 0.49365234375 0.7900390625 0.48583984375 0.779296875 0.48046875 0.7666015625 0.47509765625 0.76171875 0.466796875 0.7646484375 0.46044921875 0.77734375 0.45947265625 0.7861328125 0.455078125 0.7939453125 0.4580078125 0.798828125 0.455078125 0.810546875
4 0.638671875 0.6162109375 0.64111328125 0.6083984375 0.63916015625 0.5791015625 0.634765625 0.5712890625 0.6298828125 0.5732421875 0.62060546875 0.5859375 0.6171875 0.5986328125 0.61669921875 0.607421875 0.623046875 0.6162109375 0.6357421875 0.6181640625 0.638671875 0.6162109375
4 0.62890625 0.7001953125 0.62744140625 0.677734375 0.6181640625 0.666015625 0.61474609375 0.666015625 0.60986328125 0.67578125 0.61083984375 0.701171875 0.6162109375 0.70703125 0.62646484375 0.7099609375 0.62890625 0.7001953125
4 0.6767578125 0.638671875 0.6796875 0.62109375 0.67626953125 0.6123046875 0.666015625 0.6083984375 0.658203125 0.6142578125 0.65625 0.6240234375 0.6572265625 0.642578125 0.662109375 0.6474609375 0.669921875 0.6484375 0.6767578125 0.638671875
4 0.658203125 0.568359375 0.65966796875 0.546875 0.65478515625 0.5322265625 0.64794921875 0.53125 0.6435546875 0.5361328125 0.640625 0.544921875 0.6396484375 0.560546875 0.642578125 0.5732421875 0.64990234375 0.5771484375 0.658203125 0.568359375
4 0.453125 0.5087890625 0.45263671875 0.4931640625 0.4482421875 0.48828125 0.43505859375 0.4873046875 0.431640625 0.490234375 0.4296875 0.498046875 0.43115234375 0.51171875 0.44775390625 0.5146484375 0.453125 0.5087890625
4 0.54345703125 0.5380859375 0.5458984375 0.521484375 0.5439453125 0.51171875 0.541015625 0.5078125 0.53662109375 0.5078125 0.53125 0.5166015625 0.53076171875 0.5341796875 0.53271484375 0.541015625 0.53857421875 0.54296875 0.54345703125 0.5380859375
4 0.515625 0.5087890625 0.52197265625 0.5009765625 0.5205078125 0.486328125 0.5146484375 0.482421875 0.50537109375 0.4833984375 0.50341796875 0.4853515625 0.50341796875 0.4892578125 0.50732421875 0.505859375 0.515625 0.5087890625
4 0.50390625 0.732421875 0.50439453125 0.7197265625 0.50146484375 0.71484375 0.4970703125 0.7119140625 0.49072265625 0.7158203125 0.490234375 0.73046875 0.49267578125 0.7353515625 0.50146484375 0.736328125 0.50390625 0.732421875
4 0.4658203125 0.6552734375 0.4658203125 0.634765625 0.462890625 0.6259765625 0.45263671875 0.6259765625 0.44873046875 0.640625 0.4482421875 0.6533203125 0.45068359375 0.6591796875 0.46240234375 0.66015625 0.4658203125 0.6552734375
4 0.40771484375 0.6806640625 0.40771484375 0.6728515625 0.40380859375 0.666015625 0.39599609375 0.6669921875 0.3916015625 0.6748046875 0.3916015625 0.6845703125 0.39599609375 0.6962890625 0.40185546875 0.6953125 0.40771484375 0.6806640625
4 0.39892578125 0.4658203125 0.39990234375 0.44921875 0.39599609375 0.4375 0.38818359375 0.4365234375 0.38232421875 0.451171875 0.38232421875 0.46484375 0.38427734375 0.4697265625 0.392578125 0.4716796875 0.39892578125 0.4658203125
4 0.4365234375 0.380859375 0.4365234375 0.373046875 0.431640625 0.359375 0.427734375 0.359375 0.41845703125 0.3759765625 0.41796875 0.3857421875 0.42236328125 0.392578125 0.43212890625 0.3916015625 0.4365234375 0.380859375
4 0.41552734375 0.28515625 0.41748046875 0.28125 0.41943359375 0.2666015625 0.41650390625 0.2548828125 0.41162109375 0.25 0.4052734375 0.25 0.4013671875 0.2548828125 0.396484375 0.2734375 0.3974609375 0.2841796875 0.41015625 0.287109375 0.41552734375 0.28515625
4 0.45263671875 0.3447265625 0.45166015625 0.337890625 0.44775390625 0.3330078125 0.44189453125 0.33203125 0.43701171875 0.337890625 0.4365234375 0.3525390625 0.44287109375 0.359375 0.447265625 0.359375 0.45263671875 0.3447265625
4 0.37646484375 0.521484375 0.380859375 0.501953125 0.376953125 0.4970703125 0.36865234375 0.5009765625 0.36279296875 0.521484375 0.3623046875 0.529296875 0.36474609375 0.5390625 0.36962890625 0.537109375 0.37646484375 0.521484375
4 0.31982421875 0.46484375 0.3232421875 0.451171875 0.322265625 0.443359375 0.318359375 0.435546875 0.31005859375 0.439453125 0.30859375 0.4482421875 0.31005859375 0.462890625 0.31298828125 0.466796875 0.31982421875 0.46484375
4 0.31201171875 0.51171875 0.31005859375 0.49609375 0.30224609375 0.4951171875 0.2958984375 0.5048828125 0.29736328125 0.525390625 0.302734375 0.529296875 0.3095703125 0.5234375 0.31201171875 0.51171875
4 0.33740234375 0.6044921875 0.33837890625 0.5888671875 0.3349609375 0.5732421875 0.32666015625 0.5751953125 0.32421875 0.5869140625 0.32373046875 0.6025390625 0.326171875 0.609375 0.333984375 0.6103515625 0.33740234375 0.6044921875
4 0.3681640625 0.453125 0.369140625 0.4384765625 0.365234375 0.431640625 0.357421875 0.4326171875 0.35546875 0.4365234375 0.35400390625 0.451171875 0.35986328125 0.4599609375 0.36474609375 0.4609375 0.3681640625 0.453125
4 0.6474609375 0.74609375 0.642578125 0.7333984375 0.634765625 0.7333984375 0.63037109375 0.7412109375 0.63037109375 0.7529296875 0.6337890625 0.755859375 0.64208984375 0.75390625 0.6474609375 0.74609375
4 0.21337890625 0.3056640625 0.21484375 0.3076171875 0.2529296875 0.3134765625 0.25537109375 0.3095703125 0.259765625 0.3115234375 0.26611328125 0.306640625 0.27392578125 0.2939453125 0.27734375 0.283203125 0.2783203125 0.267578125 0.27490234375 0.2548828125 0.2548828125 0.240234375 0.23974609375 0.2509765625 0.21337890625 0.279296875 0.20361328125 0.294921875 0.212890625 0.2978515625 0.21533203125 0.3017578125 0.21337890625 0.3056640625
4 0.34814453125 0.798828125 0.36083984375 0.8017578125 0.37451171875 0.798828125 0.37353515625 0.7861328125 0.369140625 0.77734375 0.35498046875 0.771484375 0.353515625 0.7763671875 0.34912109375 0.7744140625 0.34716796875 0.7783203125 0.34765625 0.783203125 0.3427734375 0.791015625 0.34423828125 0.7900390625 0.34814453125 0.798828125
4 0.18310546875 0.470703125 0.1845703125 0.4853515625 0.1865234375 0.4892578125 0.18408203125 0.494140625 0.185546875 0.5009765625 0.189453125 0.5068359375 0.1953125 0.529296875 0.20166015625 0.5283203125 0.20263671875 0.5244140625 0.20068359375 0.5205078125 0.2041015625 0.513671875 0.2080078125 0.51171875 0.216796875 0.513671875 0.2216796875 0.525390625 0.228515625 0.5234375 0.23974609375 0.529296875 0.251953125 0.5263671875 0.25732421875 0.5185546875 0.2587890625 0.50390625 0.2578125 0.4931640625 0.2646484375 0.46484375 0.26220703125 0.453125 0.251953125 0.4384765625 0.23779296875 0.4404296875 0.2275390625 0.4326171875 0.22412109375 0.4248046875 0.2080078125 0.4169921875 0.1904296875 0.427734375 0.18505859375 0.439453125 0.18212890625 0.45703125 0.18310546875 0.4619140625 0.1806640625 0.466796875 0.18310546875 0.470703125