4 0.5 0.3515625 0.50439453125 0.35546875 0.50439453125 0.361328125 0.51171875 0.3681640625 0.529296875 0.3623046875 0.53125 0.3583984375 0.52880859375 0.3427734375 0.51953125 0.3134765625 0.5068359375 0.28515625 0.501953125 0.279296875 0.49462890625 0.294921875 0.494140625 0.3056640625 0.48876953125 0.322265625 0.4892578125 0.333984375 0.4970703125 0.3466796875 0.49755859375 0.353515625 0.5 0.3515625
4 0.28173828125 0.259765625 0.283203125 0.2392578125 0.27001953125 0.23828125 0.24755859375 0.251953125 0.25 0.2744140625 0.2529296875 0.28125 0.2568359375 0.283203125 0.28173828125 0.259765625
4 0.181640625 0.3681640625 0.20556640625 0.369140625 0.21337890625 0.361328125 0.212890625 0.3330078125 0.20654296875 0.3212890625 0.19482421875 0.3115234375 0.18310546875 0.318359375 0.177734375 0.3251953125 0.18359375 0.341796875 0.18017578125 0.3564453125 0.181640625 0.3681640625
4 0.24365234375 0.6298828125 0.2451171875 0.625 0.244140625 0.6171875 0.23486328125 0.6044921875 0.232421875 0.595703125 0.22607421875 0.591796875 0.21630859375 0.603515625 0.2109375 0.615234375 0.20947265625 0.623046875 0.21923828125 0.6337890625 0.23779296875 0.6337890625 0.24365234375 0.6298828125
4 0.33837890625 0.716796875 0.33740234375 0.7314453125 0.34033203125 0.7353515625 0.34130859375 0.7431640625 0.37158203125 0.74609375 0.38232421875 0.7509765625 0.38232421875 0.7431640625 0.38427734375 0.740234375 0.3837890625 0.716796875 0.3759765625 0.67578125 0.361328125 0.662109375 0.34814453125 0.6572265625 0.34521484375 0.662109375 0.34326171875 0.6796875 0.337890625 0.6923828125 0.337890625 0.7001953125 0.33984375 0.701171875 0.34130859375 0.7119140625 0.33837890625 0.716796875
4 0.658203125 0.576171875 0.66552734375 0.58984375 0.681640625 0.58984375 0.689453125 0.5859375 0.6943359375 0.5791015625 0.6923828125 0.5751953125 0.69580078125 0.5615234375 0.69482421875 0.5478515625 0.6845703125 0.51953125 0.66455078125 0.5126953125 0.658203125 0.521484375 0.65966796875 0.525390625 0.6552734375 0.5419921875 0.65673828125 0.5517578125 0.654296875 0.556640625 0.65869140625 0.5712890625 0.658203125 0.576171875
4 0.6259765625 0.5205078125 0.626953125 0.505859375 0.625 0.4970703125 0.61669921875 0.4931640625 0.6103515625 0.4970703125 0.609375 0.5166015625 0.611328125 0.525390625 0.61962890625 0.5283203125 0.6259765625 0.5205078125
4 0.61865234375 0.6220703125 0.62451171875 0.607421875 0.63134765625 0.578125 0.6240234375 0.5712890625 0.61474609375 0.5732421875 0.6103515625 0.5791015625 0.599609375 0.5830078125 0.59521484375 0.5966796875 0.5947265625 0.6044921875 0.59814453125 0.6220703125 0.615234375 0.625 0.61865234375 0.6220703125
4 0.64306640625 0.7421875 0.65576171875 0.7353515625 0.6572265625 0.7001953125 0.65380859375 0.6865234375 0.646484375 0.6904296875 0.63427734375 0.70703125 0.63134765625 0.712890625 0.63134765625 0.7314453125 0.634765625 0.7412109375 0.64306640625 0.7421875
4 0.71728515625 0.32421875 0.73291015625 0.3466796875 0.740234375 0.3671875 0.74755859375 0.3759765625 0.76025390625 0.36328125 0.759765625 0.3525390625 0.75634765625 0.3447265625 0.7548828125 0.322265625 0.728515625 0.2939453125 0.70361328125 0.275390625 0.69287109375 0.2724609375 0.69091796875 0.2822265625 0.69287109375 0.2890625 0.71337890625 0.3134765625 0.71728515625 0.32421875
4 0.291015625 0.6357421875 0.2998046875 0.625 0.31005859375 0.603515625 0.31396484375 0.6005859375 0.31494140625 0.5947265625 0.314453125 0.591796875 0.29052734375 0.59375 0.28564453125 0.5986328125 0.28125 0.609375 0.2802734375 0.623046875 0.28515625 0.6279296875 0.2861328125 0.634765625 0.291015625 0.6357421875
4 0.365234375 0.482421875 0.34326171875 0.4794921875 0.33515701875000004 0.48425965781249997 0.33642578125 0.4873046875 0.33447265625 0.501953125 0.3408203125 0.517578125 0.34716796875 0.5146484375 0.353515625 0.5 0.365234375 0.482421875
4 0.443359375 0.775390625 0.4365234375 0.771484375 0.43359375 0.7548828125 0.427734375 0.748046875 0.41455078125 0.748046875 0.408203125 0.7509765625 0.40673828125 0.755859375 0.40478515625 0.7822265625 0.4091796875 0.7861328125 0.42578125 0.7880859375 0.443359375 0.775390625
4 0.259765625 0.7353515625 0.27490234375 0.7421875 0.275390625 0.734375 0.28271484375 0.7177734375 0.2822265625 0.701171875 0.2783203125 0.67578125 0.27099609375 0.673828125 0.25927734375 0.6826171875 0.25634765625 0.689453125 0.2548828125 0.697265625 0.255859375 0.712890625 0.26025390625 0.7197265625 0.259765625 0.7353515625