4 0.480330796875 0.29989123281249996 0.46840118124999996 0.2680745703125 0.45275763593749996 0.23753393906250003 0.44703217500000003 0.23134562500000003 0.439856940625 0.24902399375 0.43994000624999996 0.260914990625 0.43497583124999994 0.279558878125 0.4361926859375 0.292471853125 0.44554558593750004 0.30603983125 0.44647984999999996 0.3135606390625 0.4490599890625 0.311262628125 0.454133778125 0.315322303125 0.45447288906249994 0.32179290625 0.46294804218749996 0.3289185125 0.4819997984375 0.3214316765625 0.483928265625 0.317005028125 0.480330796875 0.29989123281249996
4 0.17686341249999998 0.24983015156250002 0.20297736406250003 0.22250808281249998 0.20340638437499997 0.199776290625 0.1888067171875 0.19946003125 0.1648207578125 0.2158566203125 0.16881385468750001 0.2405194515625 0.17244129375 0.24789911562500003 0.17686341249999998 0.24983015156250002
4 0.097564165625 0.29291629218750004 0.0920348078125 0.30077584218750003 0.09945923906250001 0.318770471875 0.09653656875 0.335144575 0.09883069375 0.34800109375 0.125280334375 0.3476963203125 0.13344635 0.33861719375 0.131268684375 0.307370846875 0.12358820625 0.2947966171875 0.11009577968749999 0.28468976874999996 0.097564165625 0.29291629218750004
4 0.15069470000000001 0.6058993593750001 0.145447934375 0.6191510796874999 0.1442841765625 0.627863234375 0.1556785796875 0.6391614296875 0.176146715625 0.638088740625 0.1823842625 0.6334362640625 0.1837175765625 0.6279594078125 0.1821881609375 0.619388396875 0.1712193546875 0.6059051046875 0.1680175140625 0.5963403453125 0.160789184375 0.592393584375 0.15069470000000001 0.6058993593750001
4 0.341912765625 0.7505176203125 0.34389775 0.7471694046875 0.342002675 0.7213152265625 0.33101074375 0.6764726734375001 0.31406043437500003 0.6622214625 0.29923469375 0.6575914671875001 0.296285475 0.663153009375 0.2951482640625 0.6826777296875 0.289958015625 0.69700788125 0.2904101625 0.70563535 0.2926212203125 0.70660086875 0.294858828125 0.718378953125 0.291909609375 0.72394049375 0.29168011250000003 0.7401734546875 0.295137996875 0.7443178171875 0.29666741406249997 0.7528888296875 0.330232346875 0.7543739515625 0.3423649109375 0.7591450890625 0.341912765625 0.7505176203125
4 0.6772041140625 0.5318061593750001 0.6753355875 0.516764546875 0.66238521875 0.48608277187500004 0.6399055484375 0.4796911125 0.6334119578124999 0.4897639890625 0.6352539375 0.4939930375 0.6313670328125001 0.5125804671874999 0.6335481203125 0.5232801171875 0.6311375359375 0.528813428125 0.636833028125 0.544735875 0.6365769828125 0.5501562718749999 0.6454477671875 0.5648309109375 0.663222725 0.563899365625 0.6716148140625 0.5591339734375 0.6766055375 0.5513026515624999 0.6742249250000001 0.54710183125 0.6772041140625 0.5318061593750001
4 0.5819290578125 0.4967876765625 0.5912554109375 0.4995430890625 0.5978055203125 0.49054864687500005 0.5980350171875 0.47431568593750006 0.5953718109375 0.464722696875 0.585988940625 0.46088885 0.57921275625 0.4655695578125 0.579265853125 0.4871946875 0.5819290578125 0.4967876765625
4 0.5723363953125 0.5610927484375 0.5682799359375 0.576444875 0.568193446875 0.5851005734375 0.572981221875 0.604314778125 0.5920030078125 0.6065620765624999 0.5956038984375 0.6031291750000001 0.6012197453125 0.586613925 0.6070650875 0.553865715625 0.5985899328125 0.5467401109375001 0.5884689015625 0.5494333218749999 0.5839602953125 0.5561579828125 0.5723363953125 0.5610927484375
4 0.6148646156249999 0.70268955625 0.6159384625000001 0.72317979375 0.6202740921875 0.7337665296875 0.62948740625 0.7343650765625 0.6430962921875001 0.7260820953125 0.6426775390625 0.6871738 0.6381158359375 0.6722733296875 0.63026238125 0.6770104921875 0.617757315625 0.6960495812499999 0.6148646156249999 0.70268955625
4 0.7314478046875 0.288893540625 0.7285319796875 0.26417425156249996 0.69780665 0.2344240265625 0.6692624109375 0.2153734484375 0.6572428828125 0.212759178125 0.655653525 0.22365642968750002 0.65820369375 0.23109255 0.6822393265625 0.2568677875 0.6871701109374999 0.26850472812500004 0.7057063546875 0.2924053828125 0.714972765625 0.31462905937499996 0.7235609578125 0.32391153125 0.736830734375 0.30915795 0.735670396875 0.2973234078125 0.7314478046875 0.288893540625
4 0.2320020578125 0.590824265625 0.2268982984375 0.596498721875 0.22267228437500003 0.60861555 0.2223862703125 0.623770078125 0.22805521406249998 0.6288799578125001 0.22952811093749997 0.6363725359375 0.2349709796875 0.637168684375 0.24404471249999998 0.624797796875 0.254112646875 0.6004794546875 0.258252171875 0.597018325 0.2589903328125 0.590491265625 0.25828214374999997 0.58728419375 0.2320020578125 0.590824265625
4 0.28990575 0.5001966171875 0.2960602328125 0.48365313906249996 0.307970146875 0.46356384687499996 0.283562009375 0.46159883593749995 0.27489743125 0.46733218125000003 0.2764732640625 0.47062150625 0.2751664984375 0.486910925 0.28307304843750003 0.5037988906249999 0.28990575 0.5001966171875
4 0.36957925937499997 0.7631258234375 0.3689507140625 0.7923564468750001 0.374024503125 0.7964161234375 0.3924511328125 0.7976132140625001 0.41110726093750005 0.7825773453125 0.4033402953125 0.7786588125 0.3991476734375 0.7604948125 0.392288425 0.7532845218750001 0.377745275 0.7540466953125 0.3709125734375 0.75764896875 0.36957925937499997 0.7631258234375
4 0.2150911546875 0.68038496875 0.2026725765625 0.6907683609374999 0.19983639375 0.69848676875 0.198672634375 0.707198921875 0.20065419843750001 0.7243974046874999 0.2058975421875 0.73169238125 0.20626319999999998 0.7489755484375 0.22335651875 0.75564949375 0.22344300625 0.746993796875 0.23056172187500001 0.7282369953125001 0.22906227499999998 0.7099318515624999 0.22328371875 0.6821184078125 0.2150911546875 0.68038496875