4 0.6518016546875 0.49355744843749993 0.6783737921874999 0.47658263125 0.7030703875000001 0.45647963750000004 0.7075808671875 0.45008430468749994 0.69015005 0.44697474687499994 0.679373903125 0.44934353125 0.6614939 0.44842903125 0.65000923125 0.45202501718750004 0.63950173125 0.4631392984375 0.63285636875 0.4654385953125 0.6354404375 0.467339571875 0.6327360109375 0.4727323015625 0.6269288421875 0.47428832656250003 0.62209884375 0.48336265312500004 0.6325740921875 0.499228134375 0.6369642140625 0.50012650625 0.6518016546875 0.49355744843749993
4 0.638615653125 0.20818840624999999 0.66845744375 0.2266447703125 0.6891715421875 0.2226504703125 0.68663834375 0.20932500156249997 0.6671235140625 0.1906949140625 0.6455110421875 0.1990793359375 0.639514025 0.203798284375 0.638615653125 0.20818840624999999
4 0.584192640625 0.1444510171875 0.5759912515625001 0.14094314218749998 0.56109363125 0.151159053125 0.5456680265625 0.15166160312500002 0.53444269375 0.1562254484375 0.5398286062500001 0.1801973953125 0.5496462015625 0.185865584375 0.5775845171875 0.1778608609375 0.5875131609375 0.1684577078125 0.5940797234375 0.154249990625 0.584192640625 0.1444510171875
4 0.31039455 0.253084925 0.2973538546875 0.2508737390625 0.2892219546875 0.25149664843749997 0.2811688546875 0.264027978125 0.28609627187500003 0.28241734687500003 0.29152374375 0.28718716718750004 0.29675205781249997 0.28734226875 0.3042356140625 0.28429970625 0.31435410468749997 0.27173363125 0.3224165140625 0.26697993750000004 0.324602265625 0.2596514859375 0.31039455 0.253084925
4 0.21607776093750003 0.45470668124999997 0.219500021875 0.45586439062500006 0.24259902968749997 0.44915635624999994 0.2811745125 0.43052127812499996 0.290834509375 0.412372628125 0.2921727578125 0.3980098078125 0.2865554359375 0.3964029109375 0.268615253125 0.39913526718750003 0.25460669375 0.39718341874999996 0.24686380312499998 0.39925812031249996 0.246414615625 0.40145318124999996 0.23615714531249998 0.4057576890625 0.230539825 0.40415079218749994 0.2157625640625 0.40707299687500004 0.21266913125000003 0.411013934375 0.2051855765625 0.41405649687499996 0.2103214609375 0.44483821875 0.2083348671875 0.456781384375 0.21607776093750003 0.45470668124999997
4 0.4793474171875 0.717153421875 0.492638140625 0.712554834375 0.5179830796875 0.69487149375 0.5194416875 0.6732149671875 0.5090452390625 0.6692579078125 0.5055627984375 0.67174705 0.4879421328125 0.6718004140625 0.47865252500000005 0.675845584375 0.473164871875 0.6747226171875 0.4598139671875 0.6829680609375 0.4548449921875 0.6837808203125 0.44323996406250005 0.6946705093750001 0.44751903593750003 0.7106402234375 0.4534651828125 0.717345765625 0.461536903125 0.720369709375 0.4648896734375 0.717396634375 0.4793474171875 0.717153421875
4 0.49272558125000004 0.623837903125 0.49202636718750004 0.6328427390625 0.50145495625 0.6370591375 0.516232215625 0.6341369328125 0.52442429375 0.6298671703125 0.526091371875 0.620602996875 0.520534228125 0.6153492484374999 0.500917659375 0.619568140625 0.49272558125000004 0.623837903125
4 0.4325096984375 0.627524490625 0.4177926171875 0.626799840625 0.40992005468750004 0.6283906125 0.3934062296875 0.63644620625 0.3950410546875 0.654161796875 0.398852321875 0.6567713000000001 0.4149262703125 0.658688403125 0.44577748125000005 0.6576833015625 0.45060747812499996 0.6486089765624999 0.446208046875 0.6399329671875 0.439233859375 0.6371336171875 0.4325096984375 0.627524490625
4 0.3122125875 0.6934719078125 0.29382321875 0.6983993234375 0.28505228437499996 0.7043802171875 0.2862887953125 0.712866378125 0.2964352140625 0.7236332140624999 0.3316672375 0.7157488484375001 0.34430961718750003 0.7087306046874999 0.3384931375 0.70250899375 0.3187977703125 0.694819465625 0.3122125875 0.6934719078125
4 0.7102916203125 0.7195878640625 0.7321634296874999 0.7121713046875 0.7532292953125 0.6785182484375001 0.765005553125 0.6489103625 0.765056421875 0.6374858734375 0.7548591328125 0.6381435265625 0.7486027765625 0.6418946140624999 0.7298523296874999 0.6687031484375 0.720243203125 0.6754273109375 0.702131790625 0.6968778640625 0.6837517328125 0.7095829171875 0.676986009375 0.7191759171875 0.6929396015625 0.728386728125 0.703456409375 0.72505008125 0.7102916203125 0.7195878640625
4 0.33978283125000003 0.324049025 0.3336468359375 0.3205064046875 0.3218333375 0.31900374375 0.30802393906250003 0.32166661093750004 0.304481321875 0.32780260625 0.297965628125 0.33058583124999996 0.29829445468750004 0.335684478125 0.3112749703125 0.341542515625 0.335290971875 0.3459996328125 0.33923190625 0.34909306562500003 0.3452984140625 0.3485049015625 0.3480723296875 0.3472429578125 0.33978283125000003 0.324049025
4 0.4332212046875 0.359178640625 0.44942482500000003 0.36157967343749997 0.46995838437500004 0.3685259328125 0.4670268703125 0.345971034375 0.46014957812499996 0.3392046046875 0.45746861406250006 0.3412707046875 0.442432015625 0.3432250484375 0.428631925 0.35366555312500003 0.4332212046875 0.359178640625
4 0.2099790046875 0.4822746109375 0.18332806562499998 0.48734100625 0.1806236390625 0.4927337328125 0.1830966578125 0.50970605625 0.2003469359375 0.5237561734375 0.20240302031250001 0.515943790625 0.218078653125 0.508631465625 0.22329765625000003 0.50100893125 0.21979659843750002 0.4879428015625 0.21520731718750002 0.4824297140625 0.2099790046875 0.4822746109375
4 0.2552314296875 0.32595748593749996 0.2434086234375 0.31667718749999996 0.2358555796875 0.31558896718749996 0.2277236796875 0.3162118765625 0.21249723281250002 0.3213291421875 0.20688922187499997 0.32749988281250003 0.19127376875 0.33116535625 0.1885184734375 0.3479825734375 0.196391034375 0.346391803125 0.2147897140625 0.349242021875 0.23111369062499998 0.3443493515625 0.255240740625 0.3337351234375 0.2552314296875 0.32595748593749996