4 0.14404296875 0.6240234375 0.14453125 0.6083984375 0.13671875 0.599609375 0.134765625 0.587890625 0.12744140625 0.5869140625 0.12158203125 0.5947265625 0.12109375 0.625 0.12451171875 0.6318359375 0.134765625 0.63671875 0.14404296875 0.6240234375
4 0.25927734375 0.669921875 0.263671875 0.66015625 0.263671875 0.6376953125 0.255859375 0.630859375 0.24951171875 0.630859375 0.2431640625 0.638671875 0.24462890625 0.642578125 0.2412109375 0.6533203125 0.24072265625 0.666015625 0.2421875 0.6689453125 0.2470703125 0.671875 0.25927734375 0.669921875
4 0.30712890625 0.689453125 0.31591796875 0.6767578125 0.3173828125 0.662109375 0.31396484375 0.6572265625 0.30517578125 0.6591796875 0.30029296875 0.6640625 0.296875 0.6728515625 0.29638671875 0.6806640625 0.298828125 0.6865234375 0.302734375 0.6904296875 0.30712890625 0.689453125
4 0.361328125 0.7900390625 0.36669921875 0.7822265625 0.369140625 0.7685546875 0.3671875 0.751953125 0.353515625 0.75 0.3466796875 0.755859375 0.345703125 0.7685546875 0.34765625 0.783203125 0.35791015625 0.7861328125 0.361328125 0.7900390625
4 0.42333984375 0.6279296875 0.43017578125 0.603515625 0.421875 0.57421875 0.41259765625 0.56640625 0.40771484375 0.56640625 0.40185546875 0.5732421875 0.39990234375 0.5830078125 0.40087890625 0.611328125 0.40234375 0.6162109375 0.412109375 0.62890625 0.42333984375 0.6279296875
4 0.44580078125 0.6708984375 0.447265625 0.662109375 0.4443359375 0.623046875 0.4404296875 0.6162109375 0.4375 0.6162109375 0.42724609375 0.6298828125 0.4267578125 0.6416015625 0.43310546875 0.666015625 0.44091796875 0.671875 0.44580078125 0.6708984375
4 0.46337890625 0.666015625 0.462890625 0.6689453125 0.47021484375 0.6728515625 0.47265625 0.6796875 0.47021484375 0.6982421875 0.470703125 0.7060546875 0.4736328125 0.7119140625 0.4853515625 0.72265625 0.50146484375 0.7158203125 0.50244140625 0.7021484375 0.498046875 0.6806640625 0.5078125 0.646484375 0.50537109375 0.6181640625 0.49853515625 0.6103515625 0.4951171875 0.6103515625 0.48974609375 0.6162109375 0.484375 0.6318359375 0.47900390625 0.634765625 0.47265625 0.6328125 0.46923828125 0.63671875 0.4658203125 0.6513671875 0.4609375 0.6572265625 0.46044921875 0.662109375 0.46337890625 0.666015625
4 0.5439453125 0.7548828125 0.54248046875 0.759765625 0.54248046875 0.779296875 0.5478515625 0.78515625 0.5556640625 0.787109375 0.56396484375 0.7783203125 0.5703125 0.7529296875 0.5703125 0.7431640625 0.564453125 0.72265625 0.556640625 0.716796875 0.55224609375 0.71875 0.541015625 0.740234375 0.54248046875 0.748046875 0.541015625 0.7470703125 0.5439453125 0.7548828125
4 0.6279296875 0.6689453125 0.63232421875 0.6611328125 0.63671875 0.64453125 0.63525390625 0.6337890625 0.6328125 0.630859375 0.62548828125 0.6328125 0.6220703125 0.640625 0.6162109375 0.666015625 0.61572265625 0.6748046875 0.61865234375 0.6826171875 0.62939453125 0.673828125 0.6279296875 0.6689453125
4 0.580078125 0.73046875 0.58740234375 0.7275390625 0.5888671875 0.70703125 0.587890625 0.6845703125 0.58154296875 0.67578125 0.57568359375 0.673828125 0.5712890625 0.6767578125 0.56787109375 0.685546875 0.56591796875 0.697265625 0.5673828125 0.7158203125 0.576171875 0.728515625 0.580078125 0.73046875
4 0.54931640625 0.6376953125 0.55078125 0.6240234375 0.54833984375 0.6181640625 0.541015625 0.615234375 0.5380859375 0.619140625 0.53759765625 0.6357421875 0.53955078125 0.642578125 0.54443359375 0.6435546875 0.54931640625 0.6376953125
4 0.51708984375 0.7021484375 0.5263671875 0.6982421875 0.52783203125 0.6767578125 0.525390625 0.6689453125 0.5166015625 0.671875 0.51220703125 0.6806640625 0.51123046875 0.6845703125 0.513671875 0.69140625 0.513671875 0.697265625 0.51708984375 0.7021484375
4 0.4033203125 0.689453125 0.40234375 0.6689453125 0.39892578125 0.6640625 0.39208984375 0.666015625 0.3857421875 0.6796875 0.384765625 0.6923828125 0.3896484375 0.69921875 0.39794921875 0.697265625 0.4033203125 0.689453125