4 0.7157050046875 0.8475936265625 0.7218128578125 0.8427278734374999 0.7245172906249999 0.8314505578125001 0.7098575 0.8248834078125 0.6941347312499999 0.82771574375 0.68700729375 0.8373849890624999 0.6757075296874999 0.8418253921875 0.6762860078124999 0.8493470546875 0.685339309375 0.8535384125000001 0.7157050046875 0.8475936265625
4 0.70705435625 0.7204931109375 0.7185180171875001 0.7216239234375 0.7313122 0.719414078125 0.7339298515625 0.7173287546875 0.7358219890625 0.7118301546875 0.731278475 0.7000548734375001 0.72058371875 0.6977413421875001 0.6981312281250001 0.702513765625 0.6929561796875 0.7117680187500001 0.6943035640625 0.7181069625000001 0.7034605109375 0.72278593125 0.70705435625 0.7204931109375
4 0.7262264015625 0.6618863390625 0.734139609375 0.6607139765625 0.73947855625 0.6570309421875 0.7425541765625 0.65230006875 0.7406451781250001 0.648119065625 0.7260890328125 0.642039525 0.71113516875 0.6436891421875 0.7069797062500001 0.6481399031249999 0.7107977062499999 0.65650190625 0.71671513125 0.6603405328124999 0.7262264015625 0.6618863390625
4 0.8115290421875001 0.5927905671875 0.825757390625 0.587727671875 0.826509434375 0.5768653515625 0.8296887 0.5726220875 0.8207390437500001 0.568918340625 0.8065540875 0.5693852390624999 0.7903733468749999 0.574863128125 0.7913230140625 0.588931228125 0.7986312140625 0.5945128015625001 0.8115290421875001 0.5927905671875
4 0.6145473671875 0.5780901218750001 0.6426497375 0.5710974953125 0.6472197796875 0.5685971796875 0.65783741875 0.5561475015624999 0.6544773921875 0.545139946875 0.6286214828125 0.5435008109374999 0.6010975890625 0.5580150984375 0.59525728125 0.5689396796875 0.5962937296875 0.5738157890625 0.6043708359375 0.5782146453125 0.6145473671875 0.5780901218750001
4 0.6674186109375 0.5388217156249999 0.69047610625 0.52729535625 0.694674959375 0.5182486 0.6926623140625 0.5135799875 0.6835656234374999 0.5139846265625 0.645139684375 0.525210159375 0.6391354765624999 0.5305635234375 0.6397573453125001 0.5334891890625 0.655600621875 0.5408240656250001 0.6674186109375 0.5388217156249999
4 0.7277547546875 0.4770713015625 0.7360054234375 0.46308617500000004 0.725751775 0.4484474890625 0.7118777515625 0.4503772203125 0.6913342609375001 0.45933064687499997 0.6550945296874999 0.4568408125 0.6273030937499999 0.46529627187499994 0.6209445609375 0.47378279843750004 0.621670075 0.477196075 0.6286673406250001 0.48131481562499995 0.6454265578125 0.48335858906249995 0.6494952390625001 0.48809982031250004 0.64889023125 0.49485375468750004 0.6535205265624999 0.4974370453125 0.6688889687499999 0.4977378734375 0.6757825890625 0.5013690015625001 0.680767209375 0.5008191296875 0.684050121875 0.49706347656250005 0.6870823515625 0.49692859843750004 0.6894324593750001 0.488784446875 0.6957476015624999 0.48489391406250004 0.7148135359375 0.4833895328125 0.7225194515625 0.4812419484375 0.7277547546875 0.4770713015625
4 0.7482332609375 0.37180946875 0.7384713078125 0.3738844359375 0.7192149484375 0.384093196875 0.71501609375 0.393139953125 0.7179012890625 0.3971134578125 0.7417614171875 0.4037635828125 0.74926004375 0.400640778125 0.7485947828125 0.40231110625 0.755782475 0.3977254671875 0.7609743875 0.3981508171875 0.780498290625 0.3940008828125 0.7852153671875 0.38739218124999997 0.7855094390625 0.37917541250000003 0.77496171875 0.37275349687500003 0.7482332609375 0.37180946875
4 0.62498445 0.34398482656249996 0.6516092640625 0.34444124375 0.660498665625 0.343061384375 0.667686359375 0.3384757453125 0.6566204140624999 0.329615775 0.6520503718749999 0.33211609062499997 0.6433080062500001 0.3293875640625 0.625779884375 0.3285265109375 0.6153526703125001 0.33227180624999997 0.6129423093749999 0.3353323515625 0.616449375 0.3422315234375 0.62498445 0.34398482656249996
4 0.67188274375 0.3870189890625 0.681394015625 0.3885647953125 0.6935229374999999 0.3880252796875 0.7117597124999999 0.3826200078125 0.7225846406249999 0.3711455546875 0.7237078718750001 0.3668296734375 0.7192246124999999 0.36013799999999996 0.6984135796875 0.363032596875 0.6761683781250001 0.36878024374999996 0.66873000625 0.3769866546875 0.6680213546875 0.3832529796875 0.67188274375 0.3870189890625
4 0.6444528296875001 0.42597608593749997 0.6443925765625 0.42089247968750004 0.63749895625 0.4172613515625 0.6235212890625 0.41870347187499996 0.6181823421875 0.42238650624999996 0.6168084312500001 0.43032316093749995 0.62133508125 0.432418840625 0.6380340437500001 0.42937900625000003 0.6444528296875001 0.42597608593749997
4 0.6924406296875001 0.44533516406249996 0.6987557718749999 0.4414446328125 0.7046129421875 0.440199653125 0.7087684046875 0.4357488921875 0.7028943703125 0.4273142703125 0.6811071421875 0.430416365625 0.673815803125 0.43451439374999995 0.6786099984375 0.44266890156249994 0.688328559375 0.44518992968750004 0.6924406296875001 0.44533516406249996
4 0.7328911390624999 0.56363784375 0.7291767859375 0.555763453125 0.7202271312499999 0.5520597046875 0.699934321875 0.5573923578125 0.6957788593750001 0.5618431171875 0.699182278125 0.568254678125 0.7141963953125 0.571688665625 0.7270942218750001 0.56996643125 0.7328911390624999 0.56363784375