4 0.380804965625 0.9029597828125 0.411985759375 0.9008209421875 0.41972267499999993 0.89435878125 0.41832030781249996 0.8868614171875 0.40613459374999994 0.885481146875 0.396652384375 0.8779025046875001 0.38057183437500003 0.8792499749999999 0.36798615625000003 0.8894993171875001 0.37357353125000003 0.8998056999999999 0.380804965625 0.9029597828125
4 0.33206142031249997 0.7818569531249999 0.345121921875 0.78066775625 0.35601078125 0.7765640281249999 0.3601166515625 0.7778630203125 0.3678271875 0.7708975171875 0.36748426093750003 0.764354078125 0.360015415625 0.7566699203125 0.33686170625 0.7578833546875 0.3270322875 0.762941009375 0.325678396875 0.7756300625 0.3289622359375 0.7805052015625 0.33206142031249997 0.7818569531249999
4 0.31395396875000003 0.7252673921875 0.3219810546875 0.7243419875 0.3308565484375 0.7203437734375 0.335626171875 0.71504656875 0.33716471718749996 0.7058809046875 0.33194665 0.70262130625 0.316925540625 0.7049227 0.304313484375 0.7146687015625 0.30354421249999997 0.7192515328125 0.3077819765625 0.7230672328125001 0.31395396875000003 0.7252673921875
4 0.22068822031250002 0.6791781218749999 0.23372234062500002 0.6774855859375 0.23939313125 0.67012225625 0.23664115468750002 0.6561342109375 0.21942202656249998 0.6550177296874999 0.2054603609375 0.6582730515625 0.197697065625 0.664231871875 0.20190845156249998 0.6675442296874999 0.20548245937499998 0.6779561265625 0.22068822031250002 0.6791781218749999
4 0.3797833546875 0.613806490625 0.40902991875000005 0.6132831921874999 0.41899123281249995 0.6107422453125 0.425721465625 0.6043328406249999 0.4254576765625 0.5992994265625 0.4169030109375 0.590158003125 0.386254078125 0.5831839375000001 0.361456309375 0.5915496703125 0.3610563421875 0.6031792828125 0.3746708015625 0.61256025625 0.3797833546875 0.613806490625
4 0.34717809375 0.588764890625 0.3592319109375 0.5876284546874999 0.3727715125 0.5763196703125 0.3726132390625 0.5732996203125 0.3653554265625 0.5696421953125 0.3249298328125 0.568732465625 0.315948821875 0.5707173125 0.3152059296875 0.5758034875 0.321668090625 0.583540403125 0.34717809375 0.588764890625
4 0.33500094375 0.5490251515625 0.34991653437500003 0.5447103906249999 0.35375861406250003 0.54097596875 0.351402321875 0.53453804375 0.3541322015625 0.5288430140625 0.369948959375 0.5224621296875 0.37569888906250004 0.5166088249999999 0.3755142359375 0.5130854328125001 0.367091465625 0.5064607171875 0.3377657625 0.5054739921875 0.30305943750000003 0.517387353125 0.2806750015625 0.51401795625 0.26663419843749997 0.5157632515625 0.260457925 0.5327428265624999 0.2721645328125 0.544242684375 0.27836290625000004 0.5469461859375 0.2864427484375 0.5470274625 0.3054378296875 0.543508353125 0.3126165046875 0.5456557546874999 0.3170389234375 0.55299484375 0.3200325921875 0.5523332296875 0.3242176 0.555142246875 0.329224634375 0.5543751140625 0.33500094375 0.5490251515625
4 0.239330421875 0.476311540625 0.26087073125 0.463574009375 0.26264668593749996 0.45893842031250004 0.256184525 0.45120150312499996 0.234727634375 0.446269325 0.224660803125 0.4467969046875 0.198829971875 0.454712053125 0.19021826718749998 0.46374368125 0.1926536984375 0.471691628125 0.198983965625 0.4769118359375 0.21911762656249997 0.475856675 0.22407190312499997 0.47408286093749996 0.232283640625 0.4766808453125 0.23119782187500001 0.47522357968750006 0.239330421875 0.476311540625
4 0.3027421953125 0.3957655046875 0.3117759625 0.394787340625 0.3376331734375 0.38737553281250003 0.3455019828125 0.3834300796875 0.3471196640625 0.375774440625 0.3439677203125 0.3734160078125 0.3328150703125 0.3724863203125 0.3159388703125 0.37791328125 0.30812281874999997 0.3828654171875 0.303010265625 0.3816191828125 0.2945304578125 0.39316751875 0.3027421953125 0.3957655046875
4 0.2822791453125 0.4483197703125 0.294253825 0.44567330937499994 0.30312931875000004 0.4416750953125 0.30591195625 0.43698674843749996 0.30358204375 0.43105216718749995 0.29417896875 0.42498354843749997 0.2709725015625 0.4251903 0.2499112953125 0.42780824375000004 0.24728693124999998 0.43551664062500006 0.2495113296875 0.43943785625 0.26307303125 0.44781214843750006 0.2822791453125 0.4483197703125
4 0.34723015625000003 0.47418982343750005 0.3643173875 0.47278959531250003 0.368185846875 0.4695585125 0.3647701125 0.46216666562500003 0.35859811875 0.4599665046875 0.34458369375000003 0.46221514218750004 0.3388073859375 0.46756510625000003 0.340077859375 0.47254576249999997 0.34723015625000003 0.47418982343750005
4 0.2983204734375 0.504008165625 0.302294446875 0.5027904484375 0.3111171828125 0.4977855546875 0.3136624109375 0.4885671328125 0.30547705 0.48647249062500003 0.28340916250000003 0.489143190625 0.27988363125000004 0.49891771093750004 0.2851016984375 0.5021773109375001 0.29114179687499997 0.5018607625 0.2983204734375 0.504008165625
4 0.29709917343750003 0.6347956781249999 0.31013329375 0.6331031390625 0.323883928125 0.6258210875 0.32552798906249997 0.618668790625 0.3203099203125 0.6154091890625 0.29911681875 0.6155104265625 0.291353525 0.621469246875 0.2897886015625 0.6301315671875 0.29709917343750003 0.6347956781249999