4 0.509765625 0.376953125 0.50927734375 0.3701171875 0.51318359375 0.361328125 0.513671875 0.3544921875 0.5107421875 0.3447265625 0.505859375 0.3369140625 0.4970703125 0.3388671875 0.49169921875 0.34375 0.49072265625 0.357421875 0.494140625 0.3603515625 0.5009765625 0.3759765625 0.509765625 0.376953125
4 0.400390625 0.544921875 0.40185546875 0.5205078125 0.404296875 0.517578125 0.39599609375 0.51171875 0.39111328125 0.5126953125 0.38818359375 0.515625 0.38427734375 0.533203125 0.3837890625 0.5400390625 0.38720703125 0.55078125 0.39697265625 0.55078125 0.400390625 0.544921875
4 0.36865234375 0.654296875 0.37255859375 0.63671875 0.369140625 0.630859375 0.35693359375 0.6298828125 0.3544921875 0.638671875 0.35107421875 0.642578125 0.35107421875 0.65234375 0.35693359375 0.6650390625 0.36083984375 0.6650390625 0.36865234375 0.654296875
4 0.55517578125 0.6904296875 0.5537109375 0.677734375 0.5458984375 0.6630859375 0.53759765625 0.6650390625 0.53466796875 0.6728515625 0.5341796875 0.6884765625 0.53759765625 0.697265625 0.548828125 0.7001953125 0.55517578125 0.6904296875
4 0.7109375 0.533203125 0.716796875 0.5 0.712890625 0.49609375 0.69921875 0.49609375 0.6923828125 0.5048828125 0.69140625 0.513671875 0.69287109375 0.533203125 0.705078125 0.546875 0.7109375 0.533203125
4 0.6806640625 0.6572265625 0.68115234375 0.64453125 0.66943359375 0.6318359375 0.66259765625 0.6328125 0.6591796875 0.6416015625 0.658203125 0.6533203125 0.662109375 0.6630859375 0.673828125 0.6708984375 0.6806640625 0.6572265625
4 0.830078125 0.611328125 0.83544921875 0.6064453125 0.8388671875 0.5986328125 0.837890625 0.5849609375 0.83251953125 0.5751953125 0.83203125 0.5595703125 0.82373046875 0.552734375 0.81787109375 0.5537109375 0.8115234375 0.5595703125 0.81103515625 0.5810546875 0.82080078125 0.5986328125 0.82275390625 0.611328125 0.830078125 0.611328125
4 0.74609375 0.5947265625 0.7431640625 0.58984375 0.7392578125 0.58984375 0.73486328125 0.595703125 0.734375 0.611328125 0.73876953125 0.6162109375 0.74365234375 0.6162109375 0.74609375 0.5947265625
4 0.638671875 0.7958984375 0.64306640625 0.7822265625 0.64306640625 0.7744140625 0.63525390625 0.765625 0.62939453125 0.765625 0.6240234375 0.7724609375 0.62353515625 0.7822265625 0.63037109375 0.802734375 0.634765625 0.8017578125 0.638671875 0.7958984375
4 0.73681640625 0.4150390625 0.73828125 0.408203125 0.7421875 0.4033203125 0.73583984375 0.380859375 0.72509765625 0.380859375 0.72216796875 0.3876953125 0.7216796875 0.392578125 0.72412109375 0.3994140625 0.732421875 0.4130859375 0.73681640625 0.4150390625
4 0.17919921875 0.419921875 0.17919921875 0.4033203125 0.17431640625 0.3974609375 0.16943359375 0.3984375 0.1669921875 0.4033203125 0.1669921875 0.419921875 0.17138671875 0.4296875 0.17529296875 0.4306640625 0.17919921875 0.419921875
4 0.63427734375 0.8759765625 0.658203125 0.861328125 0.64599609375 0.84765625 0.623046875 0.8388671875 0.60546875 0.849609375 0.60595703125 0.865234375 0.6005859375 0.8759765625 0.60302734375 0.87890625 0.63427734375 0.8759765625
4 0.34326171875 0.6708984375 0.34716796875 0.666015625 0.34716796875 0.6494140625 0.34326171875 0.6416015625 0.33251953125 0.6376953125 0.3291015625 0.6376953125 0.32666015625 0.6416015625 0.326171875 0.6513671875 0.3291015625 0.662109375 0.33740234375 0.6708984375 0.34326171875 0.6708984375
4 0.3154296875 0.634765625 0.3173828125 0.6171875 0.31396484375 0.60546875 0.3095703125 0.6025390625 0.30322265625 0.61328125 0.3017578125 0.6181640625 0.302734375 0.6337890625 0.30908203125 0.63671875 0.3154296875 0.634765625