4 0.6588758234375 0.4985993890625 0.65410895 0.49297325000000003 0.6402631453125001 0.491497075 0.6371675890625 0.49486331562499997 0.621061884375 0.50124956875 0.6197588234375 0.5101380796874999 0.626716346875 0.50988470625 0.635500990625 0.5141621468750001 0.6424238921875001 0.5149002328125001 0.652442353125 0.51227208125 0.6605471374999999 0.507591765625 0.6588758234375 0.4985993890625
4 0.4655743515625 0.377195975 0.4586514484375 0.3764578890625 0.44762421874999997 0.379547146875 0.44727799375000005 0.38946173906250003 0.45310557031250004 0.39313958125 0.47784011406250004 0.3954923328125 0.4807279359375 0.39807484843749996 0.4869709828125 0.38985518125 0.4861526359375 0.3848632625 0.4832821265625 0.3817850171875 0.4655743515625 0.377195975
4 0.3457935 0.3392624171875 0.332696796875 0.344761078125 0.33255830625 0.348726915625 0.3431873765625 0.3570394375 0.36089515156249996 0.3616284796875 0.3669650859375 0.35836610625 0.368389325 0.3460074890625 0.35955275000000003 0.3432172390625 0.355708090625 0.33960864375 0.3457935 0.3392624171875
4 0.29357347968749997 0.5270384796875 0.2902009421875 0.5383363921875 0.2998904875 0.5451271015625 0.31283138906249996 0.54409000625 0.3279802578125 0.5366776703125 0.32629163125 0.5281810234375001 0.3184638234375 0.524929665625 0.30261778906250003 0.5238799765625 0.29357347968749997 0.5270384796875
4 0.4546336359375 0.6904970687499999 0.4403204265625 0.7024055921875 0.45399311875 0.7088390625 0.4874949953125 0.7159649828125 0.491599321875 0.7121376359375 0.4920840375 0.6982572078125 0.4834032640625 0.6910053921875 0.47451475312499997 0.6897023296875 0.4546336359375 0.6904970687499999
4 0.323860178125 0.6546613109375 0.315513034375 0.6662818390624999 0.32915110625 0.67370676875 0.34202276249999997 0.6746525906249999 0.35532720156250003 0.663205175 0.3545781 0.6562303375 0.34577614687499997 0.6524486281249999 0.333913259375 0.6510416984375 0.323860178125 0.6546613109375
4 0.43016503593750005 0.82266014375 0.4293813125 0.8166767671875 0.423657603125 0.810024546875 0.4018628125 0.8087671234375 0.38367032343749996 0.818058509375 0.3707121078125 0.819591334375 0.3704524390625 0.827027278125 0.37521931249999996 0.8326534171875 0.38302980625 0.836400503125 0.3969448578125 0.835893759375 0.40704987187499997 0.830786959375 0.4229305296875 0.8308451890624999 0.43016503593750005 0.82266014375
4 0.3685592359375 0.7391100296875 0.39028478125 0.7423503734375 0.3953459453125 0.739549109375 0.395484434375 0.735583271875 0.3896914828125 0.7309139703125 0.3738454453125 0.72986428125 0.36873235000000004 0.7341527343750001 0.3685592359375 0.7391100296875
4 0.20426975 0.6112747265625 0.18320675 0.6174878671874999 0.184042409375 0.62198405625 0.189852671875 0.626157628125 0.2035773 0.6311039093749999 0.21150897343750003 0.6313808890625 0.2207090859375 0.62376081875 0.22091682031249998 0.6178120640625 0.21416703125 0.6121166812500001 0.20426975 0.6112747265625
4 0.596382390625 0.7247307562499999 0.58935561875 0.7269670453125 0.5751809 0.734909734375 0.5730421796875 0.7393020531250001 0.5799304609375 0.7410316 0.5847492671875 0.74517055 0.6077778734375 0.7395223843750001 0.6081587203125001 0.7286163328125 0.601322375 0.7253995984375 0.596382390625 0.7247307562499999
4 0.5782167312500001 0.16472786718750002 0.57708678125 0.1686590796875 0.5878543421875 0.173005765625 0.6047091484375 0.1735943484375 0.6108310140625 0.1688447875 0.61001266875 0.1638528703125 0.6051419296875 0.16120110781250002 0.5882871234375 0.1606125265625 0.5782167312500001 0.16472786718750002
4 0.1099033 0.584651675 0.1068423671875 0.5870264546875 0.10870882343749999 0.618857015625 0.12273245937499999 0.6436671015625001 0.13704567031249998 0.631758578125 0.14678243124999998 0.608770890625 0.1364995859375 0.590543778125 0.12061892656249999 0.590485546875 0.1099033 0.584651675
4 0.35756511406249997 0.3148567859375 0.3476678328125 0.31401483125 0.3366579140625 0.3166083609375 0.3274404921875 0.3247241609375 0.32723275625000003 0.33067291718749997 0.3320515625 0.334811865625 0.34890636875 0.3354004484375 0.35697653125 0.3317115921875 0.3613232140625 0.32094403125 0.36144439375 0.3174739234375 0.35756511406249997 0.3148567859375
4 0.3663450390625 0.2908430171875 0.36314561562500003 0.29718363281250004 0.3649034859375 0.3036973625 0.38268050625 0.3063034875 0.3946991953125 0.3032488515625 0.39782937343749997 0.2988911515625 0.38714836875 0.2920658203125 0.3822430078125 0.29040551875 0.3663450390625 0.2908430171875