4 0.64004733125 0.5207860546874999 0.6551826468749999 0.5199713312500001 0.660684940625 0.514133353125 0.663013878125 0.5044637875 0.65447001875 0.49892008906249996 0.6437290078125 0.495495865625 0.63616135 0.49590322656249997 0.6263683015625 0.500047940625 0.618819471875 0.49937671874999995 0.6197297796875 0.509102825 0.636873978125 0.5169544687500001 0.64004733125 0.5207860546874999
4 0.43607271562500005 0.6353666375 0.44364037187500005 0.6349592734375 0.4631511625 0.630984184375 0.466446890625 0.6278049718750001 0.46762077343749997 0.6224308984375 0.46130230625 0.6131498484375 0.45801599218750005 0.61578976875 0.43099402343750004 0.6169364671875 0.42444963593749996 0.6205984296875 0.42426136718749996 0.6313842734375 0.43607271562500005 0.6353666375
4 0.3112708671875 0.669331796875 0.322068359375 0.6695202671875 0.32645325000000003 0.6658206109375 0.33621805781249997 0.6632937734375 0.33537364375 0.649792621875 0.3289610421875 0.6459044953124999 0.3094502515625 0.6498795828125 0.297422396875 0.6583009421875 0.29734709062500003 0.662615278125 0.3112708671875 0.669331796875
4 0.2748501671875 0.46639988906249996 0.2921355671875 0.46616215 0.300830040625 0.4630771734375 0.303149565625 0.45394690000000004 0.28710394375 0.44503551874999997 0.27309544531249996 0.44317262968750004 0.26217557812500003 0.44999495781250004 0.2651983203125 0.46245522031249997 0.2748501671875 0.46639988906249996
4 0.4711563703125 0.2961214375 0.48089293906249997 0.2952124765625 0.4907424671875 0.2878320109375 0.49100604218750005 0.2727318296875 0.48676235468750007 0.268342103125 0.44993792343749994 0.2741728078125 0.434708475 0.2803804546875 0.44958962812500003 0.29412661875 0.4711563703125 0.2961214375
4 0.316112134375 0.3300981703125 0.3290879515625 0.3292457515625 0.3388715859375 0.3256403296875 0.3400831234375 0.3181090859375 0.32627230625000003 0.3049210625 0.3122261546875 0.3052153421875 0.2969778796875 0.31250157343749996 0.30538995 0.3255953625 0.316112134375 0.3300981703125
4 0.398959959375 0.162694403125 0.42272385156250003 0.1625697484375 0.42932472187500004 0.15567203125 0.4305174296875 0.1492193734375 0.42311921406249997 0.13991947656249998 0.40585264218750006 0.1390786296875 0.3951586984375 0.1329579453125 0.38006103593749996 0.131615503125 0.37135715 0.1352397703125 0.3658548578125 0.1410777484375 0.36571365624999996 0.1491671328125 0.3797127421875 0.1515693125 0.398959959375 0.162694403125
4 0.364009834375 0.2467790171875 0.381295234375 0.2465412765625 0.3878584484375 0.2418007296875 0.38793375625 0.23748639218749998 0.382591490625 0.23415640468749999 0.3587899421875 0.2364382296875 0.358695809375 0.2418311515625 0.364009834375 0.2467790171875
4 0.17291689999999998 0.3659001 0.1837238046875 0.365549278125 0.1913855953125 0.35974899374999997 0.19149855625 0.3532774875 0.18193142812500002 0.34447918906249997 0.173293434375 0.3443284125 0.1580922265625 0.3489181828125 0.151538425 0.3531194375 0.1503739546875 0.3579542203125 0.17291689999999998 0.3659001
4 0.6056288921874999 0.2650223609375 0.6110370515625 0.2645773046875 0.618651775 0.2614734796875 0.6188588703125 0.249609053125 0.5941470140625 0.24216477187500002 0.5886729609375 0.24638487343749998 0.5810864765625 0.24787082031250002 0.5831612546875 0.25276214375 0.598117715625 0.26219397187500004 0.6056288921874999 0.2650223609375
4 0.5647023171875001 0.8771305546875 0.583058053125 0.8774509546875 0.5885038640625 0.8748487296875 0.589677746875 0.8694746562500001 0.5832933875 0.8639686515625 0.5649376515625 0.86364825 0.5529851031249999 0.8677552703125 0.553989546875 0.8720884546875001 0.5647023171875001 0.8771305546875
4 0.0807993421875 0.3837126140625 0.09806591406250001 0.3845534609375 0.11028203750000001 0.365346259375 0.101006721875 0.3398299046875 0.0861255703125 0.3260837390625 0.069468078125 0.35222635 0.0656263734375 0.386684509375 0.0688185546875 0.389437509375 0.0807993421875 0.3837126140625
4 0.311870534375 0.6968545453125 0.3226774390625 0.6965037234375 0.32704350312499997 0.6938826515625001 0.32710939687499996 0.69010760625 0.32299749375000003 0.6781677890625 0.3144348078125 0.673702675 0.2960790734375 0.6733822734375 0.2906050203125 0.6776023765625 0.2904920609375 0.6840738828124999 0.300049775 0.693411475 0.311870534375 0.6968545453125
4 0.3481113359375 0.7244599546875 0.353538321875 0.7229363140625 0.3655379359375 0.7161328328125001 0.362383409375 0.7112226625 0.34949231406250003 0.7072214515625 0.330019175 0.709039371875 0.327737303125 0.716012478125 0.330854178125 0.7230798171874999 0.3481113359375 0.7244599546875